                   0   0.061803000000000
   0.020000000000000   0.035708400000000
   0.040000000000000   0.009711900000000
   0.060000000000000   0.041986800000000
   0.080000000000000   0.074359800000000
   0.100000000000000   0.106634700000000
   0.120000000000000   0.066904200000000
   0.140000000000000   0.027173700000000
   0.160000000000000  -0.012556800000000
   0.180000000000000   0.036100800000000
   0.200000000000000   0.084758400000000
   0.220000000000000   0.133416000000000
   0.240000000000000   0.071318700000000
   0.260000000000000   0.009221400000000
   0.280000000000000   0.041202000000000
   0.300000000000000   0.021680100000000
   0.320000000000000   0.002060100000000
   0.340000000000000   0.043556400000000
   0.360000000000000   0.085052700000000
   0.380000000000000   0.126549000000000
   0.400000000000000   0.168045300000000
   0.420000000000000  -0.033648300000000
   0.440000000000000  -0.235440000000000
   0.460000000000000  -0.097315200000000
   0.480000000000000   0.040809600000000
   0.500000000000000   0.051796800000000
   0.520000000000000   0.162159300000000
   0.540000000000000   0.272619900000000
   0.560000000000000   0.382982400000000
   0.580000000000000   0.240246900000000
   0.600000000000000   0.097609500000000
   0.620000000000000   0.094274100000000
   0.640000000000000   0.090840600000000
   0.660000000000000   0.087505200000000
   0.680000000000000  -0.047676600000000
   0.700000000000000  -0.182858400000000
   0.720000000000000  -0.318040200000000
   0.740000000000000  -0.330106500000000
   0.760000000000000  -0.561426300000000
   0.780000000000000  -0.444785400000000
   0.800000000000000  -0.328242600000000
   0.820000000000000  -0.314018100000000
   0.840000000000000  -0.299793600000000
   0.860000000000000  -0.285569100000000
   0.880000000000000  -0.271344600000000
   0.900000000000000  -0.403779600000000
   0.920000000000000  -0.536214600000000
   0.940000000000000  -0.668649600000000
   0.960000000000000  -0.801084600000000
   0.980000000000000  -0.671592600000000
   1.000000000000000  -0.542198700000000
   1.020000000000000  -0.412804800000000
   1.040000000000000  -0.417807900000000
   1.060000000000000  -0.422909100000000
   1.080000000000000  -0.238186800000000
   1.100000000000000  -0.053464500000000
   1.120000000000000   0.131257800000000
   1.140000000000000   0.315980100000000
   1.160000000000000   0.500702400000000
   1.180000000000000   0.685424700000000
   1.200000000000000   0.870147000000000
   1.220000000000000   0.443804400000000
   1.240000000000000   0.017559900000000
   1.260000000000000  -0.408782700000000
   1.280000000000000  -0.835125300000000
   1.300000000000000  -1.261369800000000
   1.320000000000000  -1.687712400000000
   1.340000000000000  -1.266274800000000
   1.360000000000000  -0.844935300000000
   1.380000000000000  -0.873286200000000
   1.400000000000000  -0.901735200000000
   1.420000000000000  -0.930184200000000
   1.440000000000000  -0.914684400000000
   1.460000000000000  -0.899184600000000
   1.480000000000000  -0.929791800000000
   1.500000000000000  -0.960300900000000
   1.520000000000000  -1.265686200000000
   1.540000000000000  -0.750661200000000
   1.560000000000000  -0.235538100000000
   1.580000000000000   0.279486900000000
   1.600000000000000   0.794511900000000
   1.620000000000000   1.309635000000000
   1.640000000000000   1.824660000000000
   1.660000000000000   2.339685000000000
   1.680000000000000   2.157513300000000
   1.700000000000000   1.975243500000000
   1.720000000000000   1.792973700000000
   1.740000000000000   1.610802000000000
   1.760000000000000   1.428532200000000
   1.780000000000000   1.583628300000000
   1.800000000000000   1.738822500000000
   1.820000000000000   1.296391500000000
   1.840000000000000   0.853960500000000
   1.860000000000000   0.411627600000000
   1.880000000000000  -0.030803400000000
   1.900000000000000  -0.473234400000000
   1.920000000000000  -0.915665400000000
   1.940000000000000  -1.357998300000000
   1.960000000000000  -1.800429300000000
   1.980000000000000  -2.242860300000000
   2.000000000000000  -2.685193200000001
   2.020000000000000  -3.127624200000000
   2.040000000000000  -2.454854400000000
   2.060000000000000  -1.782084600000000
   2.080000000000000  -1.109412900000000
   2.100000000000000  -0.436643100000000
   2.120000000000000   0.236126700000000
   2.140000000000000   0.908896500000000
   2.160000000000000   1.581666300000000
   2.180000000000000   2.254436100000000
   2.200000000000000   2.927205900000000
   2.220000000000000   2.275625700000000
   2.240000000000000   1.623947400000000
   2.260000000000000   0.972367200000000
   2.280000000000000   0.320787000000000
   2.300000000000000  -0.330793200000000
   2.320000000000000  -0.982373400000000
   2.340000000000000  -1.633953600000000
   2.360000000000000  -2.285631900000000
   2.380000000000000  -2.937212100000000
   2.400000000000000  -0.041300100000000
   2.420000000000000   2.854611900000001
   2.440000000000000   2.195478000000000
   2.460000000000000   1.536442200000000
   2.480000000000000   0.877308300000000
   2.500000000000000   0.218174400000000
   2.520000000000000  -0.440959500000000
   2.540000000000000   0.179915400000000
   2.560000000000000   0.800790300000000
   2.580000000000000   1.421567100000000
   2.600000000000000   2.042442000000000
   2.620000000000000   1.861251300000000
   2.640000000000000   1.679962500000000
   2.660000000000000   1.349757900000000
   2.680000000000000   1.019553300000000
   2.700000000000000   0.689348700000000
   2.720000000000000   0.359144100000000
   2.740000000000000   0.028939500000000
   2.760000000000000  -0.301265100000000
   2.780000000000000  -0.055034100000000
   2.800000000000000   0.191098800000000
   2.820000000000000   0.437329800000000
   2.840000000000000   0.634510800000000
   2.860000000000000   0.831691800000000
   2.880000000000000   1.028774700000000
   2.900000000000000   0.578299500000000
   2.920000000000000   0.127824300000000
   2.940000000000000  -0.322650900000000
   2.960000000000000  -0.773224200000000
   2.980000000000000  -0.348843600000000
   3.000000000000000   0.075635100000000
   3.020000000000000   0.500015700000000
   3.040000000000000   0.099375300000000
   3.060000000000000  -0.301265100000000
   3.080000000000000  -0.702003600000000
   3.100000000000000  -1.102644000000000
   3.120000000000000  -1.503284400000000
   3.140000000000000  -1.109903400000000
   3.160000000000000  -0.716522400000000
   3.180000000000000  -0.323141400000000
   3.200000000000000   0.070141500000000
   3.220000000000000  -0.622935000000000
   3.240000000000000  -1.316011500000000
   3.260000000000000  -2.009088000000000
   3.280000000000000  -1.224484200000000
   3.300000000000000  -0.439978500000000
   3.320000000000000   0.344625300000000
   3.340000000000000   1.129131000000000
   3.360000000000000   1.913734800000000
   3.380000000000000   1.206728100000000
   3.400000000000000   0.499721400000000
   3.420000000000000  -0.207285300000000
   3.440000000000000  -0.914292000000000
   3.460000000000000  -0.261240300000000
   3.480000000000000   0.391909500000000
   3.500000000000000   1.045059300000000
   3.520000000000000   1.698209100000000
   3.540000000000000   1.106862300000000
   3.560000000000000   0.515515500000000
   3.580000000000000  -0.075733200000000
   3.600000000000000   0.104378400000000
   3.620000000000000   0.284490000000000
   3.640000000000000   0.464699700000000
   3.660000000000000   0.644811300000000
   3.680000000000000   0.198260100000000
   3.700000000000000  -0.248193000000000
   3.720000000000000  -0.694646100000000
   3.740000000000000  -0.402896700000000
   3.760000000000000  -0.111147300000000
   3.780000000000000   0.028252800000000
   3.800000000000000   0.167652900000000
   3.820000000000000   0.307151100000000
   3.840000000000000  -0.223471800000000
   3.860000000000000  -0.753996600000000
   3.880000000000000  -1.284619500000000
   3.900000000000000  -1.815242400000000
   3.920000000000000  -1.407440700000000
   3.940000000000000  -0.999639000000000
   3.960000000000000  -0.591935400000000
   3.980000000000000  -0.184133700000000
   4.000000000000000   0.223668000000000
   4.020000000000000  -0.097707600000000
   4.040000000000000  -0.419083200000000
   4.060000000000000  -0.210620700000000
   4.080000000000000  -0.002060100000000
   4.100000000000000   0.206402400000000
   4.120000000000000  -0.143127900000000
   4.140000000000000  -0.492658200000000
   4.160000000000000  -0.842188500000000
   4.180000000000000  -1.191718800000000
   4.200000000000000  -1.541249100000000
   4.220000000000000  -1.890779400000000
   4.240000000000000  -2.240309700000000
   4.260000000000000  -1.780024500000000
   4.280000000000000  -1.319739300000000
   4.300000000000000  -0.859454100000000
   4.320000000000000  -0.399168900000000
   4.340000000000000   0.061116300000000
   4.360000000000000   0.521499600000000
   4.380000000000000   0.981784800000000
   4.400000000000000   1.442070000000000
   4.420000000000000   0.956867400000000
   4.440000000000000   0.471664800000000
   4.460000000000000  -0.013537800000000
   4.480000000000000   0.504332100000000
   4.500000000000000   1.022202000000000
   4.520000000000000   1.540071900000000
   4.540000000000000   2.058039900000000
   4.560000000000000   2.575909800000000
   4.580000000000000   1.667307600000000
   4.600000000000000   0.758705400000000
   4.620000000000000  -0.149798700000000
   4.640000000000000  -1.058400900000000
   4.660000000000000  -1.967003100000000
   4.680000000000000  -0.665706600000000
   4.700000000000000   0.635589900000000
   4.720000000000000   0.163925100000000
   4.740000000000000  -0.307739700000000
   4.760000000000000  -0.779404500000000
   4.780000000000000  -1.251069300000000
   4.800000000000000  -1.722734100000000
   4.820000000000000  -2.194398900000000
   4.840000000000000  -2.666063700000000
   4.860000000000000  -1.554983100000000
   4.880000000000000  -0.443902500000000
   4.900000000000000   0.667276200000000
   4.920000000000000   1.778356800000000
   4.940000000000000   1.418918400000000
   4.960000000000000   1.059480000000000
   4.980000000000000   0.700139700000000
   5.000000000000000   0.340701300000000
   5.020000000000000   0.948234600000000
   5.040000000000000   1.555866000000000
   5.060000000000000   2.163399300000000
   5.080000000000000   1.794837600000000
   5.100000000000000   1.426177800000000
   5.120000000000000   1.057518000000000
   5.140000000000000   0.688956300000000
   5.160000000000000   0.320296500000000
   5.180000000000000   0.652266900000000
   5.200000000000000   0.984237300000000
   5.220000000000000   1.316207700000000
   5.240000000000000   1.014059700000000
   5.260000000000000   0.711911700000000
   5.280000000000000   0.409763700000000
   5.300000000000000   0.107615700000000
   5.320000000000000  -0.194532300000000
   5.340000000000000   0.435367800000000
   5.360000000000000   1.065366000000000
   5.380000000000000   1.695266100000000
   5.400000000000000   1.021809600000000
   5.420000000000000   0.348353100000000
   5.440000000000000  -0.325201500000000
   5.460000000000000  -0.998658000000000
   5.480000000000000  -0.712402200000000
   5.500000000000000  -0.426146400000000
   5.520000000000000  -0.139890600000000
   5.540000000000000   0.146365200000000
   5.560000000000000  -0.198652500000000
   5.580000000000000  -0.543768300000000
   5.600000000000000  -0.888786000000000
   5.620000000000000  -1.233901800000000
   5.640000000000000  -1.578919500000000
   5.660000000000000  -1.924035300000000
   5.680000000000000  -1.450310400000000
   5.700000000000000  -0.976585500000000
   5.720000000000000  -0.502958700000000
   5.740000000000000  -0.029233800000000
   5.760000000000000  -0.191491200000000
   5.780000000000000  -0.353650500000000
   5.800000000000000  -0.515907900000000
   5.820000000000000  -0.410254200000000
   5.840000000000000  -0.304698600000000
   5.860000000000000  -0.284784300000000
   5.880000000000000  -0.264771900000000
   5.900000000000000   0.246721500000000
   5.920000000000000   0.173637000000000
   5.940000000000000   0.217095300000000
   5.960000000000000   0.260553600000000
   5.980000000000000   0.041103900000000
   6.000000000000000  -0.178443900000000
   6.020000000000000  -0.397991700000000
   6.040000000000000  -0.617441400000000
   6.060000000000000  -0.237107700000000
   6.080000000000000   0.143226000000000
   6.100000000000000   0.523559700000000
   6.120000000000000   0.238186800000000
   6.140000000000000  -0.047088000000000
   6.160000000000000  -0.332460900000000
   6.180000000000000  -0.054641700000000
   6.200000000000000   0.223079400000000
   6.220000000000000   0.066609900000000
   6.240000000000000  -0.089761500000000
   6.260000000000000  -0.246132900000000
   6.280000000000000  -0.402504300000000
   6.300000000000000  -0.558973800000000
   6.320000000000000  -0.179130600000000
   6.340000000000000   0.200712600000000
   6.360000000000000   0.044537400000000
   6.380000000000000  -0.111637800000000
   6.400000000000000  -0.021091500000000
   6.420000000000000   0.069454800000000
   6.440000000000000   0.048657600000000
   6.460000000000000   0.027958500000000
   6.480000000000000   0.007259400000000
   6.500000000000000  -0.052385400000000
   6.520000000000000  -0.111932100000000
   6.540000000000000   0.035414100000000
   6.560000000000000   0.182760300000000
   6.580000000000000   0.330106500000000
   6.600000000000000   0.477452700000000
   6.620000000000000   0.298224000000000
   6.640000000000000   0.118995300000000
   6.660000000000000  -0.060233400000000
   6.680000000000000  -0.239462100000000
   6.700000000000000   0.134887500000000
   6.720000000000000   0.107811900000000
   6.740000000000000   0.080736300000000
   6.760000000000000   0.053660700000000
   6.780000000000000   0.079657200000000
   6.800000000000000   0.105653700000000
   6.820000000000000  -0.067885200000000
   6.840000000000000  -0.241424100000000
   6.860000000000000  -0.414963000000000
   6.880000000000000  -0.588501900000000
   6.900000000000000  -0.762040800000000
   6.920000000000000  -0.935677800000000
   6.940000000000000  -0.609102900000000
   6.960000000000000  -0.282528000000000
   6.980000000000000   0.043948800000000
   7.000000000000000   0.370523700000000
   7.020000000000000   0.173931300000000
   7.040000000000000  -0.022661100000000
   7.060000000000000  -0.219253500000000
   7.080000000000000   0.175697100000000
   7.100000000000000   0.570549600000000
   7.120000000000000   0.366697800000000
   7.140000000000000   0.162846000000000
   7.160000000000000  -0.041005800000000
   7.180000000000000  -0.244857600000000
   7.200000000000000  -0.448709400000000
   7.220000000000000  -0.203165100000000
   7.240000000000000   0.042379200000000
   7.260000000000000   0.287923500000000
   7.280000000000000   0.149700600000000
   7.300000000000000   0.177168600000000
   7.320000000000000   0.204636600000000
   7.340000000000000   0.077793300000000
   7.360000000000000  -0.049148100000000
   7.380000000000000  -0.176089500000000
   7.400000000000000  -0.303030900000000
   7.420000000000000  -0.180602100000000
   7.440000000000000  -0.058173300000000
   7.460000000000000   0.064255500000000
   7.480000000000000  -0.247113900000000
   7.500000000000000  -0.558483300000000
   7.520000000000000  -0.396814500000000
   7.540000000000000  -0.235243800000000
   7.560000000000000  -0.073575000000000
   7.580000000000000   0.087995700000000
   7.600000000000000   0.037670400000000
   7.620000000000000  -0.012654900000000
   7.640000000000000  -0.062980200000000
   7.660000000000000  -0.113403600000000
   7.680000000000000  -0.256923900000000
   7.700000000000000  -0.400444200000000
   7.720000000000000  -0.543964500000000
   7.740000000000000  -0.428304600000000
   7.760000000000000  -0.312742800000000
   7.780000000000000  -0.683168400000000
   7.800000000000000  -0.552695400000000
   7.820000000000000  -0.422124300000000
   7.840000000000000  -0.291553200000000
   7.860000000000000  -0.161080200000000
   7.880000000000000  -0.030509100000000
   7.900000000000000   0.100062000000000
   7.920000000000000   0.230535000000000
   7.940000000000000   0.361106100000000
   7.960000000000000   0.491579100000000
   7.980000000000000   0.238971600000000
   8.000000000000000  -0.013635900000000
   8.020000000000000  -0.266243400000000
   8.039999999999999  -0.030312900000000
   8.060000000000001   0.205617600000000
   8.080000000000000   0.441548100000000
   8.100000000000000   0.677478600000000
   8.119999999999999   0.566331300000000
   8.140000000000001   0.455184000000000
   8.160000000000000   0.344036700000000
   8.180000000000000   0.329321700000000
   8.199999999999999   0.314606700000000
   8.220000000000001   0.299891700000000
   8.240000000000000   0.318825000000000
   8.260000000000000   0.337856400000000
   8.279999999999999   0.356789700000000
   8.300000000000001   0.132238800000000
   8.320000000000000  -0.092410200000000
   8.340000000000000  -0.316961100000000
   8.359999999999999  -0.294005700000000
   8.380000000000001  -0.303619500000000
   8.400000000000000  -0.313135200000000
   8.420000000000000  -0.253882800000000
   8.440000000000000  -0.194630400000000
   8.460000000000001  -0.135279900000000
   8.480000000000000  -0.076027500000000
   8.500000000000000  -0.142146900000000
   8.520000000000000  -0.208266300000000
   8.539999999999999   0.149406300000000
   8.560000000000001   0.507177000000000
   8.580000000000000   0.864849600000000
   8.600000000000000   1.222620300000000
   8.619999999999999   1.580292900000000
   8.640000000000001   1.274024700000000
   8.660000000000000   0.967658400000000
   8.680000000000000   0.661292100000000
   8.699999999999999   0.354925800000000
   8.720000000000001   0.048559500000000
   8.740000000000000   0.041202000000000
   8.760000000000000   0.033844500000000
   8.779999999999999   0.026388900000000
   8.800000000000001  -0.580948200000000
   8.820000000000000  -1.188187200000000
   8.840000000000000  -1.795524300000000
   8.859999999999999  -1.181418300000000
   8.880000000000001  -0.567214200000000
   8.900000000000000   0.046989900000000
   8.920000000000000   0.661194000000000
   8.940000000000000   1.275398100000000
   8.960000000000001   0.821391300000000
   8.980000000000000   0.367384500000000
   9.000000000000000   0.684639900000000
   9.020000000000000   1.001895300000000
   9.039999999999999  -0.345017700000000
   9.060000000000001  -1.691930700000000
   9.080000000000000  -1.350150300000000
   9.100000000000000  -1.008271800000000
   9.119999999999999  -0.666491400000000
   9.140000000000001  -0.324711000000000
   9.160000000000000  -0.357770700000000
   9.180000000000000  -0.390830400000000
   9.199999999999999  -0.050717700000000
   9.220000000000001   0.289395000000000
   9.240000000000000   0.629507700000000
   9.260000000000000   0.969522300000000
   9.279999999999999   1.309635000000000
   9.300000000000001   0.581144400000000
   9.320000000000000  -0.147444300000000
   9.340000000000000  -0.875934900000000
   9.359999999999999  -1.604425500000000
   9.380000000000001  -0.598017600000000
   9.400000000000000   0.408488400000000
   9.420000000000000   0.152153100000000
   9.440000000000000  -0.104084100000000
   9.460000000000001  -0.360419400000000
   9.480000000000000  -0.616754700000000
   9.500000000000000  -0.872991900000000
   9.520000000000000  -0.532683000000000
   9.539999999999999  -0.192374100000000
   9.560000000000001   0.147934800000000
   9.580000000000000   0.488243700000000
   9.600000000000000   0.828552600000000
   9.619999999999999   0.492756300000000
   9.640000000000001   0.156960000000000
   9.660000000000000  -0.178836300000000
   9.680000000000000  -0.514632600000000
   9.699999999999999  -0.850428900000000
   9.720000000000001  -0.664038900000000
   9.740000000000000  -0.477747000000000
   9.760000000000000  -0.291357000000000
   9.779999999999999  -0.105065100000000
   9.800000000000001   0.081324900000000
   9.820000000000000  -0.030803400000000
   9.840000000000000   0.290964600000000
   9.859999999999999   0.612732600000000
   9.880000000000001  -0.022955400000000
   9.900000000000000  -0.658643400000000
   9.920000000000000  -0.397403100000000
   9.940000000000000  -0.136162800000000
   9.960000000000001   0.124979400000000
   9.980000000000000   0.078970500000000
  10.000000000000000   0.296654400000000
  10.020000000000000   0.514338300000000
  10.039999999999999   0.230633100000000
  10.060000000000000  -0.053072100000000
  10.080000000000000  -0.336679200000000
  10.100000000000000  -0.620384400000000
  10.119999999999999  -0.903991500000000
  10.140000000000001  -1.187696700000000
  10.160000000000000  -0.828945000000000
  10.180000000000000  -0.470291400000000
  10.199999999999999  -0.111539700000000
  10.220000000000001   0.247212000000000
  10.240000000000000   0.605963700000000
  10.260000000000000   0.395146800000000
  10.279999999999999   0.184428000000000
  10.300000000000001   0.437133600000000
  10.320000000000000   0.689839200000000
  10.340000000000000   0.942544800000000
  10.359999999999999   1.195250400000000
  10.380000000000001   0.622935000000000
  10.400000000000000   0.050717700000000
  10.420000000000000  -0.521597700000000
  10.440000000000000  -0.306464400000000
  10.460000000000001  -0.091233000000000
  10.480000000000000   0.123900300000000
  10.500000000000000   0.339131700000000
  10.520000000000000   0.322062300000000
  10.539999999999999   0.304992900000000
  10.560000000000000   0.287923500000000
  10.580000000000000   0.442529100000000
  10.600000000000000   0.597134700000000
  10.619999999999999   0.751740300000000
  10.640000000000001   0.906345900000000
  10.660000000000000   0.563290200000000
  10.680000000000000   0.220234500000000
  10.699999999999999  -0.122821200000000
  10.720000000000001   0.066708000000000
  10.740000000000000   0.256139100000000
  10.760000000000000   0.445668300000000
  10.779999999999999   0.154115100000000
  10.800000000000001  -0.137536200000000
  10.820000000000000  -0.429089400000000
  10.840000000000000  -0.720740700000000
  10.859999999999999  -0.391419000000000
  10.880000000000001  -0.062097300000000
  10.900000000000000   0.267224400000000
  10.920000000000000   0.596448000000000
  10.940000000000000   0.359928900000000
  10.960000000000001   0.123409800000000
  10.980000000000000  -0.113109300000000
  11.000000000000000  -0.349628400000000
  11.020000000000000  -0.066413700000000
  11.039999999999999   0.216801000000000
  11.060000000000000   0.500113800000000
  11.080000000000000   0.783328500000000
  11.100000000000000   0.678361500000000
  11.119999999999999   0.573394500000000
  11.140000000000001   0.468427500000000
  11.160000000000000   0.363558600000000
  11.180000000000000   0.258591600000000
  11.199999999999999   0.571138200000000
  11.220000000000001   0.883782900000000
  11.240000000000000   1.196427600000000
  11.260000000000000   0.987768900000000
  11.279999999999999   0.779208300000000
  11.300000000000001   0.570549600000000
  11.320000000000000   0.361890900000000
  11.340000000000000   0.153330300000000
  11.359999999999999  -0.055328400000000
  11.380000000000001  -0.263889000000000
  11.400000000000000  -0.472547700000000
  11.420000000000000  -0.681206400000000
  11.440000000000000  -0.889767000000000
  11.460000000000001  -1.098425700000000
  11.480000000000000  -1.130210100000000
  11.500000000000000  -1.162092600000000
  11.520000000000000  -1.193877000000000
  11.539999999999999  -1.225661400000000
  11.560000000000000  -1.618650000000000
  11.580000000000000  -2.011540500000000
  11.600000000000000  -1.541445300000000
  11.619999999999999  -1.071350100000000
  11.640000000000001  -0.601254900000000
  11.660000000000000  -0.131159700000000
  11.680000000000000   0.338935500000000
  11.699999999999999   0.809030700000000
  11.720000000000001   0.743205600000000
  11.740000000000000   0.677478600000000
  11.760000000000000   0.611751600000000
  11.779999999999999   0.856903500000000
  11.800000000000001   1.102153500000000
  11.820000000000000   1.347305400000000
  11.840000000000000   1.194367500000000
  11.859999999999999   1.041429600000000
  11.880000000000001   0.888491700000000
  11.900000000000000   0.735553800000000
  11.920000000000000   0.785879100000000
  11.940000000000000   0.836204400000000
  11.960000000000001   0.886529700000000
  11.980000000000000   0.609004800000000
  12.000000000000000   0.331381800000000
  12.020000000000000   0.053856900000000
  12.039999999999999  -0.223766100000000
  12.060000000000000  -0.534056400000000
  12.080000000000000  -0.395343000000000
  12.100000000000000  -0.256531500000000
  12.119999999999999  -0.117818100000000
  12.140000000000001  -0.198946800000000
  12.160000000000000  -0.280075500000000
  12.180000000000000  -0.612438300000000
  12.199999999999999  -0.345704400000000
  12.220000000000001  -0.078970500000000
  12.240000000000000  -0.485398800000000
  12.260000000000000  -0.357378300000000
  12.279999999999999  -0.229259700000000
  12.300000000000001  -0.330400800000000
  12.320000000000000  -0.184329900000000
  12.340000000000000  -0.038160900000000
  12.359999999999999   0.107910000000000
  12.380000000000001   0.253980900000000
  12.400000000000000   0.141852600000000
  12.420000000000000   0.029724300000000
  12.440000000000000  -0.082404000000000
  12.460000000000001   0.045420300000000
  12.480000000000000   0.173244600000000
  12.500000000000000   0.301068900000000
  12.520000000000000   0.428893200000000
  12.539999999999999   0.212386500000000
  12.560000000000000  -0.004120200000000
  12.580000000000000  -0.220626900000000
  12.600000000000000  -0.437133600000000
  12.619999999999999  -0.356887800000000
  12.640000000000001  -0.276543900000000
  12.660000000000000  -0.196298100000000
  12.680000000000000  -0.115954200000000
  12.699999999999999  -0.239854500000000
  12.720000000000001  -0.363656700000000
  12.740000000000000  -0.487458900000000
  12.760000000000000  -0.577024200000000
  12.779999999999999  -0.666589500000000
  12.800000000000001  -0.756056700000000
  12.820000000000000  -0.845622000000000
  12.840000000000000  -0.935187300000000
  12.859999999999999  -0.615675600000000
  12.880000000000001  -0.296065800000000
  12.900000000000000   0.023445900000000
  12.920000000000000   0.342957600000000
  12.940000000000000   0.431541900000000
  12.960000000000001   0.520028100000000
  12.980000000000000   0.311565600000000
  13.000000000000000   0.103103100000000
  13.020000000000000  -0.105261300000000
  13.039999999999999  -0.313723800000000
  13.060000000000000  -0.522186300000000
  13.080000000000000   0.018246600000000
  13.100000000000000   0.558777600000000
  13.119999999999999   0.194728500000000
  13.140000000000001  -0.169320600000000
  13.160000000000000  -0.533467800000000
  13.180000000000000  -0.118112400000000
  13.199999999999999   0.297341100000000
  13.220000000000001   0.712696500000000
  13.240000000000000   1.128051900000000
  13.260000000000000   0.709949700000000
  13.279999999999999   0.291847500000000
  13.300000000000001  -0.126352800000000
  13.320000000000000   0.118897200000000
  13.340000000000000   0.364049100000000
  13.359999999999999   0.345017700000000
  13.380000000000001   0.325986300000000
  13.400000000000000   0.181779300000000
  13.420000000000000   0.037572300000000
  13.440000000000000   0.033550200000000
  13.460000000000001  -0.213956100000000
  13.480000000000000  -0.461462400000000
  13.500000000000000  -0.708968700000000
  13.520000000000000  -0.956475000000000
  13.539999999999999  -1.203981300000000
  13.560000000000000  -0.815897700000000
  13.580000000000000  -0.427912200000000
  13.600000000000000  -0.039926700000000
  13.619999999999999   0.348156900000000
  13.640000000000001   0.736142400000000
  13.660000000000000   1.124226000000000
  13.680000000000000   0.762138900000000
  13.699999999999999   0.400051800000000
  13.720000000000001   0.037964700000000
  13.740000000000000   0.027860400000000
  13.760000000000000   0.017854200000000
  13.779999999999999  -0.540825300000000
  13.800000000000001   0.464209200000000
  13.820000000000000   0.512376300000000
  13.840000000000000   0.560641500000000
  13.859999999999999   0.608808600000000
  13.880000000000001   0.657073800000000
  13.900000000000000   0.705240900000000
  13.920000000000000   0.265360500000000
  13.940000000000000  -0.174519900000000
  13.960000000000001  -0.614400300000000
  13.980000000000000  -1.054280700000000
  14.000000000000000  -1.494259200000000
  14.020000000000000  -1.235177100000000
  14.039999999999999  -0.976095000000000
  14.060000000000000  -0.717012900000000
  14.080000000000000  -0.457930800000000
  14.100000000000000  -0.198848700000000
  14.119999999999999   0.060233400000000
  14.140000000000001   0.319315500000000
  14.160000000000000   0.084267900000000
  14.180000000000000  -0.150779700000000
  14.199999999999999  -0.385729200000000
  14.220000000000001  -0.620776800000000
  14.240000000000000  -0.325888200000000
  14.260000000000000  -0.030901500000000
  14.279999999999999   0.263987100000000
  14.300000000000001   0.117327600000000
  14.320000000000000  -0.029430000000000
  14.340000000000000   0.032863500000000
  14.359999999999999   0.095157000000000
  14.380000000000001   0.157450500000000
  14.400000000000000   0.219645900000000
  14.420000000000000   0.413491500000000
  14.440000000000000   0.607337100000000
  14.460000000000001   0.801182700000000
  14.480000000000000   0.341093700000000
  14.500000000000000  -0.118897200000000
  14.520000000000000  -0.128412900000000
  14.539999999999999  -0.138026700000000
  14.560000000000000  -0.517379400000000
  14.580000000000000  -0.249566400000000
  14.600000000000000   0.018246600000000
  14.619999999999999   0.286059600000000
  14.640000000000001   0.553872600000000
  14.660000000000000   0.821685600000000
  14.680000000000000   0.172067400000000
  14.699999999999999  -0.477648900000000
  14.720000000000001  -0.203459400000000
  14.740000000000000   0.070828200000000
  14.760000000000000   0.345017700000000
  14.779999999999999  -0.051796800000000
  14.800000000000001  -0.448513200000000
  14.820000000000000  -0.845327700000000
  14.840000000000000  -0.682776000000000
  14.859999999999999  -0.520224300000000
  14.880000000000001  -0.357672600000000
  14.900000000000000  -0.195120900000000
  14.920000000000000  -0.032569200000000
  14.940000000000000   0.129982500000000
  14.960000000000001   0.292534200000000
  14.980000000000000   0.108008100000000
  15.000000000000000  -0.076616100000000
  15.020000000000000  -0.261142200000000
  15.039999999999999  -0.055230300000000
  15.060000000000000   0.150681600000000
  15.080000000000000   0.356593500000000
  15.100000000000000   0.562505400000000
  15.119999999999999   0.309897900000000
  15.140000000000001   0.057290400000000
  15.160000000000000  -0.195415200000000
  15.180000000000000  -0.019718100000000
  15.199999999999999   0.155880900000000
  15.220000000000001  -0.100454400000000
  15.240000000000000  -0.356691600000000
  15.260000000000000  -0.613026900000000
  15.279999999999999  -0.468918000000000
  15.300000000000001  -0.324809100000000
  15.320000000000000  -0.484712100000000
  15.340000000000000  -0.644517000000000
  15.359999999999999  -0.804420000000000
  15.380000000000001  -0.488538000000000
  15.400000000000000  -0.172656000000000
  15.420000000000000   0.143226000000000
  15.440000000000000   0.459108000000000
  15.460000000000001   0.774990000000000
  15.480000000000000   0.465975000000000
  15.500000000000000   0.156960000000000
  15.520000000000000  -0.152055000000000
  15.539999999999999  -0.010006200000000
  15.560000000000000   0.132140700000000
  15.580000000000000   0.274189500000000
  15.600000000000000   0.416336400000000
  15.619999999999999   0.558385200000000
  15.640000000000001   0.370916100000000
  15.660000000000000   0.183447000000000
  15.680000000000000  -0.004022100000000
  15.699999999999999  -0.191491200000000
  15.720000000000001  -0.041888700000000
  15.740000000000000   0.107713800000000
  15.760000000000000   0.257316300000000
  15.779999999999999   0.406918800000000
  15.800000000000001   0.178640100000000
  15.820000000000000  -0.049638600000000
  15.840000000000000  -0.085739400000000
  15.859999999999999  -0.365520600000000
  15.880000000000001  -0.645399900000000
  15.900000000000000  -0.255060000000000
  15.920000000000000   0.135378000000000
  15.940000000000000   0.525717900000000
  15.960000000000001   0.916057800000000
  15.980000000000000   0.577122300000000
  16.000000000000000   0.238284900000000
  16.020000000000000  -0.100650600000000
  16.039999999999999  -0.439488000000000
  16.059999999999999  -0.106242300000000
  16.079999999999998  -0.183348900000000
  16.100000000000001  -0.260455500000000
  16.120000000000001  -0.337562100000000
  16.140000000000001  -0.245544300000000
  16.160000000000000  -0.153428400000000
  16.180000000000000  -0.061410600000000
  16.199999999999999  -0.098982900000000
  16.219999999999999  -0.136555200000000
  16.239999999999998   0.146169000000000
  16.260000000000002   0.428893200000000
  16.280000000000001   0.339720300000000
  16.300000000000001   0.205813800000000
  16.320000000000000   0.071907300000000
  16.340000000000000  -0.061999200000000
  16.359999999999999  -0.195905700000000
  16.379999999999999   0.075242700000000
  16.399999999999999   0.346489200000000
  16.420000000000002   0.334422900000000
  16.440000000000001   0.322454700000000
  16.460000000000001   0.310388400000000
  16.480000000000000   0.235734300000000
  16.500000000000000   0.161080200000000
  16.520000000000000   0.096334200000000
  16.539999999999999   0.031588200000000
  16.559999999999999  -0.033255900000000
  16.579999999999998   0.216016200000000
  16.600000000000001  -0.190412100000000
  16.620000000000001  -0.596938500000000
  16.640000000000001  -1.003366800000000
  16.660000000000000  -0.769790700000000
  16.680000000000000  -0.536214600000000
  16.699999999999999  -0.302540400000000
  16.719999999999999  -0.068964300000000
  16.739999999999998   0.164611800000000
  16.760000000000002   0.190902600000000
  16.780000000000001   0.217193400000000
  16.800000000000001   0.243582300000000
  16.820000000000000   0.177462900000000
  16.840000000000000  -0.019816200000000
  16.859999999999999  -0.217095300000000
  16.879999999999999  -0.027271800000000
  16.899999999999999   0.162453600000000
  16.920000000000002   0.352179000000000
  16.940000000000001   0.542002500000000
  16.960000000000001   0.731727900000000
  16.980000000000000   0.608514300000000
  17.000000000000000   0.485398800000000
  17.020000000000000   0.362185200000000
  17.039999999999999  -0.014224500000000
  17.059999999999999   0.451161900000000
  17.079999999999998   0.400149900000000
  17.100000000000001   0.349039800000000
  17.120000000000001   0.297929700000000
  17.140000000000001   0.355710600000000
  17.160000000000000   0.413491500000000
  17.180000000000000   0.471174300000000
  17.199999999999999   0.528955200000000
  17.219999999999999   0.485300700000000
  17.239999999999998   0.441646200000000
  17.260000000000002   0.397893600000000
  17.280000000000001   0.354239100000000
  17.300000000000001   0.310584600000000
  17.320000000000000   0.060233400000000
  17.340000000000000  -0.190019700000000
  17.359999999999999  -0.440370900000000
  17.379999999999999  -0.690624000000000
  17.399999999999999  -0.940975200000000
  17.420000000000002  -0.759784500000000
  17.440000000000001  -0.578691900000000
  17.460000000000001  -0.397501200000000
  17.480000000000000  -0.216408600000000
  17.500000000000000  -0.035217900000000
  17.520000000000000   0.145874700000000
  17.539999999999999   0.098590500000000
  17.559999999999999   0.051306300000000
  17.579999999999998   0.004022100000000
  17.600000000000001  -0.043262100000000
  17.620000000000001  -0.090546300000000
  17.640000000000001  -0.116640900000000
  17.660000000000000  -0.149406300000000
  17.680000000000000  -0.182073600000000
  17.699999999999999  -0.214839000000000
  17.719999999999999  -0.096432300000000
  17.739999999999998   0.021974400000000
  17.760000000000002   0.140381100000000
  17.780000000000001   0.032863500000000
  17.800000000000001  -0.074556000000000
  17.820000000000000  -0.182073600000000
  17.840000000000000  -0.072299700000000
  17.859999999999999   0.037572300000000
  17.879999999999999   0.147346200000000
  17.899999999999999   0.257218200000000
  17.920000000000002   0.099669600000000
  17.940000000000001  -0.057879000000000
  17.960000000000001  -0.215427600000000
  17.980000000000000  -0.011870100000000
  18.000000000000000   0.191589300000000
  18.020000000000000   0.395048700000000
  18.039999999999999   0.277230600000000
  18.059999999999999   0.159412500000000
  18.079999999999998   0.041594400000000
  18.100000000000001   0.019227600000000
  18.120000000000001  -0.003041100000000
  18.140000000000001  -0.025309800000000
  18.160000000000000  -0.047676600000000
  18.180000000000000  -0.069945300000000
  18.199999999999999  -0.092312100000000
  18.219999999999999  -0.114580800000000
  18.239999999999998  -0.136947600000000
  18.260000000000002  -0.171675000000000
  18.280000000000001  -0.206402400000000
  18.300000000000001  -0.241129800000000
  18.320000000000000  -0.275955300000000
  18.340000000000000  -0.310682700000000
  18.359999999999999  -0.345410100000000
  18.379999999999999  -0.412510500000000
  18.399999999999999  -0.479610900000000
  18.420000000000002  -0.349137900000000
  18.440000000000001  -0.218664900000000
  18.460000000000001  -0.088191900000000
  18.480000000000000   0.042281100000000
  18.500000000000000   0.172852200000000
  18.520000000000000   0.070043400000000
  18.539999999999999  -0.032765400000000
  18.559999999999999  -0.135672300000000
  18.579999999999998   0.128903400000000
  18.600000000000001   0.393479100000000
  18.620000000000001   0.658054800000000
  18.640000000000001   0.472842000000000
  18.660000000000000   0.287629200000000
  18.680000000000000   0.102318300000000
  18.699999999999999  -0.082894500000000
  18.719999999999999  -0.268107300000000
  18.739999999999998  -0.453320100000000
  18.760000000000002  -0.309505500000000
  18.780000000000001  -0.165592800000000
  18.800000000000001  -0.021778200000000
  18.820000000000000   0.122036400000000
  18.840000000000000   0.263202300000000
  18.859999999999999   0.404270100000000
  18.879999999999999   0.545337900000000
  18.899999999999999   0.319119300000000
  18.920000000000002   0.092802600000000
  18.940000000000001  -0.133416000000000
  18.960000000000001  -0.140479200000000
  18.980000000000000  -0.147542400000000
  19.000000000000000  -0.154605600000000
  19.020000000000000  -0.412902900000000
  19.039999999999999  -0.263398500000000
  19.059999999999999  -0.113894100000000
  19.079999999999998   0.035610300000000
  19.100000000000001   0.185114700000000
  19.120000000000001   0.334619100000000
  19.140000000000001   0.305581500000000
  19.160000000000000   0.276543900000000
  19.180000000000000   0.286157700000000
  19.199999999999999   0.295771500000000
  19.219999999999999   0.305385300000000
  19.239999999999998   0.038062800000000
  19.260000000000002  -0.229259700000000
  19.280000000000001  -0.496582200000000
  19.300000000000001  -0.374742000000000
  19.320000000000000  -0.252999900000000
  19.340000000000000  -0.131159700000000
  19.359999999999999  -0.009319500000000
  19.379999999999999   0.112422600000000
  19.399999999999999   0.234262800000000
  19.420000000000002   0.356004900000000
  19.440000000000001   0.102710700000000
  19.460000000000001  -0.150583500000000
  19.480000000000000  -0.403877700000000
  19.500000000000000  -0.657171900000000
  19.520000000000000  -0.510806700000000
  19.539999999999999  -0.364441500000000
  19.559999999999999  -0.217978200000000
  19.579999999999998  -0.071613000000000
  19.600000000000001   0.074752200000000
  19.620000000000001   0.221117400000000
  19.640000000000001   0.367580700000000
  19.660000000000000   0.392498100000000
  19.680000000000000   0.417513600000000
  19.699999999999999   0.442136700000000
  19.719999999999999   0.466857900000000
  19.739999999999998   0.491481000000000
  19.760000000000002   0.445864500000000
  19.780000000000001   0.400248000000000
  19.800000000000001   0.282135600000000
  19.820000000000000   0.163925100000000
  19.840000000000000   0.045812700000000
  19.859999999999999  -0.072397800000000
  19.879999999999999  -0.011379600000000
  19.899999999999999   0.049638600000000
  19.920000000000002   0.110656800000000
  19.940000000000001   0.171675000000000
  19.960000000000001  -0.020699100000000
  19.980000000000000  -0.213171300000000
  20.000000000000000  -0.405643500000000
  20.020000000000000  -0.598017600000000
  20.039999999999999  -0.790489800000000
  20.059999999999999  -0.686209500000000
  20.079999999999998  -0.581831100000000
  20.100000000000001  -0.477550800000000
  20.120000000000001  -0.373270500000000
  20.140000000000001  -0.250841700000000
  20.160000000000000  -0.128511000000000
  20.180000000000000  -0.006180300000000
  20.199999999999999   0.116248500000000
  20.219999999999999   0.238579200000000
  20.239999999999998   0.361008000000000
  20.260000000000002   0.483338700000000
  20.280000000000001   0.291749400000000
  20.300000000000001   0.100160100000000
  20.320000000000000  -0.091429200000000
  20.340000000000000  -0.282920400000000
  20.359999999999999  -0.474509700000000
  20.379999999999999  -0.666099000000000
  20.399999999999999  -0.476962200000000
  20.420000000000002  -0.287825400000000
  20.440000000000001  -0.098688600000000
  20.460000000000001   0.090448200000000
  20.480000000000000   0.279683100000000
  20.500000000000000   0.468819900000000
  20.520000000000000   0.240933600000000
  20.539999999999999   0.013047300000000
  20.559999999999999  -0.214839000000000
  20.579999999999998  -0.442725300000000
  20.600000000000001  -0.670611600000000
  20.620000000000001  -0.488341800000000
  20.640000000000001  -0.306072000000000
  20.660000000000000  -0.123802200000000
  20.680000000000000   0.058467600000000
  20.699999999999999   0.240639300000000
  20.719999999999999   0.422909100000000
  20.739999999999998   0.605178900000000
  20.760000000000002   0.787448700000000
  20.780000000000001   0.969718500000000
  20.800000000000001   0.632941200000000
  20.820000000000000   0.296163900000000
  20.840000000000000  -0.040613400000000
  20.859999999999999  -0.377488800000000
  20.879999999999999  -0.714266100000000
  20.899999999999999  -0.588501900000000
  20.920000000000002  -0.462737700000000
  20.940000000000001  -0.336973500000000
  20.960000000000001  -0.316961100000000
  20.980000000000000  -0.297046800000000
  21.000000000000000  -0.277034400000000
  21.020000000000000  -0.038847600000000
  21.039999999999999   0.199339200000000
  21.059999999999999   0.030705300000000
  21.079999999999998  -0.137928600000000
  21.100000000000001  -0.306464400000000
  21.120000000000001  -0.475098300000000
  21.140000000000001  -0.643732200000000
  21.160000000000000  -0.503449200000000
  21.180000000000000  -0.363166200000000
  21.199999999999999  -0.222883200000000
  21.219999999999999  -0.082698300000000
  21.239999999999998   0.057584700000000
  21.260000000000002   0.197867700000000
  21.280000000000001   0.264673800000000
  21.300000000000001   0.331479900000000
  21.320000000000000   0.398384100000000
  21.340000000000000   0.465190200000000
  21.359999999999999   0.531996300000000
  21.379999999999999   0.346783500000000
  21.399999999999999   0.161570700000000
  21.420000000000002   0.159118200000000
  21.440000000000001   0.156763800000000
  21.460000000000001   0.154409400000000
  21.480000000000000   0.073280700000000
  21.500000000000000  -0.007848000000000
  21.520000000000000  -0.088976700000000
  21.539999999999999   0.007063200000000
  21.559999999999999   0.103103100000000
  21.579999999999998   0.199143000000000
  21.600000000000001   0.295182900000000
  21.620000000000001   0.391320900000000
  21.640000000000001   0.341191800000000
  21.660000000000000   0.291062700000000
  21.680000000000000   0.241031700000000
  21.699999999999999   0.301657500000000
  21.719999999999999   0.362381400000000
  21.739999999999998   0.423105300000000
  21.760000000000002   0.483731100000000
  21.780000000000001   0.544455000000000
  21.800000000000001   0.605080800000000
  21.820000000000000  -0.051600600000000
  21.840000000000000  -0.708282000000000
  21.859999999999999  -0.621561600000000
  21.879999999999999  -0.534743100000000
  21.899999999999999  -0.447924600000000
  21.920000000000002  -0.361106100000000
  21.940000000000001  -0.360811800000000
  21.960000000000001  -0.360517500000000
  21.980000000000000  -0.360223200000000
  22.000000000000000  -0.173146500000000
  22.020000000000000   0.014028300000000
  22.039999999999999   0.201203100000000
  22.059999999999999   0.388279800000000
  22.079999999999998   0.575454600000000
  22.100000000000001   0.348843600000000
  22.120000000000001   0.122134500000000
  22.140000000000001  -0.104574600000000
  22.160000000000000  -0.331185600000000
  22.180000000000000  -0.557894700000000
  22.199999999999999  -0.441646200000000
  22.219999999999999  -0.325397700000000
  22.239999999999998  -0.209051100000000
  22.260000000000002  -0.092802600000000
  22.280000000000001   0.023445900000000
  22.300000000000001  -0.020404800000000
  22.320000000000000  -0.064157400000000
  22.340000000000000  -0.108008100000000
  22.359999999999999  -0.151858800000000
  22.379999999999999  -0.117720000000000
  22.399999999999999  -0.083483100000000
  22.420000000000002  -0.049344300000000
  22.440000000000001  -0.015107400000000
  22.460000000000001   0.019129500000000
  22.480000000000000   0.005003100000000
  22.500000000000000  -0.009025200000000
  22.520000000000000   0.111343500000000
  22.539999999999999   0.231810300000000
  22.559999999999999   0.352179000000000
  22.579999999999998   0.472645800000000
  22.600000000000001   0.593014500000000
  22.620000000000001   0.713481300000000
  22.640000000000001   0.279290700000000
  22.660000000000000  -0.154899900000000
  22.680000000000000  -0.588992400000000
  22.699999999999999  -0.497268900000000
  22.719999999999999  -0.405545400000000
  22.739999999999998  -0.313821900000000
  22.760000000000002  -0.307543500000000
  22.780000000000001  -0.301265100000000
  22.800000000000001  -0.294986700000000
  22.820000000000000  -0.182760300000000
  22.840000000000000  -0.070533900000000
  22.859999999999999   0.041692500000000
  22.879999999999999   0.154017000000000
  22.899999999999999   0.266243400000000
  22.920000000000002   0.378469800000000
  22.940000000000001   0.291847500000000
  22.960000000000001   0.205225200000000
  22.980000000000000   0.228965400000000
  23.000000000000000   0.252705600000000
  23.020000000000000   0.276543900000000
  23.039999999999999   0.300284100000000
  23.059999999999999   0.324122400000000
  23.079999999999998   0.134495100000000
  23.100000000000001  -0.055034100000000
  23.120000000000001  -0.244661400000000
  23.140000000000001  -0.216604800000000
  23.160000000000000  -0.188646300000000
  23.180000000000000  -0.160687800000000
  23.199999999999999  -0.132729300000000
  23.219999999999999  -0.123704100000000
  23.239999999999998  -0.114777000000000
  23.260000000000002  -0.016578900000000
  23.280000000000001   0.081717300000000
  23.300000000000001   0.179915400000000
  23.320000000000000   0.278113500000000
  23.340000000000000   0.376311600000000
  23.359999999999999   0.474607800000000
  23.379999999999999   0.367776900000000
  23.399999999999999   0.260946000000000
  23.420000000000002   0.154115100000000
  23.440000000000001   0.047284200000000
  23.460000000000001  -0.059546700000000
  23.480000000000000  -0.166377600000000
  23.500000000000000  -0.076518000000000
  23.520000000000000   0.013341600000000
  23.539999999999999   0.103201200000000
  23.559999999999999   0.193060800000000
  23.579999999999998   0.282920400000000
  23.600000000000001  -0.049442400000000
  23.620000000000001  -0.381903300000000
  23.640000000000001  -0.229750200000000
  23.660000000000000  -0.077597100000000
  23.680000000000000   0.074457900000000
  23.699999999999999   0.226611000000000
  23.719999999999999   0.069356700000000
  23.739999999999998  -0.087799500000000
  23.760000000000002  -0.245053800000000
  23.780000000000001  -0.402210000000000
  23.800000000000001  -0.559464300000000
  23.820000000000000  -0.286452000000000
  23.840000000000000  -0.013439700000000
  23.859999999999999   0.259474500000000
  23.879999999999999   0.532486800000000
  23.899999999999999   0.351884700000000
  23.920000000000002   0.171282600000000
  23.940000000000001  -0.009417600000000
  23.960000000000001  -0.190019700000000
  23.980000000000000  -0.370621800000000
  24.000000000000000  -0.223766100000000
  24.020000000000000  -0.076910400000000
  24.039999999999999   0.069945300000000
  24.059999999999999   0.216801000000000
  24.079999999999998   0.363656700000000
  24.100000000000001   0.510512400000000
  24.120000000000001   0.657368100000000
  24.140000000000001   0.804223800000000
  24.160000000000000   0.302638500000000
  24.180000000000000  -0.198848700000000
  24.199999999999999  -0.700434000000000
  24.219999999999999  -1.202019300000000
  24.239999999999998  -0.847976400000000
  24.260000000000002  -0.493933500000000
  24.280000000000001  -0.139890600000000
  24.300000000000001   0.214152300000000
  24.320000000000000   0.568195200000000
  24.340000000000000   0.922140000000000
  24.359999999999999   1.276182900000000
  24.379999999999999   0.354239100000000
  24.399999999999999  -0.567704700000000
  24.420000000000002  -0.471076200000000
  24.440000000000001  -0.374447700000000
  24.460000000000001  -0.277819200000000
  24.480000000000000  -0.181092600000000
  24.500000000000000  -0.084464100000000
  24.520000000000000  -0.358261200000000
  24.539999999999999  -0.632156400000000
  24.559999999999999  -0.605178900000000
  24.579999999999998  -0.578201400000000
  24.600000000000001  -0.551125800000000
  24.620000000000001  -0.595761300000000
  24.640000000000001  -0.640396800000000
  24.660000000000000  -0.454006800000000
  24.680000000000000  -0.267616800000000
  24.699999999999999  -0.081324900000000
  24.719999999999999   0.105065100000000
  24.739999999999998   0.291357000000000
  24.760000000000002   0.307837800000000
  24.780000000000001   0.324318600000000
  24.800000000000001   0.340799400000000
  24.820000000000000   0.357280200000000
  24.840000000000000   0.448709400000000
  24.859999999999999   0.540138600000000
  24.879999999999999   0.631665900000000
  24.899999999999999   0.723095100000000
  24.920000000000002   0.814524300000000
  24.940000000000001   0.353650500000000
  24.960000000000001  -0.107125200000000
  24.980000000000000  -0.567999000000000
  25.000000000000000  -0.460677600000000
  25.020000000000000  -0.353356200000000
  25.039999999999999  -0.246034800000000
  25.059999999999999  -0.138713400000000
  25.079999999999998  -0.349334100000000
  25.100000000000001  -0.559954800000000
  25.120000000000001  -0.770575500000000
  25.140000000000001  -0.618422400000000
  25.160000000000000  -0.466269300000000
  25.180000000000000  -0.314214300000000
  25.199999999999999  -0.162061200000000
  25.219999999999999  -0.010006200000000
  25.239999999999998   0.090448200000000
  25.260000000000002   0.190902600000000
  25.280000000000001   0.291357000000000
  25.300000000000001   0.391713300000000
  25.320000000000000   0.492167700000000
  25.340000000000000   0.592622100000000
  25.359999999999999   0.693076500000000
  25.379999999999999   0.793530900000000
  25.399999999999999  -0.018835200000000
  25.420000000000002  -0.831201300000000
  25.440000000000001  -0.689839200000000
  25.460000000000001  -0.548379000000000
  25.480000000000000  -0.406918800000000
  25.500000000000000  -0.519537600000000
  25.520000000000000  -0.632058300000000
  25.539999999999999  -0.744579000000000
  25.559999999999999  -0.857197800000000
  25.579999999999998  -0.969718500000000
  25.600000000000001  -0.666883800000000
  25.620000000000001  -0.363951000000000
  25.640000000000001  -0.061116300000000
  25.660000000000000   0.241816500000000
  25.680000000000000   0.544749300000000
  25.699999999999999   0.847584000000000
  25.719999999999999   1.150516800000000
  25.739999999999998   1.453351500000000
  25.760000000000002   0.854941500000000
  25.780000000000001   0.256531500000000
  25.800000000000001  -0.341878500000000
  25.820000000000000  -0.940190400000000
  25.840000000000000  -0.696510000000000
  25.859999999999999  -0.452829600000000
  25.879999999999999  -0.209149200000000
  25.899999999999999   0.034629300000000
  25.920000000000002   0.278309700000000
  25.940000000000001   0.521990100000000
  25.960000000000001  -0.046008900000000
  25.980000000000000  -0.613909800000000
  26.000000000000000  -1.181908800000000
  26.020000000000000  -0.977076000000000
  26.039999999999999  -0.772243200000000
  26.059999999999999  -0.567410400000000
  26.079999999999998  -0.362577600000000
  26.100000000000001  -0.157744800000000
  26.120000000000001   0.047088000000000
  26.140000000000001   0.251920800000000
  26.160000000000000   0.456753600000000
  26.180000000000000   0.661586400000000
  26.199999999999999   0.866419200000000
  26.219999999999999   1.071252000000000
  26.239999999999998   1.276084800000000
  26.260000000000002   1.078609500000000
  26.280000000000001   0.881134200000000
  26.300000000000001   0.683658900000000
  26.320000000000000   0.486085500000000
  26.340000000000000   0.392988600000000
  26.359999999999999   0.299793600000000
  26.379999999999999   0.206696700000000
  26.399999999999999   0.113599800000000
  26.420000000000002   0.076518000000000
  26.440000000000001   0.039436200000000
  26.460000000000001   0.002354400000000
  26.480000000000000  -0.034727400000000
  26.500000000000000  -0.071809200000000
  26.520000000000000  -0.108891000000000
  26.539999999999999  -0.076518000000000
  26.559999999999999  -0.044145000000000
  26.579999999999998  -0.011772000000000
  26.600000000000001   0.020601000000000
  26.620000000000001   0.052974000000000
  26.640000000000001  -0.081521100000000
  26.660000000000000  -0.216114300000000
  26.680000000000000  -0.350707500000000
  26.699999999999999  -0.485300700000000
  26.719999999999999  -0.619893900000000
  26.739999999999998  -0.495012600000000
  26.760000000000002  -0.370131300000000
  26.780000000000001  -0.245250000000000
  26.800000000000001  -0.120368700000000
  26.820000000000000   0.004512600000000
  26.840000000000000   0.047284200000000
  26.859999999999999   0.090153900000000
  26.879999999999999   0.132925500000000
  26.899999999999999   0.175697100000000
  26.920000000000002   0.218566800000000
  26.940000000000001   0.086622300000000
  26.960000000000001  -0.045322200000000
  26.980000000000000  -0.177266700000000
  27.000000000000000  -0.309211200000000
  27.020000000000000  -0.223275600000000
  27.039999999999999  -0.137438100000000
  27.059999999999999  -0.051600600000000
  27.079999999999998   0.034335000000000
  27.100000000000001   0.120172500000000
  27.120000000000001   0.206108100000000
  27.140000000000001   0.140969700000000
  27.160000000000000   0.075831300000000
  27.180000000000000   0.010791000000000
  27.199999999999999   0.080736300000000
  27.219999999999999   0.150779700000000
  27.239999999999998   0.220823100000000
  27.260000000000002   0.168045300000000
  27.280000000000001   0.115267500000000
  27.300000000000001   0.062489700000000
  27.320000000000000   0.134985600000000
  27.340000000000000   0.207383400000000
  27.359999999999999   0.279781200000000
  27.379999999999999   0.352277100000000
  27.399999999999999   0.424674900000000
  27.420000000000002   0.339229800000000
  27.440000000000001   0.253784700000000
  27.460000000000001   0.168241500000000
  27.480000000000000   0.082796400000000
  27.500000000000000  -0.002648700000000
  27.520000000000000  -0.088093800000000
  27.539999999999999  -0.012360600000000
  27.559999999999999   0.063274500000000
  27.579999999999998   0.139007700000000
  27.600000000000001   0.200025900000000
  27.620000000000001   0.261044100000000
  27.640000000000001   0.322062300000000
  27.660000000000000   0.383080500000000
  27.680000000000000   0.444098700000000
  27.699999999999999   0.356985900000000
  27.719999999999999   0.269775000000000
  27.739999999999998   0.182662200000000
  27.760000000000002   0.095549400000000
  27.780000000000001   0.008436600000000
  27.800000000000001  -0.130767300000000
  27.820000000000000  -0.269971200000000
  27.840000000000000  -0.409175100000000
  27.859999999999999  -0.275857200000000
  27.879999999999999  -0.142539300000000
  27.899999999999999  -0.009221400000000
  27.920000000000002   0.123998400000000
  27.940000000000001   0.257316300000000
  27.960000000000001   0.165789000000000
  27.980000000000000   0.074163600000000
  28.000000000000000  -0.017363700000000
  28.020000000000000  -0.108989100000000
  28.039999999999999  -0.200516400000000
  28.059999999999999  -0.292043700000000
  28.079999999999998  -0.383669100000000
  28.100000000000001  -0.239560200000000
  28.120000000000001  -0.095451300000000
  28.140000000000001   0.048657600000000
  28.160000000000000   0.192766500000000
  28.180000000000000   0.336875400000000
  28.199999999999999   0.201497400000000
  28.219999999999999   0.066119400000000
  28.239999999999998  -0.069258600000000
  28.260000000000002  -0.204636600000000
  28.280000000000001  -0.340014600000000
  28.300000000000001  -0.261240300000000
  28.320000000000000  -0.182466000000000
  28.340000000000000  -0.103691700000000
  28.359999999999999  -0.024917400000000
  28.379999999999999  -0.006180300000000
  28.399999999999999   0.012556800000000
  28.420000000000002   0.031293900000000
  28.440000000000001   0.050031000000000
  28.460000000000001   0.098001900000000
  28.480000000000000   0.145972800000000
  28.500000000000000   0.077597100000000
  28.520000000000000   0.009123300000000
  28.539999999999999  -0.059350500000000
  28.559999999999999   0.033550200000000
  28.579999999999998   0.126352800000000
  28.600000000000001   0.219253500000000
  28.620000000000001   0.312056100000000
  28.640000000000001   0.404956800000000
  28.660000000000000   0.265556700000000
  28.680000000000000   0.126254700000000
  28.699999999999999  -0.013145400000000
  28.719999999999999  -0.152447400000000
  28.739999999999998  -0.291847500000000
  28.760000000000002  -0.431149500000000
  28.780000000000001  -0.354337200000000
  28.800000000000001  -0.277426800000000
  28.820000000000000  -0.200516400000000
  28.840000000000000  -0.123606000000000
  28.859999999999999  -0.046695600000000
  28.879999999999999   0.030116700000000
  28.899999999999999   0.107027100000000
  28.920000000000002   0.096530400000000
  28.940000000000001   0.085935600000000
  28.960000000000001   0.075340800000000
  28.980000000000000   0.064844100000000
  29.000000000000000   0.121055400000000
  29.020000000000000   0.177266700000000
  29.039999999999999   0.233478000000000
  29.059999999999999   0.289689300000000
  29.079999999999998   0.345900600000000
  29.100000000000001   0.273110400000000
  29.120000000000001   0.200320200000000
  29.140000000000001   0.127530000000000
  29.160000000000000  -0.335011500000000
  29.180000000000000  -0.061606800000000
  29.199999999999999  -0.060920100000000
  29.219999999999999  -0.060331500000000
  29.239999999999998  -0.059742900000000
  29.260000000000002  -0.059056200000000
  29.280000000000001  -0.058467600000000
  29.300000000000001  -0.057879000000000
  29.320000000000000  -0.057192300000000
  29.340000000000000  -0.056603700000000
  29.359999999999999  -0.056015100000000
  29.379999999999999  -0.055328400000000
  29.399999999999999  -0.054739800000000
  29.420000000000002  -0.054151200000000
  29.440000000000001  -0.053464500000000
  29.460000000000001  -0.052875900000000
  29.480000000000000  -0.052189200000000
  29.500000000000000  -0.051600600000000
  29.520000000000000  -0.051012000000000
  29.539999999999999  -0.050325300000000
  29.559999999999999  -0.049736700000000
  29.579999999999998  -0.049148100000000
  29.600000000000001  -0.048461400000000
  29.620000000000001  -0.047872800000000
  29.640000000000001  -0.047284200000000
  29.660000000000000  -0.046597500000000
  29.680000000000000  -0.046008900000000
  29.699999999999999  -0.045420300000000
  29.719999999999999  -0.044733600000000
  29.739999999999998  -0.044145000000000
  29.760000000000002  -0.043556400000000
  29.780000000000001  -0.042869700000000
  29.800000000000001  -0.042281100000000
  29.820000000000000  -0.041692500000000
  29.840000000000000  -0.041005800000000
  29.859999999999999  -0.040417200000000
  29.879999999999999  -0.039828600000000
  29.899999999999999  -0.039141900000000
  29.920000000000002  -0.038553300000000
  29.940000000000001  -0.037964700000000
  29.960000000000001  -0.037278000000000
  29.980000000000000  -0.036689400000000
  30.000000000000000  -0.036100800000000
  30.020000000000000  -0.035414100000000
  30.039999999999999  -0.034825500000000
  30.059999999999999  -0.034236900000000
  30.079999999999998  -0.033550200000000
  30.100000000000001  -0.032961600000000
  30.120000000000001  -0.032373000000000
  30.140000000000001  -0.031686300000000
  30.160000000000000  -0.031097700000000
  30.180000000000000  -0.030509100000000
  30.199999999999999  -0.029822400000000
  30.219999999999999  -0.029233800000000
  30.239999999999998  -0.028645200000000
  30.260000000000002  -0.027958500000000
  30.280000000000001  -0.027369900000000
  30.300000000000001  -0.026781300000000
  30.320000000000000  -0.026094600000000
  30.340000000000000  -0.025506000000000
  30.359999999999999  -0.024917400000000
  30.379999999999999  -0.024230700000000
  30.399999999999999  -0.023642100000000
  30.420000000000002  -0.023053500000000
  30.440000000000001  -0.022366800000000
  30.460000000000001  -0.021778200000000
  30.480000000000000  -0.021189600000000
  30.500000000000000  -0.020502900000000
  30.520000000000000  -0.019914300000000
  30.539999999999999  -0.019325700000000
  30.559999999999999  -0.018639000000000
  30.579999999999998  -0.018050400000000
  30.600000000000001  -0.017461800000000
  30.620000000000001  -0.016775100000000
  30.640000000000001  -0.016186500000000
  30.660000000000000  -0.015499800000000
  30.680000000000000  -0.014911200000000
  30.699999999999999  -0.014322600000000
  30.719999999999999  -0.013635900000000
  30.739999999999998  -0.013047300000000
  30.760000000000002  -0.012458700000000
  30.780000000000001  -0.011772000000000
  30.800000000000001  -0.011183400000000
  30.820000000000000  -0.010594800000000
  30.840000000000000  -0.009908100000000
  30.859999999999999  -0.009319500000000
  30.879999999999999  -0.008730900000000
  30.899999999999999  -0.008044200000000
  30.920000000000002  -0.007455600000000
  30.940000000000001  -0.006867000000000
  30.960000000000001  -0.006180300000000
  30.980000000000000  -0.005591700000000
  31.000000000000000  -0.005003100000000
  31.020000000000000  -0.004316400000000
  31.039999999999999  -0.003727800000000
  31.059999999999999  -0.003139200000000
  31.079999999999998  -0.002452500000000
  31.100000000000001  -0.001863900000000
  31.120000000000001  -0.001275300000000
  31.140000000000001  -0.000588600000000
  31.160000000000000                   0
  31.180000000000000                   0