0	0
0.0200000000000000	0.0618030000000000
0.0400000000000000	0.0357084000000000
0.0600000000000000	0.00971190000000000
0.0800000000000000	0.0419868000000000
0.100000000000000	0.0743598000000000
0.120000000000000	0.106634700000000
0.140000000000000	0.0669042000000000
0.160000000000000	0.0271737000000000
0.180000000000000	-0.0125568000000000
0.200000000000000	0.0361008000000000
0.220000000000000	0.0847584000000000
0.240000000000000	0.133416000000000
0.260000000000000	0.0713187000000000
0.280000000000000	0.00922140000000000
0.300000000000000	0.0412020000000000
0.320000000000000	0.0216801000000000
0.340000000000000	0.00206010000000000
0.360000000000000	0.0435564000000000
0.380000000000000	0.0850527000000000
0.400000000000000	0.126549000000000
0.420000000000000	0.168045300000000
0.440000000000000	-0.0336483000000000
0.460000000000000	-0.235440000000000
0.480000000000000	-0.0973152000000000
0.500000000000000	0.0408096000000000
0.520000000000000	0.0517968000000000
0.540000000000000	0.162159300000000
0.560000000000000	0.272619900000000
0.580000000000000	0.382982400000000
0.600000000000000	0.240246900000000
0.620000000000000	0.0976095000000000
0.640000000000000	0.0942741000000000
0.660000000000000	0.0908406000000000
0.680000000000000	0.0875052000000000
0.700000000000000	-0.0476766000000000
0.720000000000000	-0.182858400000000
0.740000000000000	-0.318040200000000
0.760000000000000	-0.330106500000000
0.780000000000000	-0.561426300000000
0.800000000000000	-0.444785400000000
0.820000000000000	-0.328242600000000
0.840000000000000	-0.314018100000000
0.860000000000000	-0.299793600000000
0.880000000000000	-0.285569100000000
0.900000000000000	-0.271344600000000
0.920000000000000	-0.403779600000000
0.940000000000000	-0.536214600000000
0.960000000000000	-0.668649600000000
0.980000000000000	-0.801084600000000
1	-0.671592600000000
1.02000000000000	-0.542198700000000
1.04000000000000	-0.412804800000000
1.06000000000000	-0.417807900000000
1.08000000000000	-0.422909100000000
1.10000000000000	-0.238186800000000
1.12000000000000	-0.0534645000000000
1.14000000000000	0.131257800000000
1.16000000000000	0.315980100000000
1.18000000000000	0.500702400000000
1.20000000000000	0.685424700000000
1.22000000000000	0.870147000000000
1.24000000000000	0.443804400000000
1.26000000000000	0.0175599000000000
1.28000000000000	-0.408782700000000
1.30000000000000	-0.835125300000000
1.32000000000000	-1.26136980000000
1.34000000000000	-1.68771240000000
1.36000000000000	-1.26627480000000
1.38000000000000	-0.844935300000000
1.40000000000000	-0.873286200000000
1.42000000000000	-0.901735200000000
1.44000000000000	-0.930184200000000
1.46000000000000	-0.914684400000000
1.48000000000000	-0.899184600000000
1.50000000000000	-0.929791800000000
1.52000000000000	-0.960300900000000
1.54000000000000	-1.26568620000000
1.56000000000000	-0.750661200000000
1.58000000000000	-0.235538100000000
1.60000000000000	0.279486900000000
1.62000000000000	0.794511900000000
1.64000000000000	1.30963500000000
1.66000000000000	1.82466000000000
1.68000000000000	2.33968500000000
1.70000000000000	2.15751330000000
1.72000000000000	1.97524350000000
1.74000000000000	1.79297370000000
1.76000000000000	1.61080200000000
1.78000000000000	1.42853220000000
1.80000000000000	1.58362830000000
1.82000000000000	1.73882250000000
1.84000000000000	1.29639150000000
1.86000000000000	0.853960500000000
1.88000000000000	0.411627600000000
1.90000000000000	-0.0308034000000000
1.92000000000000	-0.473234400000000
1.94000000000000	-0.915665400000000
1.96000000000000	-1.35799830000000
1.98000000000000	-1.80042930000000
2	-2.24286030000000
2.02000000000000	-2.68519320000000
2.04000000000000	-3.12762420000000
2.06000000000000	-2.45485440000000
2.08000000000000	-1.78208460000000
2.10000000000000	-1.10941290000000
2.12000000000000	-0.436643100000000
2.14000000000000	0.236126700000000
2.16000000000000	0.908896500000000
2.18000000000000	1.58166630000000
2.20000000000000	2.25443610000000
2.22000000000000	2.92720590000000
2.24000000000000	2.27562570000000
2.26000000000000	1.62394740000000
2.28000000000000	0.972367200000000
2.30000000000000	0.320787000000000
2.32000000000000	-0.330793200000000
2.34000000000000	-0.982373400000000
2.36000000000000	-1.63395360000000
2.38000000000000	-2.28563190000000
2.40000000000000	-2.93721210000000
2.42000000000000	-0.0413001000000000
2.44000000000000	2.85461190000000
2.46000000000000	2.19547800000000
2.48000000000000	1.53644220000000
2.50000000000000	0.877308300000000
2.52000000000000	0.218174400000000
2.54000000000000	-0.440959500000000
2.56000000000000	0.179915400000000
2.58000000000000	0.800790300000000
2.60000000000000	1.42156710000000
2.62000000000000	2.04244200000000
2.64000000000000	1.86125130000000
2.66000000000000	1.67996250000000
2.68000000000000	1.34975790000000
2.70000000000000	1.01955330000000
2.72000000000000	0.689348700000000
2.74000000000000	0.359144100000000
2.76000000000000	0.0289395000000000
2.78000000000000	-0.301265100000000
2.80000000000000	-0.0550341000000000
2.82000000000000	0.191098800000000
2.84000000000000	0.437329800000000
2.86000000000000	0.634510800000000
2.88000000000000	0.831691800000000
2.90000000000000	1.02877470000000
2.92000000000000	0.578299500000000
2.94000000000000	0.127824300000000
2.96000000000000	-0.322650900000000
2.98000000000000	-0.773224200000000
3	-0.348843600000000
3.02000000000000	0.0756351000000000
3.04000000000000	0.500015700000000
3.06000000000000	0.0993753000000000
3.08000000000000	-0.301265100000000
3.10000000000000	-0.702003600000000
3.12000000000000	-1.10264400000000
3.14000000000000	-1.50328440000000
3.16000000000000	-1.10990340000000
3.18000000000000	-0.716522400000000
3.20000000000000	-0.323141400000000
3.22000000000000	0.0701415000000000
3.24000000000000	-0.622935000000000
3.26000000000000	-1.31601150000000
3.28000000000000	-2.00908800000000
3.30000000000000	-1.22448420000000
3.32000000000000	-0.439978500000000
3.34000000000000	0.344625300000000
3.36000000000000	1.12913100000000
3.38000000000000	1.91373480000000
3.40000000000000	1.20672810000000
3.42000000000000	0.499721400000000
3.44000000000000	-0.207285300000000
3.46000000000000	-0.914292000000000
3.48000000000000	-0.261240300000000
3.50000000000000	0.391909500000000
3.52000000000000	1.04505930000000
3.54000000000000	1.69820910000000
3.56000000000000	1.10686230000000
3.58000000000000	0.515515500000000
3.60000000000000	-0.0757332000000000
3.62000000000000	0.104378400000000
3.64000000000000	0.284490000000000
3.66000000000000	0.464699700000000
3.68000000000000	0.644811300000000
3.70000000000000	0.198260100000000
3.72000000000000	-0.248193000000000
3.74000000000000	-0.694646100000000
3.76000000000000	-0.402896700000000
3.78000000000000	-0.111147300000000
3.80000000000000	0.0282528000000000
3.82000000000000	0.167652900000000
3.84000000000000	0.307151100000000
3.86000000000000	-0.223471800000000
3.88000000000000	-0.753996600000000
3.90000000000000	-1.28461950000000
3.92000000000000	-1.81524240000000
3.94000000000000	-1.40744070000000
3.96000000000000	-0.999639000000000
3.98000000000000	-0.591935400000000
4	-0.184133700000000
4.02000000000000	0.223668000000000
4.04000000000000	-0.0977076000000000
4.06000000000000	-0.419083200000000
4.08000000000000	-0.210620700000000
4.10000000000000	-0.00206010000000000
4.12000000000000	0.206402400000000
4.14000000000000	-0.143127900000000
4.16000000000000	-0.492658200000000
4.18000000000000	-0.842188500000000
4.20000000000000	-1.19171880000000
4.22000000000000	-1.54124910000000
4.24000000000000	-1.89077940000000
4.26000000000000	-2.24030970000000
4.28000000000000	-1.78002450000000
4.30000000000000	-1.31973930000000
4.32000000000000	-0.859454100000000
4.34000000000000	-0.399168900000000
4.36000000000000	0.0611163000000000
4.38000000000000	0.521499600000000
4.40000000000000	0.981784800000000
4.42000000000000	1.44207000000000
4.44000000000000	0.956867400000000
4.46000000000000	0.471664800000000
4.48000000000000	-0.0135378000000000
4.50000000000000	0.504332100000000
4.52000000000000	1.02220200000000
4.54000000000000	1.54007190000000
4.56000000000000	2.05803990000000
4.58000000000000	2.57590980000000
4.60000000000000	1.66730760000000
4.62000000000000	0.758705400000000
4.64000000000000	-0.149798700000000
4.66000000000000	-1.05840090000000
4.68000000000000	-1.96700310000000
4.70000000000000	-0.665706600000000
4.72000000000000	0.635589900000000
4.74000000000000	0.163925100000000
4.76000000000000	-0.307739700000000
4.78000000000000	-0.779404500000000
4.80000000000000	-1.25106930000000
4.82000000000000	-1.72273410000000
4.84000000000000	-2.19439890000000
4.86000000000000	-2.66606370000000
4.88000000000000	-1.55498310000000
4.90000000000000	-0.443902500000000
4.92000000000000	0.667276200000000
4.94000000000000	1.77835680000000
4.96000000000000	1.41891840000000
4.98000000000000	1.05948000000000
5	0.700139700000000
5.02000000000000	0.340701300000000
5.04000000000000	0.948234600000000
5.06000000000000	1.55586600000000
5.08000000000000	2.16339930000000
5.10000000000000	1.79483760000000
5.12000000000000	1.42617780000000
5.14000000000000	1.05751800000000
5.16000000000000	0.688956300000000
5.18000000000000	0.320296500000000
5.20000000000000	0.652266900000000
5.22000000000000	0.984237300000000
5.24000000000000	1.31620770000000
5.26000000000000	1.01405970000000
5.28000000000000	0.711911700000000
5.30000000000000	0.409763700000000
5.32000000000000	0.107615700000000
5.34000000000000	-0.194532300000000
5.36000000000000	0.435367800000000
5.38000000000000	1.06536600000000
5.40000000000000	1.69526610000000
5.42000000000000	1.02180960000000
5.44000000000000	0.348353100000000
5.46000000000000	-0.325201500000000
5.48000000000000	-0.998658000000000
5.50000000000000	-0.712402200000000
5.52000000000000	-0.426146400000000
5.54000000000000	-0.139890600000000
5.56000000000000	0.146365200000000
5.58000000000000	-0.198652500000000
5.60000000000000	-0.543768300000000
5.62000000000000	-0.888786000000000
5.64000000000000	-1.23390180000000
5.66000000000000	-1.57891950000000
5.68000000000000	-1.92403530000000
5.70000000000000	-1.45031040000000
5.72000000000000	-0.976585500000000
5.74000000000000	-0.502958700000000
5.76000000000000	-0.0292338000000000
5.78000000000000	-0.191491200000000
5.80000000000000	-0.353650500000000
5.82000000000000	-0.515907900000000
5.84000000000000	-0.410254200000000
5.86000000000000	-0.304698600000000
5.88000000000000	-0.284784300000000
5.90000000000000	-0.264771900000000
5.92000000000000	0.246721500000000
5.94000000000000	0.173637000000000
5.96000000000000	0.217095300000000
5.98000000000000	0.260553600000000
6	0.0411039000000000
6.02000000000000	-0.178443900000000
6.04000000000000	-0.397991700000000
6.06000000000000	-0.617441400000000
6.08000000000000	-0.237107700000000
6.10000000000000	0.143226000000000
6.12000000000000	0.523559700000000
6.14000000000000	0.238186800000000
6.16000000000000	-0.0470880000000000
6.18000000000000	-0.332460900000000
6.20000000000000	-0.0546417000000000
6.22000000000000	0.223079400000000
6.24000000000000	0.0666099000000000
6.26000000000000	-0.0897615000000000
6.28000000000000	-0.246132900000000
6.30000000000000	-0.402504300000000
6.32000000000000	-0.558973800000000
6.34000000000000	-0.179130600000000
6.36000000000000	0.200712600000000
6.38000000000000	0.0445374000000000
6.40000000000000	-0.111637800000000
6.42000000000000	-0.0210915000000000
6.44000000000000	0.0694548000000000
6.46000000000000	0.0486576000000000
6.48000000000000	0.0279585000000000
6.50000000000000	0.00725940000000000
6.52000000000000	-0.0523854000000000
6.54000000000000	-0.111932100000000
6.56000000000000	0.0354141000000000
6.58000000000000	0.182760300000000
6.60000000000000	0.330106500000000
6.62000000000000	0.477452700000000
6.64000000000000	0.298224000000000
6.66000000000000	0.118995300000000
6.68000000000000	-0.0602334000000000
6.70000000000000	-0.239462100000000
6.72000000000000	0.134887500000000
6.74000000000000	0.107811900000000
6.76000000000000	0.0807363000000000
6.78000000000000	0.0536607000000000
6.80000000000000	0.0796572000000000
6.82000000000000	0.105653700000000
6.84000000000000	-0.0678852000000000
6.86000000000000	-0.241424100000000
6.88000000000000	-0.414963000000000
6.90000000000000	-0.588501900000000
6.92000000000000	-0.762040800000000
6.94000000000000	-0.935677800000000
6.96000000000000	-0.609102900000000
6.98000000000000	-0.282528000000000
7	0.0439488000000000
7.02000000000000	0.370523700000000
7.04000000000000	0.173931300000000
7.06000000000000	-0.0226611000000000
7.08000000000000	-0.219253500000000
7.10000000000000	0.175697100000000
7.12000000000000	0.570549600000000
7.14000000000000	0.366697800000000
7.16000000000000	0.162846000000000
7.18000000000000	-0.0410058000000000
7.20000000000000	-0.244857600000000
7.22000000000000	-0.448709400000000
7.24000000000000	-0.203165100000000
7.26000000000000	0.0423792000000000
7.28000000000000	0.287923500000000
7.30000000000000	0.149700600000000
7.32000000000000	0.177168600000000
7.34000000000000	0.204636600000000
7.36000000000000	0.0777933000000000
7.38000000000000	-0.0491481000000000
7.40000000000000	-0.176089500000000
7.42000000000000	-0.303030900000000
7.44000000000000	-0.180602100000000
7.46000000000000	-0.0581733000000000
7.48000000000000	0.0642555000000000
7.50000000000000	-0.247113900000000
7.52000000000000	-0.558483300000000
7.54000000000000	-0.396814500000000
7.56000000000000	-0.235243800000000
7.58000000000000	-0.0735750000000000
7.60000000000000	0.0879957000000000
7.62000000000000	0.0376704000000000
7.64000000000000	-0.0126549000000000
7.66000000000000	-0.0629802000000000
7.68000000000000	-0.113403600000000
7.70000000000000	-0.256923900000000
7.72000000000000	-0.400444200000000
7.74000000000000	-0.543964500000000
7.76000000000000	-0.428304600000000
7.78000000000000	-0.312742800000000
7.80000000000000	-0.683168400000000
7.82000000000000	-0.552695400000000
7.84000000000000	-0.422124300000000
7.86000000000000	-0.291553200000000
7.88000000000000	-0.161080200000000
7.90000000000000	-0.0305091000000000
7.92000000000000	0.100062000000000
7.94000000000000	0.230535000000000
7.96000000000000	0.361106100000000
7.98000000000000	0.491579100000000
8	0.238971600000000
8.02000000000000	-0.0136359000000000
8.04000000000000	-0.266243400000000
8.06000000000000	-0.0303129000000000
8.08000000000000	0.205617600000000
8.10000000000000	0.441548100000000
8.12000000000000	0.677478600000000
8.14000000000000	0.566331300000000
8.16000000000000	0.455184000000000
8.18000000000000	0.344036700000000
8.20000000000000	0.329321700000000
8.22000000000000	0.314606700000000
8.24000000000000	0.299891700000000
8.26000000000000	0.318825000000000
8.28000000000000	0.337856400000000
8.30000000000000	0.356789700000000
8.32000000000000	0.132238800000000
8.34000000000000	-0.0924102000000000
8.36000000000000	-0.316961100000000
8.38000000000000	-0.294005700000000
8.40000000000000	-0.303619500000000
8.42000000000000	-0.313135200000000
8.44000000000000	-0.253882800000000
8.46000000000000	-0.194630400000000
8.48000000000000	-0.135279900000000
8.50000000000000	-0.0760275000000000
8.52000000000000	-0.142146900000000
8.54000000000000	-0.208266300000000
8.56000000000000	0.149406300000000
8.58000000000000	0.507177000000000
8.60000000000000	0.864849600000000
8.62000000000000	1.22262030000000
8.64000000000000	1.58029290000000
8.66000000000000	1.27402470000000
8.68000000000000	0.967658400000000
8.70000000000000	0.661292100000000
8.72000000000000	0.354925800000000
8.74000000000000	0.0485595000000000
8.76000000000000	0.0412020000000000
8.78000000000000	0.0338445000000000
8.80000000000000	0.0263889000000000
8.82000000000000	-0.580948200000000
8.84000000000000	-1.18818720000000
8.86000000000000	-1.79552430000000
8.88000000000000	-1.18141830000000
8.90000000000000	-0.567214200000000
8.92000000000000	0.0469899000000000
8.94000000000000	0.661194000000000
8.96000000000000	1.27539810000000
8.98000000000000	0.821391300000000
9	0.367384500000000
9.02000000000000	0.684639900000000
9.04000000000000	1.00189530000000
9.06000000000000	-0.345017700000000
9.08000000000000	-1.69193070000000
9.10000000000000	-1.35015030000000
9.12000000000000	-1.00827180000000
9.14000000000000	-0.666491400000000
9.16000000000000	-0.324711000000000
9.18000000000000	-0.357770700000000
9.20000000000000	-0.390830400000000
9.22000000000000	-0.0507177000000000
9.24000000000000	0.289395000000000
9.26000000000000	0.629507700000000
9.28000000000000	0.969522300000000
9.30000000000000	1.30963500000000
9.32000000000000	0.581144400000000
9.34000000000000	-0.147444300000000
9.36000000000000	-0.875934900000000
9.38000000000000	-1.60442550000000
9.40000000000000	-0.598017600000000
9.42000000000000	0.408488400000000
9.44000000000000	0.152153100000000
9.46000000000000	-0.104084100000000
9.48000000000000	-0.360419400000000
9.50000000000000	-0.616754700000000
9.52000000000000	-0.872991900000000
9.54000000000000	-0.532683000000000
9.56000000000000	-0.192374100000000
9.58000000000000	0.147934800000000
9.60000000000000	0.488243700000000
9.62000000000000	0.828552600000000
9.64000000000000	0.492756300000000
9.66000000000000	0.156960000000000
9.68000000000000	-0.178836300000000
9.70000000000000	-0.514632600000000
9.72000000000000	-0.850428900000000
9.74000000000000	-0.664038900000000
9.76000000000000	-0.477747000000000
9.78000000000000	-0.291357000000000
9.80000000000000	-0.105065100000000
9.82000000000000	0.0813249000000000
9.84000000000000	-0.0308034000000000
9.86000000000000	0.290964600000000
9.88000000000000	0.612732600000000
9.90000000000000	-0.0229554000000000
9.92000000000000	-0.658643400000000
9.94000000000000	-0.397403100000000
9.96000000000000	-0.136162800000000
9.98000000000000	0.124979400000000
10	0.0789705000000000
10.0200000000000	0.296654400000000
10.0400000000000	0.514338300000000
10.0600000000000	0.230633100000000
10.0800000000000	-0.0530721000000000
10.1000000000000	-0.336679200000000
10.1200000000000	-0.620384400000000
10.1400000000000	-0.903991500000000
10.1600000000000	-1.18769670000000
10.1800000000000	-0.828945000000000
10.2000000000000	-0.470291400000000
10.2200000000000	-0.111539700000000
10.2400000000000	0.247212000000000
10.2600000000000	0.605963700000000
10.2800000000000	0.395146800000000
10.3000000000000	0.184428000000000
10.3200000000000	0.437133600000000
10.3400000000000	0.689839200000000
10.3600000000000	0.942544800000000
10.3800000000000	1.19525040000000
10.4000000000000	0.622935000000000
10.4200000000000	0.0507177000000000
10.4400000000000	-0.521597700000000
10.4600000000000	-0.306464400000000
10.4800000000000	-0.0912330000000000
10.5000000000000	0.123900300000000
10.5200000000000	0.339131700000000
10.5400000000000	0.322062300000000
10.5600000000000	0.304992900000000
10.5800000000000	0.287923500000000
10.6000000000000	0.442529100000000
10.6200000000000	0.597134700000000
10.6400000000000	0.751740300000000
10.6600000000000	0.906345900000000
10.6800000000000	0.563290200000000
10.7000000000000	0.220234500000000
10.7200000000000	-0.122821200000000
10.7400000000000	0.0667080000000000
10.7600000000000	0.256139100000000
10.7800000000000	0.445668300000000
10.8000000000000	0.154115100000000
10.8200000000000	-0.137536200000000
10.8400000000000	-0.429089400000000
10.8600000000000	-0.720740700000000
10.8800000000000	-0.391419000000000
10.9000000000000	-0.0620973000000000
10.9200000000000	0.267224400000000
10.9400000000000	0.596448000000000
10.9600000000000	0.359928900000000
10.9800000000000	0.123409800000000
11	-0.113109300000000
11.0200000000000	-0.349628400000000
11.0400000000000	-0.0664137000000000
11.0600000000000	0.216801000000000
11.0800000000000	0.500113800000000
11.1000000000000	0.783328500000000
11.1200000000000	0.678361500000000
11.1400000000000	0.573394500000000
11.1600000000000	0.468427500000000
11.1800000000000	0.363558600000000
11.2000000000000	0.258591600000000
11.2200000000000	0.571138200000000
11.2400000000000	0.883782900000000
11.2600000000000	1.19642760000000
11.2800000000000	0.987768900000000
11.3000000000000	0.779208300000000
11.3200000000000	0.570549600000000
11.3400000000000	0.361890900000000
11.3600000000000	0.153330300000000
11.3800000000000	-0.0553284000000000
11.4000000000000	-0.263889000000000
11.4200000000000	-0.472547700000000
11.4400000000000	-0.681206400000000
11.4600000000000	-0.889767000000000
11.4800000000000	-1.09842570000000
11.5000000000000	-1.13021010000000
11.5200000000000	-1.16209260000000
11.5400000000000	-1.19387700000000
11.5600000000000	-1.22566140000000
11.5800000000000	-1.61865000000000
11.6000000000000	-2.01154050000000
11.6200000000000	-1.54144530000000
11.6400000000000	-1.07135010000000
11.6600000000000	-0.601254900000000
11.6800000000000	-0.131159700000000
11.7000000000000	0.338935500000000
11.7200000000000	0.809030700000000
11.7400000000000	0.743205600000000
11.7600000000000	0.677478600000000
11.7800000000000	0.611751600000000
11.8000000000000	0.856903500000000
11.8200000000000	1.10215350000000
11.8400000000000	1.34730540000000
11.8600000000000	1.19436750000000
11.8800000000000	1.04142960000000
11.9000000000000	0.888491700000000
11.9200000000000	0.735553800000000
11.9400000000000	0.785879100000000
11.9600000000000	0.836204400000000
11.9800000000000	0.886529700000000
12	0.609004800000000
12.0200000000000	0.331381800000000
12.0400000000000	0.0538569000000000
12.0600000000000	-0.223766100000000
12.0800000000000	-0.534056400000000
12.1000000000000	-0.395343000000000
12.1200000000000	-0.256531500000000
12.1400000000000	-0.117818100000000
12.1600000000000	-0.198946800000000
12.1800000000000	-0.280075500000000
12.2000000000000	-0.612438300000000
12.2200000000000	-0.345704400000000
12.2400000000000	-0.0789705000000000
12.2600000000000	-0.485398800000000
12.2800000000000	-0.357378300000000
12.3000000000000	-0.229259700000000
12.3200000000000	-0.330400800000000
12.3400000000000	-0.184329900000000
12.3600000000000	-0.0381609000000000
12.3800000000000	0.107910000000000
12.4000000000000	0.253980900000000
12.4200000000000	0.141852600000000
12.4400000000000	0.0297243000000000
12.4600000000000	-0.0824040000000000
12.4800000000000	0.0454203000000000
12.5000000000000	0.173244600000000
12.5200000000000	0.301068900000000
12.5400000000000	0.428893200000000
12.5600000000000	0.212386500000000
12.5800000000000	-0.00412020000000000
12.6000000000000	-0.220626900000000
12.6200000000000	-0.437133600000000
12.6400000000000	-0.356887800000000
12.6600000000000	-0.276543900000000
12.6800000000000	-0.196298100000000
12.7000000000000	-0.115954200000000
12.7200000000000	-0.239854500000000
12.7400000000000	-0.363656700000000
12.7600000000000	-0.487458900000000
12.7800000000000	-0.577024200000000
12.8000000000000	-0.666589500000000
12.8200000000000	-0.756056700000000
12.8400000000000	-0.845622000000000
12.8600000000000	-0.935187300000000
12.8800000000000	-0.615675600000000
12.9000000000000	-0.296065800000000
12.9200000000000	0.0234459000000000
12.9400000000000	0.342957600000000
12.9600000000000	0.431541900000000
12.9800000000000	0.520028100000000
13	0.311565600000000
13.0200000000000	0.103103100000000
13.0400000000000	-0.105261300000000
13.0600000000000	-0.313723800000000
13.0800000000000	-0.522186300000000
13.1000000000000	0.0182466000000000
13.1200000000000	0.558777600000000
13.1400000000000	0.194728500000000
13.1600000000000	-0.169320600000000
13.1800000000000	-0.533467800000000
13.2000000000000	-0.118112400000000
13.2200000000000	0.297341100000000
13.2400000000000	0.712696500000000
13.2600000000000	1.12805190000000
13.2800000000000	0.709949700000000
13.3000000000000	0.291847500000000
13.3200000000000	-0.126352800000000
13.3400000000000	0.118897200000000
13.3600000000000	0.364049100000000
13.3800000000000	0.345017700000000
13.4000000000000	0.325986300000000
13.4200000000000	0.181779300000000
13.4400000000000	0.0375723000000000
13.4600000000000	0.0335502000000000
13.4800000000000	-0.213956100000000
13.5000000000000	-0.461462400000000
13.5200000000000	-0.708968700000000
13.5400000000000	-0.956475000000000
13.5600000000000	-1.20398130000000
13.5800000000000	-0.815897700000000
13.6000000000000	-0.427912200000000
13.6200000000000	-0.0399267000000000
13.6400000000000	0.348156900000000
13.6600000000000	0.736142400000000
13.6800000000000	1.12422600000000
13.7000000000000	0.762138900000000
13.7200000000000	0.400051800000000
13.7400000000000	0.0379647000000000
13.7600000000000	0.0278604000000000
13.7800000000000	0.0178542000000000
13.8000000000000	-0.540825300000000
13.8200000000000	0.464209200000000
13.8400000000000	0.512376300000000
13.8600000000000	0.560641500000000
13.8800000000000	0.608808600000000
13.9000000000000	0.657073800000000
13.9200000000000	0.705240900000000
13.9400000000000	0.265360500000000
13.9600000000000	-0.174519900000000
13.9800000000000	-0.614400300000000
14	-1.05428070000000
14.0200000000000	-1.49425920000000
14.0400000000000	-1.23517710000000
14.0600000000000	-0.976095000000000
14.0800000000000	-0.717012900000000
14.1000000000000	-0.457930800000000
14.1200000000000	-0.198848700000000
14.1400000000000	0.0602334000000000
14.1600000000000	0.319315500000000
14.1800000000000	0.0842679000000000
14.2000000000000	-0.150779700000000
14.2200000000000	-0.385729200000000
14.2400000000000	-0.620776800000000
14.2600000000000	-0.325888200000000
14.2800000000000	-0.0309015000000000
14.3000000000000	0.263987100000000
14.3200000000000	0.117327600000000
14.3400000000000	-0.0294300000000000
14.3600000000000	0.0328635000000000
14.3800000000000	0.0951570000000000
14.4000000000000	0.157450500000000
14.4200000000000	0.219645900000000
14.4400000000000	0.413491500000000
14.4600000000000	0.607337100000000
14.4800000000000	0.801182700000000
14.5000000000000	0.341093700000000
14.5200000000000	-0.118897200000000
14.5400000000000	-0.128412900000000
14.5600000000000	-0.138026700000000
14.5800000000000	-0.517379400000000
14.6000000000000	-0.249566400000000
14.6200000000000	0.0182466000000000
14.6400000000000	0.286059600000000
14.6600000000000	0.553872600000000
14.6800000000000	0.821685600000000
14.7000000000000	0.172067400000000
14.7200000000000	-0.477648900000000
14.7400000000000	-0.203459400000000
14.7600000000000	0.0708282000000000
14.7800000000000	0.345017700000000
14.8000000000000	-0.0517968000000000
14.8200000000000	-0.448513200000000
14.8400000000000	-0.845327700000000
14.8600000000000	-0.682776000000000
14.8800000000000	-0.520224300000000
14.9000000000000	-0.357672600000000
14.9200000000000	-0.195120900000000
14.9400000000000	-0.0325692000000000
14.9600000000000	0.129982500000000
14.9800000000000	0.292534200000000
15	0.108008100000000
15.0200000000000	-0.0766161000000000
15.0400000000000	-0.261142200000000
15.0600000000000	-0.0552303000000000
15.0800000000000	0.150681600000000
15.1000000000000	0.356593500000000
15.1200000000000	0.562505400000000
15.1400000000000	0.309897900000000
15.1600000000000	0.0572904000000000
15.1800000000000	-0.195415200000000
15.2000000000000	-0.0197181000000000
15.2200000000000	0.155880900000000
15.2400000000000	-0.100454400000000
15.2600000000000	-0.356691600000000
15.2800000000000	-0.613026900000000
15.3000000000000	-0.468918000000000
15.3200000000000	-0.324809100000000
15.3400000000000	-0.484712100000000
15.3600000000000	-0.644517000000000
15.3800000000000	-0.804420000000000
15.4000000000000	-0.488538000000000
15.4200000000000	-0.172656000000000
15.4400000000000	0.143226000000000
15.4600000000000	0.459108000000000
15.4800000000000	0.774990000000000
15.5000000000000	0.465975000000000
15.5200000000000	0.156960000000000
15.5400000000000	-0.152055000000000
15.5600000000000	-0.0100062000000000
15.5800000000000	0.132140700000000
15.6000000000000	0.274189500000000
15.6200000000000	0.416336400000000
15.6400000000000	0.558385200000000
15.6600000000000	0.370916100000000
15.6800000000000	0.183447000000000
15.7000000000000	-0.00402210000000000
15.7200000000000	-0.191491200000000
15.7400000000000	-0.0418887000000000
15.7600000000000	0.107713800000000
15.7800000000000	0.257316300000000
15.8000000000000	0.406918800000000
15.8200000000000	0.178640100000000
15.8400000000000	-0.0496386000000000
15.8600000000000	-0.0857394000000000
15.8800000000000	-0.365520600000000
15.9000000000000	-0.645399900000000
15.9200000000000	-0.255060000000000
15.9400000000000	0.135378000000000
15.9600000000000	0.525717900000000
15.9800000000000	0.916057800000000
16	0.577122300000000
16.0200000000000	0.238284900000000
16.0400000000000	-0.100650600000000
16.0600000000000	-0.439488000000000
16.0800000000000	-0.106242300000000
16.1000000000000	-0.183348900000000
16.1200000000000	-0.260455500000000
16.1400000000000	-0.337562100000000
16.1600000000000	-0.245544300000000
16.1800000000000	-0.153428400000000
16.2000000000000	-0.0614106000000000
16.2200000000000	-0.0989829000000000
16.2400000000000	-0.136555200000000
16.2600000000000	0.146169000000000
16.2800000000000	0.428893200000000
16.3000000000000	0.339720300000000
16.3200000000000	0.205813800000000
16.3400000000000	0.0719073000000000
16.3600000000000	-0.0619992000000000
16.3800000000000	-0.195905700000000
16.4000000000000	0.0752427000000000
16.4200000000000	0.346489200000000
16.4400000000000	0.334422900000000
16.4600000000000	0.322454700000000
16.4800000000000	0.310388400000000
16.5000000000000	0.235734300000000
16.5200000000000	0.161080200000000
16.5400000000000	0.0963342000000000
16.5600000000000	0.0315882000000000
16.5800000000000	-0.0332559000000000
16.6000000000000	0.216016200000000
16.6200000000000	-0.190412100000000
16.6400000000000	-0.596938500000000
16.6600000000000	-1.00336680000000
16.6800000000000	-0.769790700000000
16.7000000000000	-0.536214600000000
16.7200000000000	-0.302540400000000
16.7400000000000	-0.0689643000000000
16.7600000000000	0.164611800000000
16.7800000000000	0.190902600000000
16.8000000000000	0.217193400000000
16.8200000000000	0.243582300000000
16.8400000000000	0.177462900000000
16.8600000000000	-0.0198162000000000
16.8800000000000	-0.217095300000000
16.9000000000000	-0.0272718000000000
16.9200000000000	0.162453600000000
16.9400000000000	0.352179000000000
16.9600000000000	0.542002500000000
16.9800000000000	0.731727900000000
17	0.608514300000000
17.0200000000000	0.485398800000000
17.0400000000000	0.362185200000000
17.0600000000000	-0.0142245000000000
17.0800000000000	0.451161900000000
17.1000000000000	0.400149900000000
17.1200000000000	0.349039800000000
17.1400000000000	0.297929700000000
17.1600000000000	0.355710600000000
17.1800000000000	0.413491500000000
17.2000000000000	0.471174300000000
17.2200000000000	0.528955200000000
17.2400000000000	0.485300700000000
17.2600000000000	0.441646200000000
17.2800000000000	0.397893600000000
17.3000000000000	0.354239100000000
17.3200000000000	0.310584600000000
17.3400000000000	0.0602334000000000
17.3600000000000	-0.190019700000000
17.3800000000000	-0.440370900000000
17.4000000000000	-0.690624000000000
17.4200000000000	-0.940975200000000
17.4400000000000	-0.759784500000000
17.4600000000000	-0.578691900000000
17.4800000000000	-0.397501200000000
17.5000000000000	-0.216408600000000
17.5200000000000	-0.0352179000000000
17.5400000000000	0.145874700000000
17.5600000000000	0.0985905000000000
17.5800000000000	0.0513063000000000
17.6000000000000	0.00402210000000000
17.6200000000000	-0.0432621000000000
17.6400000000000	-0.0905463000000000
17.6600000000000	-0.116640900000000
17.6800000000000	-0.149406300000000
17.7000000000000	-0.182073600000000
17.7200000000000	-0.214839000000000
17.7400000000000	-0.0964323000000000
17.7600000000000	0.0219744000000000
17.7800000000000	0.140381100000000
17.8000000000000	0.0328635000000000
17.8200000000000	-0.0745560000000000
17.8400000000000	-0.182073600000000
17.8600000000000	-0.0722997000000000
17.8800000000000	0.0375723000000000
17.9000000000000	0.147346200000000
17.9200000000000	0.257218200000000
17.9400000000000	0.0996696000000000
17.9600000000000	-0.0578790000000000
17.9800000000000	-0.215427600000000
18	-0.0118701000000000
18.0200000000000	0.191589300000000
18.0400000000000	0.395048700000000
18.0600000000000	0.277230600000000
18.0800000000000	0.159412500000000
18.1000000000000	0.0415944000000000
18.1200000000000	0.0192276000000000
18.1400000000000	-0.00304110000000000
18.1600000000000	-0.0253098000000000
18.1800000000000	-0.0476766000000000
18.2000000000000	-0.0699453000000000
18.2200000000000	-0.0923121000000000
18.2400000000000	-0.114580800000000
18.2600000000000	-0.136947600000000
18.2800000000000	-0.171675000000000
18.3000000000000	-0.206402400000000
18.3200000000000	-0.241129800000000
18.3400000000000	-0.275955300000000
18.3600000000000	-0.310682700000000
18.3800000000000	-0.345410100000000
18.4000000000000	-0.412510500000000
18.4200000000000	-0.479610900000000
18.4400000000000	-0.349137900000000
18.4600000000000	-0.218664900000000
18.4800000000000	-0.0881919000000000
18.5000000000000	0.0422811000000000
18.5200000000000	0.172852200000000
18.5400000000000	0.0700434000000000
18.5600000000000	-0.0327654000000000
18.5800000000000	-0.135672300000000
18.6000000000000	0.128903400000000
18.6200000000000	0.393479100000000
18.6400000000000	0.658054800000000
18.6600000000000	0.472842000000000
18.6800000000000	0.287629200000000
18.7000000000000	0.102318300000000
18.7200000000000	-0.0828945000000000
18.7400000000000	-0.268107300000000
18.7600000000000	-0.453320100000000
18.7800000000000	-0.309505500000000
18.8000000000000	-0.165592800000000
18.8200000000000	-0.0217782000000000
18.8400000000000	0.122036400000000
18.8600000000000	0.263202300000000
18.8800000000000	0.404270100000000
18.9000000000000	0.545337900000000
18.9200000000000	0.319119300000000
18.9400000000000	0.0928026000000000
18.9600000000000	-0.133416000000000
18.9800000000000	-0.140479200000000
19	-0.147542400000000
19.0200000000000	-0.154605600000000
19.0400000000000	-0.412902900000000
19.0600000000000	-0.263398500000000
19.0800000000000	-0.113894100000000
19.1000000000000	0.0356103000000000
19.1200000000000	0.185114700000000
19.1400000000000	0.334619100000000
19.1600000000000	0.305581500000000
19.1800000000000	0.276543900000000
19.2000000000000	0.286157700000000
19.2200000000000	0.295771500000000
19.2400000000000	0.305385300000000
19.2600000000000	0.0380628000000000
19.2800000000000	-0.229259700000000
19.3000000000000	-0.496582200000000
19.3200000000000	-0.374742000000000
19.3400000000000	-0.252999900000000
19.3600000000000	-0.131159700000000
19.3800000000000	-0.00931950000000000
19.4000000000000	0.112422600000000
19.4200000000000	0.234262800000000
19.4400000000000	0.356004900000000
19.4600000000000	0.102710700000000
19.4800000000000	-0.150583500000000
19.5000000000000	-0.403877700000000
19.5200000000000	-0.657171900000000
19.5400000000000	-0.510806700000000
19.5600000000000	-0.364441500000000
19.5800000000000	-0.217978200000000
19.6000000000000	-0.0716130000000000
19.6200000000000	0.0747522000000000
19.6400000000000	0.221117400000000
19.6600000000000	0.367580700000000
19.6800000000000	0.392498100000000
19.7000000000000	0.417513600000000
19.7200000000000	0.442136700000000
19.7400000000000	0.466857900000000
19.7600000000000	0.491481000000000
19.7800000000000	0.445864500000000
19.8000000000000	0.400248000000000
19.8200000000000	0.282135600000000
19.8400000000000	0.163925100000000
19.8600000000000	0.0458127000000000
19.8800000000000	-0.0723978000000000
19.9000000000000	-0.0113796000000000
19.9200000000000	0.0496386000000000
19.9400000000000	0.110656800000000
19.9600000000000	0.171675000000000
19.9800000000000	-0.0206991000000000
20	-0.213171300000000
20.0200000000000	-0.405643500000000
20.0400000000000	-0.598017600000000
20.0600000000000	-0.790489800000000
20.0800000000000	-0.686209500000000
20.1000000000000	-0.581831100000000
20.1200000000000	-0.477550800000000
20.1400000000000	-0.373270500000000
20.1600000000000	-0.250841700000000
20.1800000000000	-0.128511000000000
20.2000000000000	-0.00618030000000000
20.2200000000000	0.116248500000000
20.2400000000000	0.238579200000000
20.2600000000000	0.361008000000000
20.2800000000000	0.483338700000000
20.3000000000000	0.291749400000000
20.3200000000000	0.100160100000000
20.3400000000000	-0.0914292000000000
20.3600000000000	-0.282920400000000
20.3800000000000	-0.474509700000000
20.4000000000000	-0.666099000000000
20.4200000000000	-0.476962200000000
20.4400000000000	-0.287825400000000
20.4600000000000	-0.0986886000000000
20.4800000000000	0.0904482000000000
20.5000000000000	0.279683100000000
20.5200000000000	0.468819900000000
20.5400000000000	0.240933600000000
20.5600000000000	0.0130473000000000
20.5800000000000	-0.214839000000000
20.6000000000000	-0.442725300000000
20.6200000000000	-0.670611600000000
20.6400000000000	-0.488341800000000
20.6600000000000	-0.306072000000000
20.6800000000000	-0.123802200000000
20.7000000000000	0.0584676000000000
20.7200000000000	0.240639300000000
20.7400000000000	0.422909100000000
20.7600000000000	0.605178900000000
20.7800000000000	0.787448700000000
20.8000000000000	0.969718500000000
20.8200000000000	0.632941200000000
20.8400000000000	0.296163900000000
20.8600000000000	-0.0406134000000000
20.8800000000000	-0.377488800000000
20.9000000000000	-0.714266100000000
20.9200000000000	-0.588501900000000
20.9400000000000	-0.462737700000000
20.9600000000000	-0.336973500000000
20.9800000000000	-0.316961100000000
21	-0.297046800000000
21.0200000000000	-0.277034400000000
21.0400000000000	-0.0388476000000000
21.0600000000000	0.199339200000000
21.0800000000000	0.0307053000000000
21.1000000000000	-0.137928600000000
21.1200000000000	-0.306464400000000
21.1400000000000	-0.475098300000000
21.1600000000000	-0.643732200000000
21.1800000000000	-0.503449200000000
21.2000000000000	-0.363166200000000
21.2200000000000	-0.222883200000000
21.2400000000000	-0.0826983000000000
21.2600000000000	0.0575847000000000
21.2800000000000	0.197867700000000
21.3000000000000	0.264673800000000
21.3200000000000	0.331479900000000
21.3400000000000	0.398384100000000
21.3600000000000	0.465190200000000
21.3800000000000	0.531996300000000
21.4000000000000	0.346783500000000
21.4200000000000	0.161570700000000
21.4400000000000	0.159118200000000
21.4600000000000	0.156763800000000
21.4800000000000	0.154409400000000
21.5000000000000	0.0732807000000000
21.5200000000000	-0.00784800000000000
21.5400000000000	-0.0889767000000000
21.5600000000000	0.00706320000000000
21.5800000000000	0.103103100000000
21.6000000000000	0.199143000000000
21.6200000000000	0.295182900000000
21.6400000000000	0.391320900000000
21.6600000000000	0.341191800000000
21.6800000000000	0.291062700000000
21.7000000000000	0.241031700000000
21.7200000000000	0.301657500000000
21.7400000000000	0.362381400000000
21.7600000000000	0.423105300000000
21.7800000000000	0.483731100000000
21.8000000000000	0.544455000000000
21.8200000000000	0.605080800000000
21.8400000000000	-0.0516006000000000
21.8600000000000	-0.708282000000000
21.8800000000000	-0.621561600000000
21.9000000000000	-0.534743100000000
21.9200000000000	-0.447924600000000
21.9400000000000	-0.361106100000000
21.9600000000000	-0.360811800000000
21.9800000000000	-0.360517500000000
22	-0.360223200000000
22.0200000000000	-0.173146500000000
22.0400000000000	0.0140283000000000
22.0600000000000	0.201203100000000
22.0800000000000	0.388279800000000
22.1000000000000	0.575454600000000
22.1200000000000	0.348843600000000
22.1400000000000	0.122134500000000
22.1600000000000	-0.104574600000000
22.1800000000000	-0.331185600000000
22.2000000000000	-0.557894700000000
22.2200000000000	-0.441646200000000
22.2400000000000	-0.325397700000000
22.2600000000000	-0.209051100000000
22.2800000000000	-0.0928026000000000
22.3000000000000	0.0234459000000000
22.3200000000000	-0.0204048000000000
22.3400000000000	-0.0641574000000000
22.3600000000000	-0.108008100000000
22.3800000000000	-0.151858800000000
22.4000000000000	-0.117720000000000
22.4200000000000	-0.0834831000000000
22.4400000000000	-0.0493443000000000
22.4600000000000	-0.0151074000000000
22.4800000000000	0.0191295000000000
22.5000000000000	0.00500310000000000
22.5200000000000	-0.00902520000000000
22.5400000000000	0.111343500000000
22.5600000000000	0.231810300000000
22.5800000000000	0.352179000000000
22.6000000000000	0.472645800000000
22.6200000000000	0.593014500000000
22.6400000000000	0.713481300000000
22.6600000000000	0.279290700000000
22.6800000000000	-0.154899900000000
22.7000000000000	-0.588992400000000
22.7200000000000	-0.497268900000000
22.7400000000000	-0.405545400000000
22.7600000000000	-0.313821900000000
22.7800000000000	-0.307543500000000
22.8000000000000	-0.301265100000000
22.8200000000000	-0.294986700000000
22.8400000000000	-0.182760300000000
22.8600000000000	-0.0705339000000000
22.8800000000000	0.0416925000000000
22.9000000000000	0.154017000000000
22.9200000000000	0.266243400000000
22.9400000000000	0.378469800000000
22.9600000000000	0.291847500000000
22.9800000000000	0.205225200000000
23	0.228965400000000
23.0200000000000	0.252705600000000
23.0400000000000	0.276543900000000
23.0600000000000	0.300284100000000
23.0800000000000	0.324122400000000
23.1000000000000	0.134495100000000
23.1200000000000	-0.0550341000000000
23.1400000000000	-0.244661400000000
23.1600000000000	-0.216604800000000
23.1800000000000	-0.188646300000000
23.2000000000000	-0.160687800000000
23.2200000000000	-0.132729300000000
23.2400000000000	-0.123704100000000
23.2600000000000	-0.114777000000000
23.2800000000000	-0.0165789000000000
23.3000000000000	0.0817173000000000
23.3200000000000	0.179915400000000
23.3400000000000	0.278113500000000
23.3600000000000	0.376311600000000
23.3800000000000	0.474607800000000
23.4000000000000	0.367776900000000
23.4200000000000	0.260946000000000
23.4400000000000	0.154115100000000
23.4600000000000	0.0472842000000000
23.4800000000000	-0.0595467000000000
23.5000000000000	-0.166377600000000
23.5200000000000	-0.0765180000000000
23.5400000000000	0.0133416000000000
23.5600000000000	0.103201200000000
23.5800000000000	0.193060800000000
23.6000000000000	0.282920400000000
23.6200000000000	-0.0494424000000000
23.6400000000000	-0.381903300000000
23.6600000000000	-0.229750200000000
23.6800000000000	-0.0775971000000000
23.7000000000000	0.0744579000000000
23.7200000000000	0.226611000000000
23.7400000000000	0.0693567000000000
23.7600000000000	-0.0877995000000000
23.7800000000000	-0.245053800000000
23.8000000000000	-0.402210000000000
23.8200000000000	-0.559464300000000
23.8400000000000	-0.286452000000000
23.8600000000000	-0.0134397000000000
23.8800000000000	0.259474500000000
23.9000000000000	0.532486800000000
23.9200000000000	0.351884700000000
23.9400000000000	0.171282600000000
23.9600000000000	-0.00941760000000000
23.9800000000000	-0.190019700000000
24	-0.370621800000000
24.0200000000000	-0.223766100000000
24.0400000000000	-0.0769104000000000
24.0600000000000	0.0699453000000000
24.0800000000000	0.216801000000000
24.1000000000000	0.363656700000000
24.1200000000000	0.510512400000000
24.1400000000000	0.657368100000000
24.1600000000000	0.804223800000000
24.1800000000000	0.302638500000000
24.2000000000000	-0.198848700000000
24.2200000000000	-0.700434000000000
24.2400000000000	-1.20201930000000
24.2600000000000	-0.847976400000000
24.2800000000000	-0.493933500000000
24.3000000000000	-0.139890600000000
24.3200000000000	0.214152300000000
24.3400000000000	0.568195200000000
24.3600000000000	0.922140000000000
24.3800000000000	1.27618290000000
24.4000000000000	0.354239100000000
24.4200000000000	-0.567704700000000
24.4400000000000	-0.471076200000000
24.4600000000000	-0.374447700000000
24.4800000000000	-0.277819200000000
24.5000000000000	-0.181092600000000
24.5200000000000	-0.0844641000000000
24.5400000000000	-0.358261200000000
24.5600000000000	-0.632156400000000
24.5800000000000	-0.605178900000000
24.6000000000000	-0.578201400000000
24.6200000000000	-0.551125800000000
24.6400000000000	-0.595761300000000
24.6600000000000	-0.640396800000000
24.6800000000000	-0.454006800000000
24.7000000000000	-0.267616800000000
24.7200000000000	-0.0813249000000000
24.7400000000000	0.105065100000000
24.7600000000000	0.291357000000000
24.7800000000000	0.307837800000000
24.8000000000000	0.324318600000000
24.8200000000000	0.340799400000000
24.8400000000000	0.357280200000000
24.8600000000000	0.448709400000000
24.8800000000000	0.540138600000000
24.9000000000000	0.631665900000000
24.9200000000000	0.723095100000000
24.9400000000000	0.814524300000000
24.9600000000000	0.353650500000000
24.9800000000000	-0.107125200000000
25	-0.567999000000000
25.0200000000000	-0.460677600000000
25.0400000000000	-0.353356200000000
25.0600000000000	-0.246034800000000
25.0800000000000	-0.138713400000000
25.1000000000000	-0.349334100000000
25.1200000000000	-0.559954800000000
25.1400000000000	-0.770575500000000
25.1600000000000	-0.618422400000000
25.1800000000000	-0.466269300000000
25.2000000000000	-0.314214300000000
25.2200000000000	-0.162061200000000
25.2400000000000	-0.0100062000000000
25.2600000000000	0.0904482000000000
25.2800000000000	0.190902600000000
25.3000000000000	0.291357000000000
25.3200000000000	0.391713300000000
25.3400000000000	0.492167700000000
25.3600000000000	0.592622100000000
25.3800000000000	0.693076500000000
25.4000000000000	0.793530900000000
25.4200000000000	-0.0188352000000000
25.4400000000000	-0.831201300000000
25.4600000000000	-0.689839200000000
25.4800000000000	-0.548379000000000
25.5000000000000	-0.406918800000000
25.5200000000000	-0.519537600000000
25.5400000000000	-0.632058300000000
25.5600000000000	-0.744579000000000
25.5800000000000	-0.857197800000000
25.6000000000000	-0.969718500000000
25.6200000000000	-0.666883800000000
25.6400000000000	-0.363951000000000
25.6600000000000	-0.0611163000000000
25.6800000000000	0.241816500000000
25.7000000000000	0.544749300000000
25.7200000000000	0.847584000000000
25.7400000000000	1.15051680000000
25.7600000000000	1.45335150000000
25.7800000000000	0.854941500000000
25.8000000000000	0.256531500000000
25.8200000000000	-0.341878500000000
25.8400000000000	-0.940190400000000
25.8600000000000	-0.696510000000000
25.8800000000000	-0.452829600000000
25.9000000000000	-0.209149200000000
25.9200000000000	0.0346293000000000
25.9400000000000	0.278309700000000
25.9600000000000	0.521990100000000
25.9800000000000	-0.0460089000000000
26	-0.613909800000000
26.0200000000000	-1.18190880000000
26.0400000000000	-0.977076000000000
26.0600000000000	-0.772243200000000
26.0800000000000	-0.567410400000000
26.1000000000000	-0.362577600000000
26.1200000000000	-0.157744800000000
26.1400000000000	0.0470880000000000
26.1600000000000	0.251920800000000
26.1800000000000	0.456753600000000
26.2000000000000	0.661586400000000
26.2200000000000	0.866419200000000
26.2400000000000	1.07125200000000
26.2600000000000	1.27608480000000
26.2800000000000	1.07860950000000
26.3000000000000	0.881134200000000
26.3200000000000	0.683658900000000
26.3400000000000	0.486085500000000
26.3600000000000	0.392988600000000
26.3800000000000	0.299793600000000
26.4000000000000	0.206696700000000
26.4200000000000	0.113599800000000
26.4400000000000	0.0765180000000000
26.4600000000000	0.0394362000000000
26.4800000000000	0.00235440000000000
26.5000000000000	-0.0347274000000000
26.5200000000000	-0.0718092000000000
26.5400000000000	-0.108891000000000
26.5600000000000	-0.0765180000000000
26.5800000000000	-0.0441450000000000
26.6000000000000	-0.0117720000000000
26.6200000000000	0.0206010000000000
26.6400000000000	0.0529740000000000
26.6600000000000	-0.0815211000000000
26.6800000000000	-0.216114300000000
26.7000000000000	-0.350707500000000
26.7200000000000	-0.485300700000000
26.7400000000000	-0.619893900000000
26.7600000000000	-0.495012600000000
26.7800000000000	-0.370131300000000
26.8000000000000	-0.245250000000000
26.8200000000000	-0.120368700000000
26.8400000000000	0.00451260000000000
26.8600000000000	0.0472842000000000
26.8800000000000	0.0901539000000000
26.9000000000000	0.132925500000000
26.9200000000000	0.175697100000000
26.9400000000000	0.218566800000000
26.9600000000000	0.0866223000000000
26.9800000000000	-0.0453222000000000
27	-0.177266700000000
27.0200000000000	-0.309211200000000
27.0400000000000	-0.223275600000000
27.0600000000000	-0.137438100000000
27.0800000000000	-0.0516006000000000
27.1000000000000	0.0343350000000000
27.1200000000000	0.120172500000000
27.1400000000000	0.206108100000000
27.1600000000000	0.140969700000000
27.1800000000000	0.0758313000000000
27.2000000000000	0.0107910000000000
27.2200000000000	0.0807363000000000
27.2400000000000	0.150779700000000
27.2600000000000	0.220823100000000
27.2800000000000	0.168045300000000
27.3000000000000	0.115267500000000
27.3200000000000	0.0624897000000000
27.3400000000000	0.134985600000000
27.3600000000000	0.207383400000000
27.3800000000000	0.279781200000000
27.4000000000000	0.352277100000000
27.4200000000000	0.424674900000000
27.4400000000000	0.339229800000000
27.4600000000000	0.253784700000000
27.4800000000000	0.168241500000000
27.5000000000000	0.0827964000000000
27.5200000000000	-0.00264870000000000
27.5400000000000	-0.0880938000000000
27.5600000000000	-0.0123606000000000
27.5800000000000	0.0632745000000000
27.6000000000000	0.139007700000000
27.6200000000000	0.200025900000000
27.6400000000000	0.261044100000000
27.6600000000000	0.322062300000000
27.6800000000000	0.383080500000000
27.7000000000000	0.444098700000000
27.7200000000000	0.356985900000000
27.7400000000000	0.269775000000000
27.7600000000000	0.182662200000000
27.7800000000000	0.0955494000000000
27.8000000000000	0.00843660000000000
27.8200000000000	-0.130767300000000
27.8400000000000	-0.269971200000000
27.8600000000000	-0.409175100000000
27.8800000000000	-0.275857200000000
27.9000000000000	-0.142539300000000
27.9200000000000	-0.00922140000000000
27.9400000000000	0.123998400000000
27.9600000000000	0.257316300000000
27.9800000000000	0.165789000000000
28	0.0741636000000000
28.0200000000000	-0.0173637000000000
28.0400000000000	-0.108989100000000
28.0600000000000	-0.200516400000000
28.0800000000000	-0.292043700000000
28.1000000000000	-0.383669100000000
28.1200000000000	-0.239560200000000
28.1400000000000	-0.0954513000000000
28.1600000000000	0.0486576000000000
28.1800000000000	0.192766500000000
28.2000000000000	0.336875400000000
28.2200000000000	0.201497400000000
28.2400000000000	0.0661194000000000
28.2600000000000	-0.0692586000000000
28.2800000000000	-0.204636600000000
28.3000000000000	-0.340014600000000
28.3200000000000	-0.261240300000000
28.3400000000000	-0.182466000000000
28.3600000000000	-0.103691700000000
28.3800000000000	-0.0249174000000000
28.4000000000000	-0.00618030000000000
28.4200000000000	0.0125568000000000
28.4400000000000	0.0312939000000000
28.4600000000000	0.0500310000000000
28.4800000000000	0.0980019000000000
28.5000000000000	0.145972800000000
28.5200000000000	0.0775971000000000
28.5400000000000	0.00912330000000000
28.5600000000000	-0.0593505000000000
28.5800000000000	0.0335502000000000
28.6000000000000	0.126352800000000
28.6200000000000	0.219253500000000
28.6400000000000	0.312056100000000
28.6600000000000	0.404956800000000
28.6800000000000	0.265556700000000
28.7000000000000	0.126254700000000
28.7200000000000	-0.0131454000000000
28.7400000000000	-0.152447400000000
28.7600000000000	-0.291847500000000
28.7800000000000	-0.431149500000000
28.8000000000000	-0.354337200000000
28.8200000000000	-0.277426800000000
28.8400000000000	-0.200516400000000
28.8600000000000	-0.123606000000000
28.8800000000000	-0.0466956000000000
28.9000000000000	0.0301167000000000
28.9200000000000	0.107027100000000
28.9400000000000	0.0965304000000000
28.9600000000000	0.0859356000000000
28.9800000000000	0.0753408000000000
29	0.0648441000000000
29.0200000000000	0.121055400000000
29.0400000000000	0.177266700000000
29.0600000000000	0.233478000000000
29.0800000000000	0.289689300000000
29.1000000000000	0.345900600000000
29.1200000000000	0.273110400000000
29.1400000000000	0.200320200000000
29.1600000000000	0.127530000000000
29.1800000000000	-0.335011500000000
29.2000000000000	-0.0616068000000000
29.2200000000000	-0.0609201000000000
29.2400000000000	-0.0603315000000000
29.2600000000000	-0.0597429000000000
29.2800000000000	-0.0590562000000000
29.3000000000000	-0.0584676000000000
29.3200000000000	-0.0578790000000000
29.3400000000000	-0.0571923000000000
29.3600000000000	-0.0566037000000000
29.3800000000000	-0.0560151000000000
29.4000000000000	-0.0553284000000000
29.4200000000000	-0.0547398000000000
29.4400000000000	-0.0541512000000000
29.4600000000000	-0.0534645000000000
29.4800000000000	-0.0528759000000000
29.5000000000000	-0.0521892000000000
29.5200000000000	-0.0516006000000000
29.5400000000000	-0.0510120000000000
29.5600000000000	-0.0503253000000000
29.5800000000000	-0.0497367000000000
29.6000000000000	-0.0491481000000000
29.6200000000000	-0.0484614000000000
29.6400000000000	-0.0478728000000000
29.6600000000000	-0.0472842000000000
29.6800000000000	-0.0465975000000000
29.7000000000000	-0.0460089000000000
29.7200000000000	-0.0454203000000000
29.7400000000000	-0.0447336000000000
29.7600000000000	-0.0441450000000000
29.7800000000000	-0.0435564000000000
29.8000000000000	-0.0428697000000000
29.8200000000000	-0.0422811000000000
29.8400000000000	-0.0416925000000000
29.8600000000000	-0.0410058000000000
29.8800000000000	-0.0404172000000000
29.9000000000000	-0.0398286000000000
29.9200000000000	-0.0391419000000000
29.9400000000000	-0.0385533000000000
29.9600000000000	-0.0379647000000000
29.9800000000000	-0.0372780000000000
30	-0.0366894000000000
30.0200000000000	-0.0361008000000000
30.0400000000000	-0.0354141000000000
30.0600000000000	-0.0348255000000000
30.0800000000000	-0.0342369000000000
30.1000000000000	-0.0335502000000000
30.1200000000000	-0.0329616000000000
30.1400000000000	-0.0323730000000000
30.1600000000000	-0.0316863000000000
30.1800000000000	-0.0310977000000000
30.2000000000000	-0.0305091000000000
30.2200000000000	-0.0298224000000000
30.2400000000000	-0.0292338000000000
30.2600000000000	-0.0286452000000000
30.2800000000000	-0.0279585000000000
30.3000000000000	-0.0273699000000000
30.3200000000000	-0.0267813000000000
30.3400000000000	-0.0260946000000000
30.3600000000000	-0.0255060000000000
30.3800000000000	-0.0249174000000000
30.4000000000000	-0.0242307000000000
30.4200000000000	-0.0236421000000000
30.4400000000000	-0.0230535000000000
30.4600000000000	-0.0223668000000000
30.4800000000000	-0.0217782000000000
30.5000000000000	-0.0211896000000000
30.5200000000000	-0.0205029000000000
30.5400000000000	-0.0199143000000000
30.5600000000000	-0.0193257000000000
30.5800000000000	-0.0186390000000000
30.6000000000000	-0.0180504000000000
30.6200000000000	-0.0174618000000000
30.6400000000000	-0.0167751000000000
30.6600000000000	-0.0161865000000000
30.6800000000000	-0.0154998000000000
30.7000000000000	-0.0149112000000000
30.7200000000000	-0.0143226000000000
30.7400000000000	-0.0136359000000000
30.7600000000000	-0.0130473000000000
30.7800000000000	-0.0124587000000000
30.8000000000000	-0.0117720000000000
30.8200000000000	-0.0111834000000000
30.8400000000000	-0.0105948000000000
30.8600000000000	-0.00990810000000000
30.8800000000000	-0.00931950000000000
30.9000000000000	-0.00873090000000000
30.9200000000000	-0.00804420000000000
30.9400000000000	-0.00745560000000000
30.9600000000000	-0.00686700000000000
30.9800000000000	-0.00618030000000000
31	-0.00559170000000000
31.0200000000000	-0.00500310000000000
31.0400000000000	-0.00431640000000000
31.0600000000000	-0.00372780000000000
31.0800000000000	-0.00313920000000000
31.1000000000000	-0.00245250000000000
31.1200000000000	-0.00186390000000000
31.1400000000000	-0.00127530000000000
31.1600000000000	-0.000588600000000000
31.1800000000000	0