0	-0.00493000000000000
0.0200000000000000	-0.00494000000000000
0.0400000000000000	-0.0172200000000000
0.0600000000000000	-0.0170300000000000
0.0800000000000000	0.00763000000000000
0.100000000000000	0.0306300000000000
0.120000000000000	0.0147700000000000
0.140000000000000	0.00388000000000000
0.160000000000000	0.0239300000000000
0.180000000000000	0.0343300000000000
0.200000000000000	0.00688000000000000
0.220000000000000	0.00589000000000000
0.240000000000000	0.0346200000000000
0.260000000000000	0.0403200000000000
0.280000000000000	0.0161600000000000
0.300000000000000	-0.0360100000000000
0.320000000000000	-0.0226600000000000
0.340000000000000	0.00216000000000000
0.360000000000000	-0.0457900000000000
0.380000000000000	-0.0614000000000000
0.400000000000000	-0.0139300000000000
0.420000000000000	0.0174400000000000
0.440000000000000	0.0342400000000000
0.460000000000000	0.0517400000000000
0.480000000000000	0.0575300000000000
0.500000000000000	0.0405300000000000
0.520000000000000	0.0334300000000000
0.540000000000000	0.0124300000000000
0.560000000000000	0.0240300000000000
0.580000000000000	0.0430100000000000
0.600000000000000	0.00510000000000000
0.620000000000000	-0.0227200000000000
0.640000000000000	0.00277000000000000
0.660000000000000	0.0200000000000000
0.680000000000000	-0.00691000000000000
0.700000000000000	-0.0310400000000000
0.720000000000000	-0.0186700000000000
0.740000000000000	0.0261800000000000
0.760000000000000	0.0507900000000000
0.780000000000000	0.0475800000000000
0.800000000000000	0.0309600000000000
0.820000000000000	0.0413500000000000
0.840000000000000	0.0288300000000000
0.860000000000000	0.00109000000000000
0.880000000000000	0.0126200000000000
0.900000000000000	0.0190100000000000
0.920000000000000	-0.00317000000000000
0.940000000000000	-0.0434300000000000
0.960000000000000	-0.0515700000000000
0.980000000000000	-0.0348500000000000
1	-0.0305700000000000
1.02000000000000	-0.0447200000000000
1.04000000000000	-0.0366400000000000
1.06000000000000	0.0214100000000000
1.08000000000000	0.0245300000000000
1.10000000000000	-0.00507000000000000
1.12000000000000	-0.00886000000000000
1.14000000000000	-0.00696000000000000
1.16000000000000	0.0185700000000000
1.18000000000000	0.0395200000000000
1.20000000000000	0.0213100000000000
1.22000000000000	0.00280000000000000
1.24000000000000	0.0141200000000000
1.26000000000000	0.00184000000000000
1.28000000000000	-0.0273700000000000
1.30000000000000	-0.0558500000000000
1.32000000000000	-0.0359600000000000
1.34000000000000	-0.00893000000000000
1.36000000000000	0.00824000000000000
1.38000000000000	0.0450600000000000
1.40000000000000	0.0368100000000000
1.42000000000000	0.0262400000000000
1.44000000000000	0.0325800000000000
1.46000000000000	0.0220200000000000
1.48000000000000	0.0389600000000000
1.50000000000000	0.0733300000000000
1.52000000000000	0.0444200000000000
1.54000000000000	-0.0280900000000000
1.56000000000000	-0.0563100000000000
1.58000000000000	-0.0390100000000000
1.60000000000000	-0.000920000000000000
1.62000000000000	-0.00507000000000000
1.64000000000000	-0.0211600000000000
1.66000000000000	-0.0284500000000000
1.68000000000000	-0.0553300000000000
1.70000000000000	-0.0544400000000000
1.72000000000000	-0.0247600000000000
1.74000000000000	0.0557000000000000
1.76000000000000	0.0876900000000000
1.78000000000000	0.0349800000000000
1.80000000000000	-0.0257600000000000
1.82000000000000	-0.0114100000000000
1.84000000000000	0.0120100000000000
1.86000000000000	0.00937000000000000
1.88000000000000	0.0311000000000000
1.90000000000000	0.0478300000000000
1.92000000000000	0.0318400000000000
1.94000000000000	0.00542000000000000
1.96000000000000	0.000690000000000000
1.98000000000000	-0.0415300000000000
2	-0.0209400000000000
2.02000000000000	0.0157500000000000
2.04000000000000	-0.0239900000000000
2.06000000000000	-0.00759000000000000
2.08000000000000	0.0224100000000000
2.10000000000000	0.0207900000000000
2.12000000000000	0.00693000000000000
2.14000000000000	-0.0128800000000000
2.16000000000000	0.00809000000000000
2.18000000000000	0.0442200000000000
2.20000000000000	0.0808400000000000
2.22000000000000	0.0773700000000000
2.24000000000000	0.0443600000000000
2.26000000000000	0.0127400000000000
2.28000000000000	-0.0512800000000000
2.30000000000000	-0.0840300000000000
2.32000000000000	-0.0482900000000000
2.34000000000000	-0.0223000000000000
2.36000000000000	-0.0284900000000000
2.38000000000000	-0.0114400000000000
2.40000000000000	0.0376300000000000
2.42000000000000	0.127110000000000
2.44000000000000	0.151870000000000
2.46000000000000	0.0324100000000000
2.48000000000000	-0.0465900000000000
2.50000000000000	-0.0632900000000000
2.52000000000000	-0.0881100000000000
2.54000000000000	-0.0727100000000000
2.56000000000000	-0.0635000000000000
2.58000000000000	-0.0491100000000000
2.60000000000000	0.00224000000000000
2.62000000000000	0.0114500000000000
2.64000000000000	-0.0183100000000000
2.66000000000000	-0.0304600000000000
2.68000000000000	-0.0212100000000000
2.70000000000000	0.00447000000000000
2.72000000000000	0.0285000000000000
2.74000000000000	0.0268700000000000
2.76000000000000	-0.0173500000000000
2.78000000000000	-0.0476800000000000
2.80000000000000	0.0182900000000000
2.82000000000000	0.0529400000000000
2.84000000000000	0.0277800000000000
2.86000000000000	-0.00422000000000000
2.88000000000000	-0.0250200000000000
2.90000000000000	0.0206300000000000
2.92000000000000	0.0381800000000000
2.94000000000000	0.0343100000000000
2.96000000000000	-0.0161300000000000
2.98000000000000	-0.0946700000000000
3	-0.129710000000000
3.02000000000000	-0.0737700000000000
3.04000000000000	-0.0129100000000000
3.06000000000000	0.00836000000000000
3.08000000000000	-0.0183100000000000
3.10000000000000	-0.0884200000000000
3.12000000000000	-0.119370000000000
3.14000000000000	-0.0648700000000000
3.16000000000000	-0.0286800000000000
3.18000000000000	-0.0495100000000000
3.20000000000000	-0.0187600000000000
3.22000000000000	0.0297700000000000
3.24000000000000	0.0356500000000000
3.26000000000000	0.0204600000000000
3.28000000000000	-0.00166000000000000
3.30000000000000	-0.0310800000000000
3.32000000000000	0.0123000000000000
3.34000000000000	0.00484000000000000
3.36000000000000	-0.0801000000000000
3.38000000000000	-0.0904700000000000
3.40000000000000	-0.0288200000000000
3.42000000000000	0.0154200000000000
3.44000000000000	0.0423800000000000
3.46000000000000	-0.0340000000000000
3.48000000000000	-0.0815300000000000
3.50000000000000	0.0104100000000000
3.52000000000000	0.0398300000000000
3.54000000000000	-0.0262300000000000
3.56000000000000	-0.0588100000000000
3.58000000000000	-0.0321900000000000
3.60000000000000	0.0264200000000000
3.62000000000000	0.0574500000000000
3.64000000000000	0.0341300000000000
3.66000000000000	-0.00716000000000000
3.68000000000000	0.0475600000000000
3.70000000000000	0.176160000000000
3.72000000000000	0.225000000000000
3.74000000000000	0.128660000000000
3.76000000000000	-0.0786200000000000
3.78000000000000	-0.167240000000000
3.80000000000000	-0.0839600000000000
3.82000000000000	-0.0225600000000000
3.84000000000000	-0.0768000000000000
3.86000000000000	-0.129070000000000
3.88000000000000	-0.150300000000000
3.90000000000000	-0.145180000000000
3.92000000000000	-0.120830000000000
3.94000000000000	-0.145740000000000
3.96000000000000	-0.0670100000000000
3.98000000000000	0.103680000000000
4	0.161670000000000
4.02000000000000	0.167000000000000
4.04000000000000	0.176190000000000
4.06000000000000	0.143160000000000
4.08000000000000	0.0742300000000000
4.10000000000000	-0.0111400000000000
4.12000000000000	-0.0458900000000000
4.14000000000000	-0.0367400000000000
4.16000000000000	-0.0626800000000000
4.18000000000000	-0.113550000000000
4.20000000000000	-0.120870000000000
4.22000000000000	-0.113200000000000
4.24000000000000	-0.147390000000000
4.26000000000000	-0.136020000000000
4.28000000000000	-0.0550000000000000
4.30000000000000	0.0440500000000000
4.32000000000000	0.103480000000000
4.34000000000000	0.124750000000000
4.36000000000000	0.137300000000000
4.38000000000000	0.144370000000000
4.40000000000000	0.131900000000000
4.42000000000000	0.0674500000000000
4.44000000000000	-0.0220300000000000
4.46000000000000	-0.0733800000000000
4.48000000000000	-0.0696500000000000
4.50000000000000	-0.112770000000000
4.52000000000000	-0.156320000000000
4.54000000000000	-0.177330000000000
4.56000000000000	-0.190560000000000
4.58000000000000	-0.126020000000000
4.60000000000000	-0.0948300000000000
4.62000000000000	-0.118790000000000
4.64000000000000	-0.192380000000000
4.66000000000000	-0.214440000000000
4.68000000000000	-0.169800000000000
4.70000000000000	-0.135380000000000
4.72000000000000	-0.135670000000000
4.74000000000000	-0.151790000000000
4.76000000000000	-0.163700000000000
4.78000000000000	-0.169180000000000
4.80000000000000	-0.128230000000000
4.82000000000000	0.0122500000000000
4.84000000000000	0.146050000000000
4.86000000000000	0.166360000000000
4.88000000000000	0.160980000000000
4.90000000000000	0.126530000000000
4.92000000000000	0.143920000000000
4.94000000000000	0.184300000000000
4.96000000000000	0.162000000000000
4.98000000000000	0.142790000000000
5	0.144030000000000
5.02000000000000	0.109510000000000
5.04000000000000	0.0294200000000000
5.06000000000000	-0.0383200000000000
5.08000000000000	-0.0595400000000000
5.10000000000000	-0.0398100000000000
5.12000000000000	-0.0335800000000000
5.14000000000000	0.0179900000000000
5.16000000000000	0.118600000000000
5.18000000000000	0.204400000000000
5.20000000000000	0.299460000000000
5.22000000000000	0.351220000000000
5.24000000000000	0.302870000000000
5.26000000000000	0.255830000000000
5.28000000000000	0.151320000000000
5.30000000000000	-0.0418000000000000
5.32000000000000	-0.183120000000000
5.34000000000000	-0.261910000000000
5.36000000000000	-0.296180000000000
5.38000000000000	-0.337250000000000
5.40000000000000	-0.281890000000000
5.42000000000000	-0.135920000000000
5.44000000000000	-0.0397700000000000
5.46000000000000	0.00395000000000000
5.48000000000000	0.0828900000000000
5.50000000000000	0.232140000000000
5.52000000000000	0.374650000000000
5.54000000000000	0.473600000000000
5.56000000000000	0.490350000000000
5.58000000000000	0.357770000000000
5.60000000000000	0.182480000000000
5.62000000000000	0.102930000000000
5.64000000000000	0.0627800000000000
5.66000000000000	-0.0387300000000000
5.68000000000000	-0.209560000000000
5.70000000000000	-0.340100000000000
5.72000000000000	-0.396380000000000
5.74000000000000	-0.425670000000000
5.76000000000000	-0.405350000000000
5.78000000000000	-0.382730000000000
5.80000000000000	-0.420850000000000
5.82000000000000	-0.398640000000000
5.84000000000000	-0.174810000000000
5.86000000000000	0.0179700000000000
5.88000000000000	0.0544900000000000
5.90000000000000	0.0621800000000000
5.92000000000000	0.0699000000000000
5.94000000000000	0.153020000000000
5.96000000000000	0.295360000000000
5.98000000000000	0.434590000000000
6	0.508720000000000
6.02000000000000	0.468710000000000
6.04000000000000	0.322190000000000
6.06000000000000	0.194400000000000
6.08000000000000	0.0113200000000000
6.10000000000000	-0.112150000000000
6.12000000000000	-0.203960000000000
6.14000000000000	-0.412230000000000
6.16000000000000	-0.540680000000000
6.18000000000000	-0.560220000000000
6.20000000000000	-0.600400000000000
6.22000000000000	-0.638180000000000
6.24000000000000	-0.578810000000000
6.26000000000000	-0.474810000000000
6.28000000000000	-0.271150000000000
6.30000000000000	-0.0860400000000000
6.32000000000000	0.0650300000000000
6.34000000000000	0.219500000000000
6.36000000000000	0.284400000000000
6.38000000000000	0.306720000000000
6.40000000000000	0.239870000000000
6.42000000000000	0.0834200000000000
6.44000000000000	0.00307000000000000
6.46000000000000	-0.00967000000000000
6.48000000000000	-0.0995200000000000
6.50000000000000	-0.154670000000000
6.52000000000000	-0.106030000000000
6.54000000000000	-0.0216500000000000
6.56000000000000	0.0933500000000000
6.58000000000000	0.237380000000000
6.60000000000000	0.376820000000000
6.62000000000000	0.469840000000000
6.64000000000000	0.466330000000000
6.66000000000000	0.438350000000000
6.68000000000000	0.337960000000000
6.70000000000000	0.0546500000000000
6.72000000000000	-0.127240000000000
6.74000000000000	-0.108320000000000
6.76000000000000	-0.0139000000000000
6.78000000000000	0.0702700000000000
6.80000000000000	0.198550000000000
6.82000000000000	0.301470000000000
6.84000000000000	0.340040000000000
6.86000000000000	0.409390000000000
6.88000000000000	0.461100000000000
6.90000000000000	0.439570000000000
6.92000000000000	0.378620000000000
6.94000000000000	0.317460000000000
6.96000000000000	0.300800000000000
6.98000000000000	0.212780000000000
7	-0.0448900000000000
7.02000000000000	-0.139240000000000
7.04000000000000	-0.0801900000000000
7.06000000000000	-0.0546300000000000
7.08000000000000	-0.104300000000000
7.10000000000000	-0.201190000000000
7.12000000000000	-0.253220000000000
7.14000000000000	-0.324880000000000
7.16000000000000	-0.332490000000000
7.18000000000000	-0.213320000000000
7.20000000000000	-0.161430000000000
7.22000000000000	-0.177930000000000
7.24000000000000	-0.186910000000000
7.26000000000000	-0.233940000000000
7.28000000000000	-0.172770000000000
7.30000000000000	0.157660000000000
7.32000000000000	0.434320000000000
7.34000000000000	0.518760000000000
7.36000000000000	0.492950000000000
7.38000000000000	0.328340000000000
7.40000000000000	0.206590000000000
7.42000000000000	0.101720000000000
7.44000000000000	-0.129720000000000
7.46000000000000	-0.429510000000000
7.48000000000000	-0.626760000000000
7.50000000000000	-0.656510000000000
7.52000000000000	-0.599660000000000
7.54000000000000	-0.501560000000000
7.56000000000000	-0.347390000000000
7.58000000000000	-0.193600000000000
7.60000000000000	-0.0834400000000000
7.62000000000000	-0.00424000000000000
7.64000000000000	0.114140000000000
7.66000000000000	0.296700000000000
7.68000000000000	0.435100000000000
7.70000000000000	0.502470000000000
7.72000000000000	0.463470000000000
7.74000000000000	0.348990000000000
7.76000000000000	0.292900000000000
7.78000000000000	0.292120000000000
7.80000000000000	0.232500000000000
7.82000000000000	0.144260000000000
7.84000000000000	0.0755300000000000
7.86000000000000	0.0474600000000000
7.88000000000000	0.0477700000000000
7.90000000000000	0.0275700000000000
7.92000000000000	0.0809200000000000
7.94000000000000	0.279060000000000
7.96000000000000	0.377710000000000
7.98000000000000	0.371110000000000
8	0.414040000000000
8.02000000000000	0.441970000000000
8.04000000000000	0.414930000000000
8.06000000000000	0.335890000000000
8.08000000000000	0.247570000000000
8.10000000000000	0.111590000000000
8.12000000000000	-0.0312800000000000
8.14000000000000	-0.0852600000000000
8.16000000000000	-0.0149300000000000
8.18000000000000	0.0676200000000000
8.20000000000000	0.0310400000000000
8.22000000000000	-0.0989700000000000
8.24000000000000	-0.134000000000000
8.26000000000000	-0.111470000000000
8.28000000000000	-0.135110000000000
8.30000000000000	-0.118650000000000
8.32000000000000	-0.112730000000000
8.34000000000000	-0.137620000000000
8.36000000000000	-0.139510000000000
8.38000000000000	-0.190010000000000
8.40000000000000	-0.267520000000000
8.42000000000000	-0.181810000000000
8.44000000000000	-0.0400300000000000
8.46000000000000	-0.0111500000000000
8.48000000000000	-0.0133000000000000
8.50000000000000	0.0424900000000000
8.52000000000000	0.0822700000000000
8.54000000000000	0.0829000000000000
8.56000000000000	0.0441900000000000
8.58000000000000	0.0238700000000000
8.60000000000000	-0.00254000000000000
8.62000000000000	-0.203670000000000
8.64000000000000	-0.387780000000000
8.66000000000000	-0.425540000000000
8.68000000000000	-0.318000000000000
8.70000000000000	-0.150660000000000
8.72000000000000	-0.0966100000000000
8.74000000000000	-0.0526300000000000
8.76000000000000	0.0602800000000000
8.78000000000000	0.0429100000000000
8.80000000000000	-0.149940000000000
8.82000000000000	-0.264360000000000
8.84000000000000	-0.283090000000000
8.86000000000000	-0.437490000000000
8.88000000000000	-0.592110000000000
8.90000000000000	-0.601580000000000
8.92000000000000	-0.567600000000000
8.94000000000000	-0.520100000000000
8.96000000000000	-0.477720000000000
8.98000000000000	-0.473420000000000
9	-0.429720000000000
9.02000000000000	-0.269630000000000
9.04000000000000	-0.0690900000000000
9.06000000000000	0.292740000000000
9.08000000000000	0.654270000000000
9.10000000000000	0.781360000000000
9.12000000000000	0.728980000000000
9.14000000000000	0.602640000000000
9.16000000000000	0.438830000000000
9.18000000000000	0.283400000000000
9.20000000000000	0.177990000000000
9.22000000000000	0.0862800000000000
9.24000000000000	0.0192300000000000
9.26000000000000	0.0139000000000000
9.28000000000000	-0.0245700000000000
9.30000000000000	-0.0959000000000000
9.32000000000000	-0.0835500000000000
9.34000000000000	0.0237600000000000
9.36000000000000	0.188620000000000
9.38000000000000	0.227410000000000
9.40000000000000	0.181520000000000
9.42000000000000	0.111280000000000
9.44000000000000	0.0999400000000000
9.46000000000000	0.160070000000000
9.48000000000000	0.206980000000000
9.50000000000000	0.136910000000000
9.52000000000000	0.0303600000000000
9.54000000000000	-0.00462000000000000
9.56000000000000	-0.0455900000000000
9.58000000000000	-0.0992800000000000
9.60000000000000	-0.191230000000000
9.62000000000000	-0.323290000000000
9.64000000000000	-0.419950000000000
9.66000000000000	-0.446820000000000
9.68000000000000	-0.440050000000000
9.70000000000000	-0.454620000000000
9.72000000000000	-0.508940000000000
9.74000000000000	-0.486820000000000
9.76000000000000	-0.435750000000000
9.78000000000000	-0.441190000000000
9.80000000000000	-0.432230000000000
9.82000000000000	-0.341280000000000
9.84000000000000	-0.246940000000000
9.86000000000000	-0.100860000000000
9.88000000000000	0.0980700000000000
9.90000000000000	0.215130000000000
9.92000000000000	0.348180000000000
9.94000000000000	0.545340000000000
9.96000000000000	0.641320000000000
9.98000000000000	0.557360000000000
10	0.299500000000000
10.0200000000000	-0.0330100000000000
10.0400000000000	-0.143940000000000
10.0600000000000	-0.0564100000000000
10.0800000000000	0.0494600000000000
10.1000000000000	0.197380000000000
10.1200000000000	0.319590000000000
10.1400000000000	0.206440000000000
10.1600000000000	-0.0915400000000000
10.1800000000000	-0.192980000000000
10.2000000000000	-0.0923500000000000
10.2200000000000	-0.00377000000000000
10.2400000000000	-0.00107000000000000
10.2600000000000	-0.0357200000000000
10.2800000000000	-0.0594500000000000
10.3000000000000	-0.112480000000000
10.3200000000000	-0.0725700000000000
10.3400000000000	0.104990000000000
10.3600000000000	0.279240000000000
10.3800000000000	0.346710000000000
10.4000000000000	0.326040000000000
10.4200000000000	0.305110000000000
10.4400000000000	0.455360000000000
10.4600000000000	0.796720000000000
10.4800000000000	1.06291000000000
10.5000000000000	1.09867000000000
10.5200000000000	0.927800000000000
10.5400000000000	0.763430000000000
10.5600000000000	0.651490000000000
10.5800000000000	0.378010000000000
10.6000000000000	0.0538400000000000
10.6200000000000	-0.216550000000000
10.6400000000000	-0.378660000000000
10.6600000000000	-0.416520000000000
10.6800000000000	-0.422190000000000
10.7000000000000	-0.397460000000000
10.7200000000000	-0.478060000000000
10.7400000000000	-0.690050000000000
10.7600000000000	-0.752340000000000
10.7800000000000	-0.693750000000000
10.8000000000000	-0.680450000000000
10.8200000000000	-0.677630000000000
10.8400000000000	-0.601730000000000
10.8600000000000	-0.481710000000000
10.8800000000000	-0.367890000000000
10.9000000000000	-0.306080000000000
10.9200000000000	-0.197240000000000
10.9400000000000	0.00645000000000000
10.9600000000000	0.193920000000000
10.9800000000000	0.299820000000000
11	0.427520000000000
11.0200000000000	0.557770000000000
11.0400000000000	0.583800000000000
11.0600000000000	0.518040000000000
11.0800000000000	0.392340000000000
11.1000000000000	0.314260000000000
11.1200000000000	0.231420000000000
11.1400000000000	0.145750000000000
11.1600000000000	-0.0908600000000000
11.1800000000000	-0.424970000000000
11.2000000000000	-0.611870000000000
11.2200000000000	-0.734110000000000
11.2400000000000	-0.818040000000000
11.2600000000000	-0.794150000000000
11.2800000000000	-0.759920000000000
11.3000000000000	-0.780640000000000
11.3200000000000	-0.738470000000000
11.3400000000000	-0.678670000000000
11.3600000000000	-0.553390000000000
11.3800000000000	-0.396640000000000
11.4000000000000	-0.381490000000000
11.4200000000000	-0.445000000000000
11.4400000000000	-0.468450000000000
11.4600000000000	-0.380480000000000
11.4800000000000	-0.224330000000000
11.5000000000000	-0.119040000000000
11.5200000000000	-0.0941700000000000
11.5400000000000	-0.0937800000000000
11.5600000000000	-0.0761300000000000
11.5800000000000	-0.0595400000000000
11.6000000000000	0.0353900000000000
11.6200000000000	0.291390000000000
11.6400000000000	0.557540000000000
11.6600000000000	0.725610000000000
11.6800000000000	0.810220000000000
11.7000000000000	0.815330000000000
11.7200000000000	0.720380000000000
11.7400000000000	0.663650000000000
11.7600000000000	0.666730000000000
11.7800000000000	0.655430000000000
11.8000000000000	0.537370000000000
11.8200000000000	0.306200000000000
11.8400000000000	0.0551800000000000
11.8600000000000	-0.141590000000000
11.8800000000000	-0.280180000000000
11.9000000000000	-0.343780000000000
11.9200000000000	-0.328990000000000
11.9400000000000	-0.278900000000000
11.9600000000000	-0.128280000000000
11.9800000000000	0.0400600000000000
12	0.101860000000000
12.0200000000000	0.0569900000000000
12.0400000000000	0.0489600000000000
12.0600000000000	0.0707400000000000
12.0800000000000	0.0810800000000000
12.1000000000000	0.174310000000000
12.1200000000000	0.398400000000000
12.1400000000000	0.606900000000000
12.1600000000000	0.610880000000000
12.1800000000000	0.382160000000000
12.2000000000000	0.182880000000000
12.2200000000000	0.124810000000000
12.2400000000000	0.0925400000000000
12.2600000000000	0.0453500000000000
12.2800000000000	-0.00773000000000000
12.3000000000000	-0.0165900000000000
12.3200000000000	0.0157800000000000
12.3400000000000	0.0313200000000000
12.3600000000000	0.00202000000000000
12.3800000000000	-0.0339900000000000
12.4000000000000	-0.0418300000000000
12.4200000000000	-0.0428800000000000
12.4400000000000	-0.192830000000000
12.4600000000000	-0.359520000000000
12.4800000000000	-0.458880000000000
12.5000000000000	-0.647830000000000
12.5200000000000	-0.804190000000000
12.5400000000000	-0.789600000000000
12.5600000000000	-0.691310000000000
12.5800000000000	-0.555930000000000
12.6000000000000	-0.440270000000000
12.6200000000000	-0.370780000000000
12.6400000000000	-0.267760000000000
12.6600000000000	-0.159160000000000
12.6800000000000	-0.0933700000000000
12.7000000000000	-0.0641900000000000
12.7200000000000	0.00361000000000000
12.7400000000000	0.191020000000000
12.7600000000000	0.450700000000000
12.7800000000000	0.617800000000000
12.8000000000000	0.683350000000000
12.8200000000000	0.692680000000000
12.8400000000000	0.622300000000000
12.8600000000000	0.537180000000000
12.8800000000000	0.497260000000000
12.9000000000000	0.485800000000000
12.9200000000000	0.485120000000000
12.9400000000000	0.400840000000000
12.9600000000000	0.229830000000000
12.9800000000000	0.0591900000000000
13	-0.0388100000000000
13.0200000000000	-0.0811500000000000
13.0400000000000	-0.138350000000000
13.0600000000000	-0.196460000000000
13.0800000000000	-0.206180000000000
13.1000000000000	-0.175360000000000
13.1200000000000	-0.212170000000000
13.1400000000000	-0.272100000000000
13.1600000000000	-0.300590000000000
13.1800000000000	-0.318470000000000
13.2000000000000	-0.272800000000000
13.2200000000000	-0.191210000000000
13.2400000000000	-0.171130000000000
13.2600000000000	-0.300040000000000
13.2800000000000	-0.475540000000000
13.3000000000000	-0.582230000000000
13.3200000000000	-0.703460000000000
13.3400000000000	-0.812500000000000
13.3600000000000	-0.793470000000000
13.3800000000000	-0.573920000000000
13.4000000000000	-0.284480000000000
13.4200000000000	-0.104910000000000
13.4400000000000	-0.0195900000000000
13.4600000000000	0.0589200000000000
13.4800000000000	0.161350000000000
13.5000000000000	0.317050000000000
13.5200000000000	0.516380000000000
13.5400000000000	0.667960000000000
13.5600000000000	0.782700000000000
13.5800000000000	0.895050000000000
13.6000000000000	0.958800000000000
13.6200000000000	0.943340000000000
13.6400000000000	0.847820000000000
13.6600000000000	0.688040000000000
13.6800000000000	0.405450000000000
13.7000000000000	0.106010000000000
13.7200000000000	-0.00491000000000000
13.7400000000000	0.0301100000000000
13.7600000000000	0.0575400000000000
13.7800000000000	0.0410300000000000
13.8000000000000	-0.0313800000000000
13.8200000000000	-0.153540000000000
13.8400000000000	-0.212780000000000
13.8600000000000	-0.186190000000000
13.8800000000000	-0.161010000000000
13.9000000000000	-0.181560000000000
13.9200000000000	-0.180260000000000
13.9400000000000	-0.160970000000000
13.9600000000000	-0.144180000000000
13.9800000000000	-0.162340000000000
14	-0.260460000000000
14.0200000000000	-0.395460000000000
14.0400000000000	-0.426030000000000
14.0600000000000	-0.325870000000000
14.0800000000000	-0.176500000000000
14.1000000000000	-0.0747000000000000
14.1200000000000	-0.0393300000000000
14.1400000000000	0.0112000000000000
14.1600000000000	0.0995300000000000
14.1800000000000	0.170500000000000
14.2000000000000	0.147040000000000
14.2200000000000	0.0153000000000000
14.2400000000000	-0.0861500000000000
14.2600000000000	-0.0679900000000000
14.2800000000000	-0.0322200000000000
14.3000000000000	-0.0364200000000000
14.3200000000000	-0.104710000000000
14.3400000000000	-0.192020000000000
14.3600000000000	-0.213010000000000
14.3800000000000	-0.167920000000000
14.4000000000000	-0.130960000000000
14.4200000000000	-0.0552000000000000
14.4400000000000	0.0361200000000000
14.4600000000000	0.145810000000000
14.4800000000000	0.268600000000000
14.5000000000000	0.314660000000000
14.5200000000000	0.268880000000000
14.5400000000000	0.135640000000000
14.5600000000000	0.0390400000000000
14.5800000000000	-0.0210600000000000
14.6000000000000	-0.0655900000000000
14.6200000000000	-0.133490000000000
14.6400000000000	-0.170580000000000
14.6600000000000	-0.118600000000000
14.6800000000000	0.0294100000000000
14.7000000000000	0.209160000000000
14.7200000000000	0.278610000000000
14.7400000000000	0.296210000000000
14.7600000000000	0.342050000000000
14.7800000000000	0.383270000000000
14.8000000000000	0.412620000000000
14.8200000000000	0.458410000000000
14.8400000000000	0.494690000000000
14.8600000000000	0.540150000000000
14.8800000000000	0.575050000000000
14.9000000000000	0.533260000000000
14.9200000000000	0.413260000000000
14.9400000000000	0.209950000000000
14.9600000000000	-0.0435200000000000
14.9800000000000	-0.204820000000000
15	-0.279250000000000
15.0200000000000	-0.366300000000000
15.0400000000000	-0.450900000000000
15.0600000000000	-0.498920000000000
15.0800000000000	-0.492460000000000
15.1000000000000	-0.333920000000000
15.1200000000000	-0.0781600000000000
15.1400000000000	0.157670000000000
15.1600000000000	0.344130000000000
15.1800000000000	0.415210000000000
15.2000000000000	0.406270000000000
15.2200000000000	0.409710000000000
15.2400000000000	0.410180000000000
15.2600000000000	0.398010000000000
15.2800000000000	0.363050000000000
15.3000000000000	0.345220000000000
15.3200000000000	0.367100000000000
15.3400000000000	0.388300000000000
15.3600000000000	0.392670000000000
15.3800000000000	0.347680000000000
15.4000000000000	0.260420000000000
15.4200000000000	0.138590000000000
15.4400000000000	0.0663600000000000
15.4600000000000	0.0701100000000000
15.4800000000000	0.0535600000000000
15.5000000000000	0.0108400000000000
15.5200000000000	-0.0809200000000000
15.5400000000000	-0.141810000000000
15.5600000000000	-0.139650000000000
15.5800000000000	-0.186330000000000
15.6000000000000	-0.288500000000000
15.6200000000000	-0.367020000000000
15.6400000000000	-0.377250000000000
15.6600000000000	-0.353160000000000
15.6800000000000	-0.309010000000000
15.7000000000000	-0.252610000000000
15.7200000000000	-0.149080000000000
15.7400000000000	-0.0318600000000000
15.7600000000000	0.0237300000000000
15.7800000000000	0.0396500000000000
15.8000000000000	0.0335300000000000
15.8200000000000	0.0412000000000000
15.8400000000000	0.0703600000000000
15.8600000000000	0.0945200000000000
15.8800000000000	0.102470000000000
15.9000000000000	0.104470000000000
15.9200000000000	0.103040000000000
15.9400000000000	0.0786500000000000
15.9600000000000	0.0446200000000000
15.9800000000000	-0.00990000000000000
16	-0.0777800000000000
16.0200000000000	-0.142800000000000
16.0400000000000	-0.167070000000000
16.0600000000000	-0.163750000000000
16.0800000000000	-0.189000000000000
16.1000000000000	-0.255140000000000
16.1200000000000	-0.356190000000000
16.1400000000000	-0.405480000000000
16.1600000000000	-0.347660000000000
16.1800000000000	-0.256730000000000
16.2000000000000	-0.198890000000000
16.2200000000000	-0.171570000000000
16.2400000000000	-0.164320000000000
16.2600000000000	-0.166020000000000
16.2800000000000	-0.195860000000000
16.3000000000000	-0.215090000000000
16.3200000000000	-0.227200000000000
16.3400000000000	-0.224990000000000
16.3600000000000	-0.187660000000000
16.3800000000000	-0.140320000000000
16.4000000000000	-0.0874800000000000
16.4200000000000	-0.0309400000000000
16.4400000000000	0.0614900000000000
16.4600000000000	0.103740000000000
16.4800000000000	0.0962500000000000
16.5000000000000	0.0543900000000000
16.5200000000000	0.00167000000000000
16.5400000000000	-0.0468200000000000
16.5600000000000	-0.124620000000000
16.5800000000000	-0.213560000000000
16.6000000000000	-0.283470000000000
16.6200000000000	-0.294880000000000
16.6400000000000	-0.248250000000000
16.6600000000000	-0.184760000000000
16.6800000000000	-0.136470000000000
16.7000000000000	-0.0790100000000000
16.7200000000000	-0.00894000000000000
16.7400000000000	0.0791500000000000
16.7600000000000	0.109940000000000
16.7800000000000	0.0949200000000000
16.8000000000000	0.0721600000000000
16.8200000000000	0.0569200000000000
16.8400000000000	0.0425400000000000
16.8600000000000	0.0383500000000000
16.8800000000000	0.0563300000000000
16.9000000000000	0.0760600000000000
16.9200000000000	0.117530000000000
16.9400000000000	0.125100000000000
16.9600000000000	0.0661200000000000
16.9800000000000	-0.0218800000000000
17	-0.0477200000000000
17.0200000000000	-0.0586200000000000
17.0400000000000	-0.0764700000000000
17.0600000000000	-0.0832800000000000
17.0800000000000	-0.107540000000000
17.1000000000000	-0.119280000000000
17.1200000000000	-0.126650000000000
17.1400000000000	-0.115200000000000
17.1600000000000	-0.0807600000000000
17.1800000000000	-0.0409300000000000
17.2000000000000	-0.0284800000000000
17.2200000000000	-0.0461900000000000
17.2400000000000	-0.0708000000000000
17.2600000000000	-0.0895000000000000
17.2800000000000	-0.0795900000000000
17.3000000000000	-0.0412400000000000
17.3200000000000	0.0259200000000000
17.3400000000000	0.0892500000000000
17.3600000000000	0.135990000000000
17.3800000000000	0.198970000000000
17.4000000000000	0.267780000000000
17.4200000000000	0.309910000000000
17.4400000000000	0.316160000000000
17.4600000000000	0.285560000000000
17.4800000000000	0.238600000000000
17.5000000000000	0.223570000000000
17.5200000000000	0.202510000000000
17.5400000000000	0.157500000000000
17.5600000000000	0.106940000000000
17.5800000000000	0.0888700000000000
17.6000000000000	0.150290000000000
17.6200000000000	0.215050000000000
17.6400000000000	0.243500000000000
17.6600000000000	0.251150000000000
17.6800000000000	0.240730000000000
17.7000000000000	0.200750000000000
17.7200000000000	0.125040000000000
17.7400000000000	0.0360500000000000
17.7600000000000	-0.0357900000000000
17.7800000000000	-0.0912000000000000
17.8000000000000	-0.120410000000000
17.8200000000000	-0.129990000000000
17.8400000000000	-0.135490000000000
17.8600000000000	-0.142670000000000
17.8800000000000	-0.151280000000000
17.9000000000000	-0.155010000000000
17.9200000000000	-0.139520000000000
17.9400000000000	-0.124420000000000
17.9600000000000	-0.128980000000000
17.9800000000000	-0.155980000000000
18	-0.174490000000000
18.0200000000000	-0.191480000000000
18.0400000000000	-0.174100000000000
18.0600000000000	-0.117630000000000
18.0800000000000	-0.108600000000000
18.1000000000000	-0.148200000000000
18.1200000000000	-0.190270000000000
18.1400000000000	-0.170650000000000
18.1600000000000	-0.124660000000000
18.1800000000000	-0.104020000000000
18.2000000000000	-0.111820000000000
18.2200000000000	-0.121080000000000
18.2400000000000	-0.0993000000000000
18.2600000000000	-0.0699400000000000
18.2800000000000	-0.0404400000000000
18.3000000000000	-0.00157000000000000
18.3200000000000	0.0160900000000000
18.3400000000000	-0.00401000000000000
18.3600000000000	-0.0203700000000000
18.3800000000000	-0.0165800000000000
18.4000000000000	-0.0105600000000000
18.4200000000000	-0.0328600000000000
18.4400000000000	-0.0607200000000000
18.4600000000000	-0.0700300000000000
18.4800000000000	-0.0789700000000000
18.5000000000000	-0.0705700000000000
18.5200000000000	-0.0523800000000000
18.5400000000000	-0.0269100000000000
18.5600000000000	0.0125700000000000
18.5800000000000	0.0367200000000000
18.6000000000000	0.0471200000000000
18.6200000000000	0.0886600000000000
18.6400000000000	0.146330000000000
18.6600000000000	0.198290000000000
18.6800000000000	0.195780000000000
18.7000000000000	0.178260000000000
18.7200000000000	0.166950000000000
18.7400000000000	0.129220000000000
18.7600000000000	0.0704700000000000
18.7800000000000	0.00804000000000000
18.8000000000000	-0.0310200000000000
18.8200000000000	-0.0579300000000000
18.8400000000000	-0.0757300000000000
18.8600000000000	-0.0728100000000000
18.8800000000000	-0.0421200000000000
18.9000000000000	-0.0153000000000000
18.9200000000000	-0.0276000000000000
18.9400000000000	-0.0952500000000000
18.9600000000000	-0.158750000000000
18.9800000000000	-0.174110000000000
19	-0.126130000000000
19.0200000000000	-0.100130000000000
19.0400000000000	-0.0744300000000000
19.0600000000000	-0.0391800000000000
19.0800000000000	-0.0378600000000000
19.1000000000000	0.0113600000000000
19.1200000000000	0.0355800000000000
19.1400000000000	0.0610500000000000
19.1600000000000	0.0525000000000000
19.1800000000000	0.0392700000000000
19.2000000000000	0.0626700000000000
19.2200000000000	0.0720800000000000
19.2400000000000	0.0503700000000000
19.2600000000000	-0.0169100000000000
19.2800000000000	-0.0822700000000000
19.3000000000000	-0.142720000000000
19.3200000000000	-0.121700000000000
19.3400000000000	-0.0668800000000000
19.3600000000000	-0.00299000000000000
19.3800000000000	0.0469800000000000
19.4000000000000	0.0820900000000000
19.4200000000000	0.0940100000000000
19.4400000000000	0.0931400000000000
19.4600000000000	0.0843200000000000
19.4800000000000	0.0547300000000000
19.5000000000000	0.0425400000000000
19.5200000000000	0.0164000000000000
19.5400000000000	0.0142200000000000
19.5600000000000	0.00983000000000000
19.5800000000000	0.00292000000000000
19.6000000000000	0.00853000000000000
19.6200000000000	0.0135100000000000
19.6400000000000	0.0337400000000000
19.6600000000000	0.0611200000000000
19.6800000000000	0.0758800000000000
19.7000000000000	0.0823700000000000
19.7200000000000	0.100020000000000
19.7400000000000	0.127200000000000
19.7600000000000	0.152460000000000
19.7800000000000	0.178500000000000
19.8000000000000	0.198820000000000
19.8200000000000	0.186980000000000
19.8400000000000	0.141640000000000
19.8600000000000	0.0920600000000000
19.8800000000000	0.0701600000000000
19.9000000000000	0.0617100000000000
19.9200000000000	0.0450300000000000
19.9400000000000	0.0354600000000000
19.9600000000000	0.0279300000000000
19.9800000000000	0.0132900000000000
20	0.00282000000000000
20.0200000000000	-0.00661000000000000
20.0400000000000	0.0122400000000000
20.0600000000000	0.0287300000000000
20.0800000000000	0.0166400000000000
20.1000000000000	0.000890000000000000
20.1200000000000	-0.0292400000000000
20.1400000000000	-0.0572500000000000
20.1600000000000	-0.0892600000000000
20.1800000000000	-0.132010000000000
20.2000000000000	-0.157270000000000
20.2200000000000	-0.162200000000000
20.2400000000000	-0.148480000000000
20.2600000000000	-0.105610000000000
20.2800000000000	-0.0612300000000000
20.3000000000000	-0.0334800000000000
20.3200000000000	-0.00479000000000000
20.3400000000000	0.0245700000000000
20.3600000000000	0.0570500000000000
20.3800000000000	0.0779800000000000
20.4000000000000	0.0793100000000000
20.4200000000000	0.0625800000000000
20.4400000000000	0.0396100000000000
20.4600000000000	0.00904000000000000
20.4800000000000	-0.0181200000000000
20.5000000000000	-0.0266800000000000
20.5200000000000	-0.0391100000000000
20.5400000000000	-0.0547200000000000
20.5600000000000	-0.0745700000000000
20.5800000000000	-0.101830000000000
20.6000000000000	-0.124850000000000
20.6200000000000	-0.127240000000000
20.6400000000000	-0.112040000000000
20.6600000000000	-0.0935400000000000
20.6800000000000	-0.0835000000000000
20.7000000000000	-0.0565100000000000
20.7200000000000	-0.0160600000000000
20.7400000000000	0.0173500000000000
20.7600000000000	0.0251100000000000
20.7800000000000	0.00318000000000000
20.8000000000000	-0.0205800000000000
20.8200000000000	-0.0390100000000000
20.8400000000000	-0.0457900000000000
20.8600000000000	-0.0419200000000000
20.8800000000000	-0.0496700000000000
20.9000000000000	-0.0549200000000000
20.9200000000000	-0.0459700000000000
20.9400000000000	-0.0392300000000000
20.9600000000000	-0.0216000000000000
20.9800000000000	-0.0201900000000000
21	-0.0181400000000000
21.0200000000000	-0.0393200000000000
21.0400000000000	-0.0581200000000000
21.0600000000000	-0.0732700000000000
21.0800000000000	-0.0848000000000000
21.1000000000000	-0.0776600000000000
21.1200000000000	-0.0858000000000000
21.1400000000000	-0.0849700000000000
21.1600000000000	-0.0753900000000000
21.1800000000000	-0.0434800000000000
21.2000000000000	-0.00536000000000000
21.2200000000000	0.0130400000000000
21.2400000000000	0.0367300000000000
21.2600000000000	0.0620400000000000
21.2800000000000	0.0801100000000000
21.3000000000000	0.0941500000000000
21.3200000000000	0.116140000000000
21.3400000000000	0.136710000000000
21.3600000000000	0.139030000000000
21.3800000000000	0.123770000000000
21.4000000000000	0.106080000000000
21.4200000000000	0.108890000000000
21.4400000000000	0.111090000000000
21.4600000000000	0.113390000000000
21.4800000000000	0.109130000000000
21.5000000000000	0.0923000000000000
21.5200000000000	0.0868300000000000
21.5400000000000	0.0889600000000000
21.5600000000000	0.108800000000000
21.5800000000000	0.112460000000000
21.6000000000000	0.113170000000000
21.6200000000000	0.111090000000000
21.6400000000000	0.100120000000000
21.6600000000000	0.0910800000000000
21.6800000000000	0.0832600000000000
21.7000000000000	0.0861100000000000
21.7200000000000	0.104000000000000
21.7400000000000	0.109150000000000
21.7600000000000	0.0890400000000000
21.7800000000000	0.0560600000000000
21.8000000000000	0.0189300000000000
21.8200000000000	-0.0135400000000000
21.8400000000000	-0.0261900000000000
21.8600000000000	-0.0355300000000000
21.8800000000000	-0.0722300000000000
21.9000000000000	-0.0928700000000000
21.9200000000000	-0.0850800000000000
21.9400000000000	-0.0820900000000000
21.9600000000000	-0.0818800000000000
21.9800000000000	-0.0851600000000000
22	-0.0670100000000000
22.0200000000000	-0.0578100000000000
22.0400000000000	-0.0323500000000000
22.0600000000000	-0.0106800000000000
22.0800000000000	0.0113700000000000
22.1000000000000	0.0409200000000000
22.1200000000000	0.0361900000000000
22.1400000000000	0.0256700000000000
22.1600000000000	0.00874000000000000
22.1800000000000	0.00822000000000000
22.2000000000000	0.00109000000000000
22.2200000000000	0.0147400000000000
22.2400000000000	0.0430200000000000
22.2600000000000	0.101710000000000
22.2800000000000	0.148260000000000
22.3000000000000	0.169020000000000
22.3200000000000	0.193970000000000
22.3400000000000	0.193050000000000
22.3600000000000	0.167230000000000
22.3800000000000	0.109480000000000
22.4000000000000	0.0581100000000000
22.4200000000000	0.0171800000000000
22.4400000000000	-0.0270000000000000
22.4600000000000	-0.0652500000000000
22.4800000000000	-0.0928100000000000
22.5000000000000	-0.0876400000000000
22.5200000000000	-0.0701600000000000
22.5400000000000	-0.0607200000000000
22.5600000000000	-0.0467000000000000
22.5800000000000	-0.0123700000000000
22.6000000000000	0.0192300000000000
22.6200000000000	0.0285300000000000
22.6400000000000	0.0337000000000000
22.6600000000000	0.0253000000000000
22.6800000000000	-0.000650000000000000
22.7000000000000	-0.0191600000000000
22.7200000000000	-0.00327000000000000
22.7400000000000	0.0407700000000000
22.7600000000000	0.0756400000000000
22.7800000000000	0.0842300000000000
22.8000000000000	0.0848900000000000
22.8200000000000	0.0698200000000000
22.8400000000000	0.0453100000000000
22.8600000000000	0.00350000000000000
22.8800000000000	-0.0426300000000000
22.9000000000000	-0.0911300000000000
22.9200000000000	-0.138080000000000
22.9400000000000	-0.177340000000000
22.9600000000000	-0.198010000000000
22.9800000000000	-0.200460000000000
23	-0.201150000000000
23.0200000000000	-0.201350000000000
23.0400000000000	-0.180990000000000
23.0600000000000	-0.120040000000000
23.0800000000000	-0.0776200000000000
23.1000000000000	-0.0466600000000000
23.1200000000000	-0.0429400000000000
23.1400000000000	-0.0343200000000000
23.1600000000000	-0.0208100000000000
23.1800000000000	-0.0221300000000000
23.2000000000000	-0.0130500000000000
23.2200000000000	0.00378000000000000
23.2400000000000	0.0127000000000000
23.2600000000000	0.0216700000000000
23.2800000000000	0.0227200000000000
23.3000000000000	-0.000100000000000000
23.3200000000000	-0.00601000000000000
23.3400000000000	-0.0214300000000000
23.3600000000000	-0.0400400000000000
23.3800000000000	-0.0465300000000000
23.4000000000000	-0.0503500000000000
23.4200000000000	-0.0486000000000000
23.4400000000000	-0.0333000000000000
23.4600000000000	-0.0100500000000000
23.4800000000000	0.00518000000000000
23.5000000000000	0.0163700000000000
23.5200000000000	-0.00247000000000000
23.5400000000000	-0.0392900000000000
23.5600000000000	-0.0470700000000000
23.5800000000000	-0.0235800000000000
23.6000000000000	0.00953000000000000
23.6200000000000	0.0358000000000000
23.6400000000000	0.0595200000000000
23.6600000000000	0.0883000000000000
23.6800000000000	0.104550000000000
23.7000000000000	0.110690000000000
23.7200000000000	0.106020000000000
23.7400000000000	0.0898300000000000
23.7600000000000	0.0762100000000000
23.7800000000000	0.0595100000000000
23.8000000000000	0.0470100000000000
23.8200000000000	0.0364100000000000
23.8400000000000	0.0320500000000000
23.8600000000000	0.0333500000000000
23.8800000000000	0.0465700000000000
23.9000000000000	0.0566300000000000
23.9200000000000	0.0822700000000000
23.9400000000000	0.109270000000000
23.9600000000000	0.115850000000000
23.9800000000000	0.108120000000000
24	0.0908300000000000
24.0200000000000	0.0705800000000000
24.0400000000000	0.0149800000000000
24.0600000000000	-0.0199000000000000
24.0800000000000	-0.0471800000000000
24.1000000000000	-0.0638900000000000
24.1200000000000	-0.0737100000000000
24.1400000000000	-0.0668000000000000
24.1600000000000	-0.0539000000000000
24.1800000000000	-0.0717900000000000
24.2000000000000	-0.0777800000000000
24.2200000000000	-0.0741800000000000
24.2400000000000	-0.0499200000000000
24.2600000000000	-0.0253200000000000
24.2800000000000	-0.0193100000000000
24.3000000000000	0.00638000000000000
24.3200000000000	0.0326600000000000
24.3400000000000	0.0343300000000000
24.3600000000000	0.0397100000000000
24.3800000000000	0.0462600000000000
24.4000000000000	0.0366800000000000
24.4200000000000	0.0277200000000000
24.4400000000000	-0.00141000000000000
24.4600000000000	-0.0138900000000000
24.4800000000000	-0.0126300000000000
24.5000000000000	-0.0163300000000000
24.5200000000000	-0.0259200000000000
24.5400000000000	-0.0572700000000000
24.5600000000000	-0.0705400000000000
24.5800000000000	-0.0834400000000000
24.6000000000000	-0.0965800000000000
24.6200000000000	-0.107430000000000
24.6400000000000	-0.111560000000000
24.6600000000000	-0.0927900000000000
24.6800000000000	-0.0663400000000000
24.7000000000000	-0.0307800000000000
24.7200000000000	-0.0118900000000000
24.7400000000000	0.00206000000000000
24.7600000000000	0.0196900000000000
24.7800000000000	0.0246900000000000
24.8000000000000	0.0402000000000000
24.8200000000000	0.0534600000000000
24.8400000000000	0.0449000000000000
24.8600000000000	0.0317400000000000
24.8800000000000	0.0321700000000000
24.9000000000000	0.0200900000000000
24.9200000000000	0.00896000000000000
24.9400000000000	0.00183000000000000
24.9600000000000	-0.0154400000000000
24.9800000000000	-0.0460000000000000
25	-0.0727500000000000
25.0200000000000	-0.0920300000000000
25.0400000000000	-0.118030000000000
25.0600000000000	-0.138050000000000
25.0800000000000	-0.160740000000000
25.1000000000000	-0.179320000000000
25.1200000000000	-0.193510000000000
25.1400000000000	-0.204870000000000
25.1600000000000	-0.186790000000000
25.1800000000000	-0.151890000000000
25.2000000000000	-0.133090000000000
25.2200000000000	-0.0919100000000000
25.2400000000000	-0.0480300000000000
25.2600000000000	-0.0158800000000000
25.2800000000000	0.00361000000000000
25.3000000000000	0.00724000000000000
25.3200000000000	0.00776000000000000
25.3400000000000	0.00811000000000000
25.3600000000000	0.0346600000000000
25.3800000000000	0.0712000000000000
25.4000000000000	0.103760000000000
25.4200000000000	0.130780000000000
25.4400000000000	0.143960000000000
25.4600000000000	0.141650000000000
25.4800000000000	0.136510000000000
25.5000000000000	0.143780000000000
25.5200000000000	0.147260000000000
25.5400000000000	0.137560000000000
25.5600000000000	0.119500000000000
25.5800000000000	0.0963100000000000
25.6000000000000	0.0738900000000000
25.6200000000000	0.0438200000000000
25.6400000000000	0.00986000000000000
25.6600000000000	0.00713000000000000
25.6800000000000	0.0183900000000000
25.7000000000000	0.0326300000000000
25.7200000000000	0.0308800000000000
25.7400000000000	0.0229300000000000
25.7600000000000	0.00710000000000000
25.7800000000000	-0.0195200000000000
25.8000000000000	-0.0414900000000000
25.8200000000000	-0.0654100000000000
25.8400000000000	-0.0934100000000000
25.8600000000000	-0.114070000000000
25.8800000000000	-0.127850000000000
25.9000000000000	-0.148850000000000
25.9200000000000	-0.152540000000000
25.9400000000000	-0.139660000000000
25.9600000000000	-0.113700000000000
25.9800000000000	-0.0876000000000000
26	-0.0309200000000000
26.0200000000000	0.0169500000000000
26.0400000000000	0.0237900000000000
26.0600000000000	0.0325500000000000
26.0800000000000	0.0450000000000000
26.1000000000000	0.0570900000000000
26.1200000000000	0.0660700000000000
26.1400000000000	0.0819900000000000
26.1600000000000	0.0957200000000000
26.1800000000000	0.108160000000000
26.2000000000000	0.120340000000000
26.2200000000000	0.136860000000000
26.2400000000000	0.149000000000000
26.2600000000000	0.150100000000000
26.2800000000000	0.142070000000000
26.3000000000000	0.119590000000000
26.3200000000000	0.100550000000000
26.3400000000000	0.0843200000000000
26.3600000000000	0.0839400000000000
26.3800000000000	0.0853500000000000
26.4000000000000	0.102390000000000
26.4200000000000	0.116310000000000
26.4400000000000	0.100870000000000
26.4600000000000	0.0783000000000000
26.4800000000000	0.0473700000000000
26.5000000000000	0.0212600000000000
26.5200000000000	-0.00678000000000000
26.5400000000000	-0.0389200000000000
26.5600000000000	-0.0630600000000000
26.5800000000000	-0.0767900000000000
26.6000000000000	-0.0774700000000000
26.6200000000000	-0.0817600000000000
26.6400000000000	-0.100600000000000
26.6600000000000	-0.106540000000000
26.6800000000000	-0.112830000000000
26.7000000000000	-0.102690000000000
26.7200000000000	-0.0837600000000000
26.7400000000000	-0.0738900000000000
26.7600000000000	-0.0645100000000000
26.7800000000000	-0.0643300000000000
26.8000000000000	-0.0758100000000000
26.8200000000000	-0.0924200000000000
26.8400000000000	-0.111080000000000
26.8600000000000	-0.125090000000000
26.8800000000000	-0.128730000000000
26.9000000000000	-0.101380000000000
26.9200000000000	-0.0651600000000000
26.9400000000000	-0.0432500000000000
26.9600000000000	-0.0144500000000000
26.9800000000000	0.00307000000000000
27	0.0306900000000000
27.0200000000000	0.0514200000000000
27.0400000000000	0.0611600000000000
27.0600000000000	0.0832900000000000
27.0800000000000	0.0790000000000000
27.1000000000000	0.0651600000000000
27.1200000000000	0.0337000000000000
27.1400000000000	0.0109700000000000
27.1600000000000	0.0250200000000000
27.1800000000000	0.0369800000000000
27.2000000000000	0.0480500000000000
27.2200000000000	0.0526900000000000
27.2400000000000	0.0365900000000000
27.2600000000000	0.0305800000000000
27.2800000000000	0.0331400000000000
27.3000000000000	0.0346700000000000
27.3200000000000	0.0528800000000000
27.3400000000000	0.0559800000000000
27.3600000000000	0.0485800000000000
27.3800000000000	0.0391300000000000
27.4000000000000	0.0217600000000000
27.4200000000000	0.0128200000000000
27.4400000000000	0.00818000000000000
27.4600000000000	0.00193000000000000
27.4800000000000	-0.00509000000000000
27.5000000000000	-0.00332000000000000
27.5200000000000	0.000310000000000000
27.5400000000000	0.0104200000000000
27.5600000000000	0.00640000000000000
27.5800000000000	0.00473000000000000
27.6000000000000	-0.00147000000000000
27.6200000000000	-0.0296800000000000
27.6400000000000	-0.0506700000000000
27.6600000000000	-0.0718200000000000
27.6800000000000	-0.0843600000000000
27.7000000000000	-0.0972400000000000
27.7200000000000	-0.0894100000000000
27.7400000000000	-0.0734000000000000
27.7600000000000	-0.0538900000000000
27.7800000000000	-0.0273000000000000
27.8000000000000	-0.0144900000000000
27.8200000000000	-0.00965000000000000
27.8400000000000	0.0162300000000000
27.8600000000000	0.0414100000000000
27.8800000000000	0.0714200000000000
27.9000000000000	0.0820300000000000
27.9200000000000	0.0736300000000000
27.9400000000000	0.0709700000000000
27.9600000000000	0.0839900000000000
27.9800000000000	0.0759100000000000
28	0.0579100000000000
28.0200000000000	0.0450100000000000
28.0400000000000	0.00286000000000000
28.0600000000000	-0.0141100000000000
28.0800000000000	-0.0230300000000000
28.1000000000000	-0.0249700000000000
28.1200000000000	-0.0258100000000000
28.1400000000000	-0.0602900000000000
28.1600000000000	-0.0780000000000000
28.1800000000000	-0.0846000000000000
28.2000000000000	-0.0845600000000000
28.2200000000000	-0.0693700000000000
28.2400000000000	-0.0725400000000000
28.2600000000000	-0.0606700000000000
28.2800000000000	-0.0508100000000000
28.3000000000000	-0.0442300000000000
28.3200000000000	-0.0315100000000000
28.3400000000000	-0.0228400000000000
28.3600000000000	-0.0265300000000000
28.3800000000000	-0.0242500000000000
28.4000000000000	-0.0169500000000000
28.4200000000000	-0.0231400000000000
28.4400000000000	-0.0222800000000000
28.4600000000000	-0.0340300000000000
28.4800000000000	-0.0427700000000000
28.5000000000000	-0.0323700000000000
28.5200000000000	-0.0189200000000000
28.5400000000000	-0.0185100000000000
28.5600000000000	0.00639000000000000
28.5800000000000	0.0146300000000000
28.6000000000000	0.00956000000000000
28.6200000000000	0.0154800000000000
28.6400000000000	0.0142500000000000
28.6600000000000	0.0361900000000000
28.6800000000000	0.0337100000000000
28.7000000000000	0.0401700000000000
28.7200000000000	0.0341300000000000
28.7400000000000	0.0194300000000000
28.7600000000000	0.00342000000000000
28.7800000000000	0.00367000000000000
28.8000000000000	0.0121800000000000
28.8200000000000	0.0186100000000000
28.8400000000000	0.0417700000000000
28.8600000000000	0.0505000000000000
28.8800000000000	0.0724500000000000
28.9000000000000	0.0961500000000000
28.9200000000000	0.123490000000000
28.9400000000000	0.142450000000000
28.9600000000000	0.151610000000000
28.9800000000000	0.151830000000000
29	0.152730000000000
29.0200000000000	0.126200000000000
29.0400000000000	0.102170000000000
29.0600000000000	0.0876500000000000
29.0800000000000	0.0598600000000000
29.1000000000000	0.0410500000000000
29.1200000000000	0.0175500000000000
29.1400000000000	0.0142700000000000
29.1600000000000	0.0233000000000000
29.1800000000000	0.0167900000000000
29.2000000000000	0.0177700000000000
29.2200000000000	0.0292000000000000
29.2400000000000	0.0306200000000000
29.2600000000000	0.0402000000000000
29.2800000000000	0.0301500000000000
29.3000000000000	0.0110700000000000
29.3200000000000	0.00667000000000000
29.3400000000000	-0.0228500000000000
29.3600000000000	-0.0531600000000000
29.3800000000000	-0.0744900000000000
29.4000000000000	-0.0717500000000000
29.4200000000000	-0.0504000000000000
29.4400000000000	-0.0264300000000000
29.4600000000000	0.00164000000000000
29.4800000000000	0.0195500000000000
29.5000000000000	0.0279100000000000
29.5200000000000	0.0209600000000000
29.5400000000000	0.00645000000000000
29.5600000000000	0.00798000000000000
29.5800000000000	0.00797000000000000
29.6000000000000	0.00737000000000000
29.6200000000000	0.00164000000000000
29.6400000000000	-0.0110900000000000
29.6600000000000	-0.0112700000000000
29.6800000000000	-0.0223900000000000
29.7000000000000	-0.0394500000000000
29.7200000000000	-0.0427100000000000
29.7400000000000	-0.0375500000000000
29.7600000000000	-0.0356500000000000
29.7800000000000	-0.0329300000000000
29.8000000000000	-0.0342100000000000
29.8200000000000	-0.0406000000000000
29.8400000000000	-0.0449600000000000
29.8600000000000	-0.0463500000000000
29.8800000000000	-0.0441700000000000
29.9000000000000	-0.0450000000000000
29.9200000000000	-0.0592000000000000
29.9400000000000	-0.0723000000000000
29.9600000000000	-0.0644400000000000
29.9800000000000	-0.0673600000000000
30	-0.0572700000000000
30.0200000000000	-0.0602500000000000
30.0400000000000	-0.0502500000000000
30.0600000000000	-0.0112500000000000
30.0800000000000	0.00469000000000000
30.1000000000000	0.0254600000000000
30.1200000000000	0.0311000000000000
30.1400000000000	0.0400200000000000
30.1600000000000	0.0396300000000000
30.1800000000000	0.0313700000000000
30.2000000000000	0.0152800000000000
30.2200000000000	0.00273000000000000
30.2400000000000	-0.0125900000000000
30.2600000000000	-0.0167400000000000
30.2800000000000	-0.0151500000000000
30.3000000000000	-0.00811000000000000
30.3200000000000	0.0263800000000000
30.3400000000000	0.0427600000000000
30.3600000000000	0.0735900000000000
30.3800000000000	0.0825600000000000
30.4000000000000	0.0767600000000000
30.4200000000000	0.0676100000000000
30.4400000000000	0.0626000000000000
30.4600000000000	0.0491000000000000
30.4800000000000	0.0342400000000000
30.5000000000000	0.0327500000000000
30.5200000000000	0.0148500000000000
30.5400000000000	0.00529000000000000
30.5600000000000	0.0121700000000000
30.5800000000000	-0.00110000000000000
30.6000000000000	-0.0190200000000000
30.6200000000000	-0.0368800000000000
30.6400000000000	-0.0518300000000000
30.6600000000000	-0.0605700000000000
30.6800000000000	-0.0711200000000000
30.7000000000000	-0.0904200000000000
30.7200000000000	-0.0912900000000000
30.7400000000000	-0.0749500000000000
30.7600000000000	-0.0832000000000000
30.7800000000000	-0.0846800000000000
30.8000000000000	-0.0966600000000000
30.8200000000000	-0.112760000000000
30.8400000000000	-0.107560000000000
30.8600000000000	-0.100630000000000
30.8800000000000	-0.0978300000000000
30.9000000000000	-0.0960600000000000
30.9200000000000	-0.0852700000000000
30.9400000000000	-0.0637900000000000
30.9600000000000	-0.0369900000000000
30.9800000000000	-0.0239800000000000
31	-0.00626000000000000
31.0200000000000	0.00869000000000000
31.0400000000000	-0.00414000000000000
31.0600000000000	0.00176000000000000
31.0800000000000	-0.00801000000000000
31.1000000000000	-0.0141400000000000
31.1200000000000	-0.0248000000000000
31.1400000000000	-0.0333600000000000
31.1600000000000	-0.0265500000000000
31.1800000000000	-0.0249800000000000
31.2000000000000	-0.0223400000000000
31.2200000000000	-0.0149000000000000
31.2400000000000	-0.00212000000000000
31.2600000000000	0.00642000000000000
31.2800000000000	0.0238600000000000
31.3000000000000	0.0252500000000000
31.3200000000000	0.0338600000000000
31.3400000000000	0.0323800000000000
31.3600000000000	0.0188200000000000
31.3800000000000	0.00899000000000000
31.4000000000000	-0.00282000000000000
31.4200000000000	-0.0120100000000000
31.4400000000000	-0.0261600000000000
31.4600000000000	-0.0334800000000000
31.4800000000000	-0.0484600000000000
31.5000000000000	-0.0645800000000000
31.5200000000000	-0.0656600000000000
31.5400000000000	-0.0677700000000000
31.5600000000000	-0.0540400000000000
31.5800000000000	-0.0444900000000000
31.6000000000000	-0.0433700000000000
31.6200000000000	-0.0451000000000000
31.6400000000000	-0.0486600000000000
31.6600000000000	-0.0298100000000000
31.6800000000000	-0.0135400000000000
31.7000000000000	0.00989000000000000
31.7200000000000	0.0397400000000000
31.7400000000000	0.0586000000000000
31.7600000000000	0.0751400000000000
31.7800000000000	0.0933100000000000
31.8000000000000	0.102340000000000
31.8200000000000	0.108330000000000
31.8400000000000	0.128600000000000
31.8600000000000	0.134740000000000
31.8800000000000	0.145130000000000
31.9000000000000	0.140880000000000
31.9200000000000	0.129010000000000
31.9400000000000	0.122650000000000
31.9600000000000	0.108360000000000
31.9800000000000	0.0886300000000000
32	0.0721700000000000
32.0200000000000	0.0618800000000000
32.0400000000000	0.0365800000000000
32.0600000000000	0.0322200000000000
32.0800000000000	0.0316800000000000
32.1000000000000	0.0347700000000000
32.1200000000000	0.0279300000000000
32.1400000000000	0.0111300000000000
32.1600000000000	0.00120000000000000
32.1800000000000	-0.0109500000000000
32.2000000000000	-0.0179400000000000
32.2200000000000	-0.0361400000000000
32.2400000000000	-0.0598000000000000
32.2600000000000	-0.0687000000000000
32.2800000000000	-0.0806400000000000
32.3000000000000	-0.0761500000000000
32.3200000000000	-0.0593800000000000
32.3400000000000	-0.0421800000000000
32.3600000000000	-0.0266700000000000
32.3800000000000	-0.0269200000000000
32.4000000000000	-0.0316900000000000
32.4200000000000	-0.0313700000000000
32.4400000000000	-0.0225900000000000
32.4600000000000	-0.0255300000000000
32.4800000000000	-0.0132400000000000
32.5000000000000	-0.00480000000000000
32.5200000000000	0.000740000000000000
32.5400000000000	0.000210000000000000
32.5600000000000	0.00771000000000000
32.5800000000000	0.0122200000000000
32.6000000000000	0.00828000000000000
32.6200000000000	0.0237800000000000
32.6400000000000	0.0278100000000000
32.6600000000000	0.0575100000000000
32.6800000000000	0.0751500000000000
32.7000000000000	0.0835100000000000
32.7200000000000	0.0766300000000000
32.7400000000000	0.0698200000000000
32.7600000000000	0.0646200000000000
32.7800000000000	0.0549000000000000
32.8000000000000	0.0411900000000000
32.8200000000000	0.0206000000000000
32.8400000000000	-0.00117000000000000
32.8600000000000	-0.0144900000000000
32.8800000000000	-0.0267900000000000
32.9000000000000	-0.0408000000000000
32.9200000000000	-0.0403000000000000
32.9400000000000	-0.0364300000000000
32.9600000000000	-0.0255200000000000
32.9800000000000	-0.0365200000000000
33	-0.0284600000000000
33.0200000000000	-0.0371400000000000
33.0400000000000	-0.0529300000000000
33.0600000000000	-0.0451900000000000
33.0800000000000	-0.0501700000000000
33.1000000000000	-0.0460800000000000
33.1200000000000	-0.0432400000000000
33.1400000000000	-0.0357800000000000
33.1600000000000	-0.0328300000000000
33.1800000000000	-0.0254500000000000
33.2000000000000	-0.0265800000000000
33.2200000000000	-0.0329300000000000
33.2400000000000	-0.0378500000000000
33.2600000000000	-0.0265100000000000
33.2800000000000	-0.0162800000000000
33.3000000000000	-0.0167500000000000
33.3200000000000	0.00141000000000000
33.3400000000000	0.0226300000000000
33.3600000000000	0.0305900000000000
33.3800000000000	0.0462200000000000
33.4000000000000	0.0695600000000000
33.4200000000000	0.0833400000000000
33.4400000000000	0.105330000000000
33.4600000000000	0.119890000000000
33.4800000000000	0.118570000000000
33.5000000000000	0.124970000000000
33.5200000000000	0.127590000000000
33.5400000000000	0.109420000000000
33.5600000000000	0.0991900000000000
33.5800000000000	0.0843600000000000
33.6000000000000	0.0823100000000000
33.6200000000000	0.0659100000000000
33.6400000000000	0.0440600000000000
33.6600000000000	0.0313700000000000
33.6800000000000	0.00881000000000000
33.7000000000000	-0.0164500000000000
33.7200000000000	-0.0305900000000000
33.7400000000000	-0.0443800000000000
33.7600000000000	-0.0680300000000000
33.7800000000000	-0.0666400000000000
33.8000000000000	-0.0723000000000000
33.8200000000000	-0.0750200000000000
33.8400000000000	-0.0811600000000000
33.8600000000000	-0.0761100000000000
33.8800000000000	-0.0675800000000000
33.9000000000000	-0.0672900000000000
33.9200000000000	-0.0634800000000000
33.9400000000000	-0.0639200000000000
33.9600000000000	-0.0515900000000000
33.9800000000000	-0.0434500000000000
34	-0.0330200000000000
34.0200000000000	-0.0213200000000000
34.0400000000000	-0.0205700000000000
34.0600000000000	0.00244000000000000
34.0800000000000	0.0173300000000000
34.1000000000000	0.0291600000000000
34.1200000000000	0.0338800000000000
34.1400000000000	0.0428400000000000
34.1600000000000	0.0623000000000000
34.1800000000000	0.0688000000000000
34.2000000000000	0.0766100000000000
34.2200000000000	0.0776600000000000
34.2400000000000	0.0689500000000000
34.2600000000000	0.0573600000000000
34.2800000000000	0.0488100000000000
34.3000000000000	0.0393000000000000
34.3200000000000	0.0235200000000000
34.3400000000000	0.00577000000000000
34.3600000000000	-0.00946000000000000
34.3800000000000	-0.0188100000000000
34.4000000000000	-0.0220200000000000
34.4200000000000	-0.0169000000000000
34.4400000000000	-0.0210200000000000
34.4600000000000	-0.0270600000000000
34.4800000000000	-0.0392000000000000
34.5000000000000	-0.0351900000000000
34.5200000000000	-0.0308100000000000
34.5400000000000	-0.0504900000000000
34.5600000000000	-0.0409000000000000
34.5800000000000	-0.0250400000000000
34.6000000000000	-0.0121200000000000
34.6200000000000	-0.0121700000000000
34.6400000000000	-0.00695000000000000
34.6600000000000	0.00274000000000000
34.6800000000000	-0.00172000000000000
34.7000000000000	-0.0192200000000000
34.7200000000000	-0.0357900000000000
34.7400000000000	-0.0505600000000000
34.7600000000000	-0.0568300000000000
34.7800000000000	-0.0479600000000000
34.8000000000000	-0.0485200000000000
34.8200000000000	-0.0412800000000000
34.8400000000000	-0.0245100000000000
34.8600000000000	-0.0152600000000000
34.8800000000000	0.00390000000000000
34.9000000000000	0.00363000000000000
34.9200000000000	-0.0125300000000000
34.9400000000000	-0.0139500000000000
34.9600000000000	-0.0212200000000000
34.9800000000000	-0.0189600000000000
35	-0.0164500000000000
35.0200000000000	-0.0183900000000000
35.0400000000000	-0.0210300000000000
35.0600000000000	-0.0181600000000000
35.0800000000000	-0.0250300000000000
35.1000000000000	-0.0308600000000000
35.1200000000000	-0.0353100000000000
35.1400000000000	-0.0543700000000000
35.1600000000000	-0.0580900000000000
35.1800000000000	-0.0687500000000000
35.2000000000000	-0.0725800000000000
35.2200000000000	-0.0792300000000000
35.2400000000000	-0.0750900000000000
35.2600000000000	-0.0779600000000000
35.2800000000000	-0.0678100000000000
35.3000000000000	-0.0440500000000000
35.3200000000000	-0.0299600000000000
35.3400000000000	-0.00239000000000000
35.3600000000000	0.00611000000000000
35.3800000000000	0.0247500000000000
35.4000000000000	0.0389300000000000
35.4200000000000	0.0398100000000000
35.4400000000000	0.0438500000000000
35.4600000000000	0.0455100000000000
35.4800000000000	0.0502600000000000
35.5000000000000	0.0692300000000000
35.5200000000000	0.0723300000000000
35.5400000000000	0.0666900000000000
35.5600000000000	0.0644800000000000
35.5800000000000	0.0527700000000000
35.6000000000000	0.0479800000000000
35.6200000000000	0.0368400000000000
35.6400000000000	0.0208100000000000
35.6600000000000	0.0191600000000000
35.6800000000000	0.00456000000000000
35.7000000000000	0.00130000000000000
35.7200000000000	-0.000850000000000000
35.7400000000000	-0.00460000000000000
35.7600000000000	-0.00479000000000000
35.7800000000000	-0.00183000000000000
35.8000000000000	0.0136800000000000
35.8200000000000	0.0231200000000000
35.8400000000000	0.0291900000000000
35.8600000000000	0.0361200000000000
35.8800000000000	0.0419100000000000
35.9000000000000	0.0304200000000000
35.9200000000000	0.0286300000000000
35.9400000000000	0.0301500000000000
35.9600000000000	0.0326600000000000
35.9800000000000	0.0433400000000000
36	0.0539600000000000
36.0200000000000	0.0568900000000000
36.0400000000000	0.0493200000000000
36.0600000000000	0.0557500000000000
36.0800000000000	0.0416700000000000
36.1000000000000	0.0338400000000000
36.1200000000000	0.0219500000000000
36.1400000000000	0.00856000000000000
36.1600000000000	0.0153600000000000
36.1800000000000	0.0185700000000000
36.2000000000000	0.0151500000000000
36.2200000000000	0.0164300000000000
36.2400000000000	0.0104000000000000
36.2600000000000	0.00152000000000000
36.2800000000000	0.00202000000000000
36.3000000000000	0.00541000000000000
36.3200000000000	0.00830000000000000
36.3400000000000	-0.000330000000000000
36.3600000000000	0.00105000000000000
36.3800000000000	-0.00498000000000000
36.4000000000000	-0.00808000000000000
36.4200000000000	-0.0109700000000000
36.4400000000000	-0.00534000000000000
36.4600000000000	0.00389000000000000
36.4800000000000	0.000680000000000000
36.5000000000000	0.00332000000000000
36.5200000000000	0.00143000000000000
36.5400000000000	-0.0109700000000000
36.5600000000000	-0.0174100000000000
36.5800000000000	-0.0225900000000000
36.6000000000000	-0.0205300000000000
36.6200000000000	-0.0222200000000000
36.6400000000000	-0.0429900000000000
36.6600000000000	-0.0373300000000000
36.6800000000000	-0.0382200000000000
36.7000000000000	-0.0364100000000000
36.7200000000000	-0.0275100000000000
36.7400000000000	-0.0166100000000000
36.7600000000000	-0.00499000000000000
36.7800000000000	-0.000140000000000000
36.8000000000000	0.0114000000000000
36.8200000000000	0.0149300000000000
36.8400000000000	0.0179600000000000
36.8600000000000	0.0186500000000000
36.8800000000000	0.0174700000000000
36.9000000000000	0.0114100000000000
36.9200000000000	0.00254000000000000
36.9400000000000	-0.00293000000000000
36.9600000000000	-0.00580000000000000
36.9800000000000	-0.0115800000000000
37	-0.00679000000000000
37.0200000000000	-0.00764000000000000
37.0400000000000	-0.0195900000000000
37.0600000000000	-0.00768000000000000
37.0800000000000	1.00000000000000e-05
37.1000000000000	0.00388000000000000
37.1200000000000	-0.00122000000000000
37.1400000000000	-0.00367000000000000
37.1600000000000	0.0127000000000000
37.1800000000000	0.0152100000000000
37.2000000000000	0.0112300000000000
37.2200000000000	0.0130700000000000
37.2400000000000	0.0116900000000000
37.2600000000000	0.0164100000000000
37.2800000000000	0.0151900000000000
37.3000000000000	-0.00396000000000000
37.3200000000000	-0.0217700000000000
37.3400000000000	-0.0336200000000000
37.3600000000000	-0.0467700000000000
37.3800000000000	-0.0633300000000000
37.4000000000000	-0.0730200000000000
37.4200000000000	-0.0888200000000000
37.4400000000000	-0.0948700000000000
37.4600000000000	-0.107580000000000
37.4800000000000	-0.118630000000000
37.5000000000000	-0.105290000000000
37.5200000000000	-0.0984900000000000
37.5400000000000	-0.0960500000000000
37.5600000000000	-0.0832800000000000
37.5800000000000	-0.0698500000000000
37.6000000000000	-0.0496500000000000
37.6200000000000	-0.0423200000000000
37.6400000000000	-0.0353700000000000
37.6600000000000	-0.0210000000000000
37.6800000000000	-0.000780000000000000
37.7000000000000	0.0114700000000000
37.7200000000000	0.0261100000000000
37.7400000000000	0.0422500000000000
37.7600000000000	0.0473000000000000
37.7800000000000	0.0575100000000000
37.8000000000000	0.0585200000000000
37.8200000000000	0.0586900000000000
37.8400000000000	0.0544300000000000
37.8600000000000	0.0362100000000000
37.8800000000000	0.0241100000000000
37.9000000000000	0.0164500000000000
37.9200000000000	0.00689000000000000
37.9400000000000	-0.00159000000000000
37.9600000000000	-0.0122000000000000
37.9800000000000	-0.0266700000000000
38	-0.0332700000000000
38.0200000000000	-0.0330400000000000
38.0400000000000	-0.0428500000000000
38.0600000000000	-0.0359600000000000
38.0800000000000	-0.0288600000000000
38.1000000000000	-0.0163200000000000
38.1200000000000	-0.0100400000000000
38.1400000000000	-0.00812000000000000
38.1600000000000	0.00532000000000000
38.1800000000000	0.00634000000000000
38.2000000000000	0.00440000000000000
38.2200000000000	-0.00353000000000000
38.2400000000000	-0.00341000000000000
38.2600000000000	-0.00296000000000000
38.2800000000000	-0.00520000000000000
38.3000000000000	-0.00629000000000000
38.3200000000000	-0.0123900000000000
38.3400000000000	-0.00507000000000000
38.3600000000000	-0.000570000000000000
38.3800000000000	0.00583000000000000
38.4000000000000	0.0207600000000000
38.4200000000000	0.0251400000000000
38.4400000000000	0.0289900000000000
38.4600000000000	0.0307100000000000
38.4800000000000	0.0225400000000000
38.5000000000000	0.0223700000000000
38.5200000000000	0.0182300000000000
38.5400000000000	0.00966000000000000
38.5600000000000	0.0174200000000000
38.5800000000000	0.0183700000000000
38.6000000000000	0.0189200000000000
38.6200000000000	0.0166300000000000
38.6400000000000	0.0103200000000000
38.6600000000000	0.0150700000000000
38.6800000000000	0.0139200000000000
38.7000000000000	0.0107200000000000
38.7200000000000	0.0183000000000000
38.7400000000000	0.0218400000000000
38.7600000000000	0.0277200000000000
38.7800000000000	0.0313700000000000
38.8000000000000	0.0320700000000000
38.8200000000000	0.0399700000000000
38.8400000000000	0.0449500000000000
38.8600000000000	0.0509200000000000
38.8800000000000	0.0627600000000000
38.9000000000000	0.0631300000000000
38.9200000000000	0.0647200000000000
38.9400000000000	0.0611700000000000
38.9600000000000	0.0605100000000000
38.9800000000000	0.0519000000000000
39	0.0458100000000000
39.0200000000000	0.0428300000000000
39.0400000000000	0.0148100000000000
39.0600000000000	0.00404000000000000
39.0800000000000	-0.00992000000000000
39.1000000000000	-0.0279000000000000
39.1200000000000	-0.0449300000000000
39.1400000000000	-0.0617700000000000
39.1600000000000	-0.0629900000000000
39.1800000000000	-0.0568600000000000
39.2000000000000	-0.0467800000000000
39.2200000000000	-0.0427600000000000
39.2400000000000	-0.0435900000000000
39.2600000000000	-0.0309600000000000
39.2800000000000	-0.0183800000000000
39.3000000000000	-0.0152000000000000
39.3200000000000	-0.0156900000000000
39.3400000000000	-0.0123500000000000
39.3600000000000	-0.0107600000000000
39.3800000000000	-0.0104800000000000
39.4000000000000	-0.0111500000000000
39.4200000000000	-0.0157200000000000
39.4400000000000	-0.0129000000000000
39.4600000000000	-0.00993000000000000
39.4800000000000	-0.00128000000000000
39.5000000000000	0.0163200000000000
39.5200000000000	0.0230300000000000
39.5400000000000	0.0152200000000000
39.5600000000000	0.0174900000000000
39.5800000000000	0.0187200000000000
39.6000000000000	0.0140600000000000
39.6200000000000	0.0133000000000000
39.6400000000000	0.0174900000000000
39.6600000000000	0.0222500000000000
39.6800000000000	0.0204200000000000
39.7000000000000	0.0216600000000000
39.7200000000000	0.0227200000000000
39.7400000000000	0.0195800000000000
39.7600000000000	0.0124300000000000
39.7800000000000	0.0199100000000000
39.8000000000000	0.0172100000000000
39.8200000000000	0.0114500000000000
39.8400000000000	0.00148000000000000
39.8600000000000	-0.00294000000000000
39.8800000000000	-0.0142300000000000
39.9000000000000	-0.0181700000000000
39.9200000000000	-0.0115500000000000
39.9400000000000	-0.0121800000000000
39.9600000000000	-0.0168700000000000
39.9800000000000	-0.0199700000000000