   0.0000000e+00   6.1130000e-02
   2.0000000e-02   5.1050000e-02
   4.0000000e-02   3.9540000e-02
   6.0000000e-02   2.6570000e-02
   8.0000000e-02   3.0710000e-02
   1.0000000e-01   8.6820000e-02
   1.2000000e-01   1.4014000e-01
   1.4000000e-01   1.4220000e-01
   1.6000000e-01   7.8440000e-02
   1.8000000e-01  -7.6000000e-03
   2.0000000e-01  -9.7520000e-02
   2.2000000e-01  -7.1670000e-02
   2.4000000e-01   2.2910000e-02
   2.6000000e-01   5.7600000e-03
   2.8000000e-01  -1.1370000e-02
   3.0000000e-01   4.3240000e-02
   3.2000000e-01   4.5080000e-02
   3.4000000e-01   3.5600000e-03
   3.6000000e-01   5.6360000e-02
   3.8000000e-01   1.1902000e-01
   4.0000000e-01   6.7680000e-02
   4.2000000e-01  -1.2091000e-01
   4.4000000e-01  -1.2023000e-01
   4.6000000e-01  -3.0600000e-03
   4.8000000e-01  -2.1070000e-02
   5.0000000e-01   5.4000000e-02
   5.2000000e-01   6.1310000e-02
   5.4000000e-01   2.1990000e-02
   5.6000000e-01  -1.0356000e-01
   5.8000000e-01  -2.2498000e-01
   6.0000000e-01  -1.7031000e-01
   6.2000000e-01   2.3390000e-02
   6.4000000e-01   8.0860000e-02
   6.6000000e-01   9.2360000e-02
   6.8000000e-01   3.4841000e-01
   7.0000000e-01   2.5399000e-01
   7.2000000e-01  -2.5790000e-02
   7.4000000e-01  -1.7952000e-01
   7.6000000e-01  -2.7317000e-01
   7.8000000e-01   1.9700000e-03
   8.0000000e-01   3.4773000e-01
   8.2000000e-01   7.9880000e-02
   8.4000000e-01  -2.4037000e-01
   8.6000000e-01  -7.1780000e-02
   8.8000000e-01   1.0413000e-01
   9.0000000e-01   1.3221000e-01
   9.2000000e-01   1.4901000e-01
   9.4000000e-01   2.3160000e-01
   9.6000000e-01  -6.6690000e-02
   9.8000000e-01  -4.1919000e-01
   1.0000000e+00  -2.6250000e-02
   1.0200000e+00   3.1525000e-01
   1.0400000e+00   2.3771000e-01
   1.0600000e+00   1.7933000e-01
   1.0800000e+00   1.3864000e-01
   1.1000000e+00  -1.4178000e-01
   1.1200000e+00  -3.7272000e-01
   1.1400000e+00  -3.1268000e-01
   1.1600000e+00  -2.6551000e-01
   1.1800000e+00  -1.5631000e-01
   1.2000000e+00   3.0517000e-01
   1.2200000e+00   4.6866000e-01
   1.2400000e+00   5.2409000e-01
   1.2600000e+00   3.1029000e-01
   1.2800000e+00  -2.5406000e-01
   1.3000000e+00  -1.5662000e-01
   1.3200000e+00   3.1600000e-02
   1.3400000e+00   3.3770000e-02
   1.3600000e+00   1.0586000e-01
   1.3800000e+00   2.5329000e-01
   1.4000000e+00   3.1742000e-01
   1.4200000e+00   3.9732000e-01
   1.4400000e+00   3.4688000e-01
   1.4600000e+00   2.8409000e-01
   1.4800000e+00   1.2720000e-02
   1.5000000e+00  -4.3288000e-01
   1.5200000e+00  -3.5318000e-01
   1.5400000e+00  -2.9492000e-01
   1.5600000e+00   4.3190000e-02
   1.5800000e+00   2.8865000e-01
   1.6000000e+00   4.9757000e-01
   1.6200000e+00   1.1808000e-01
   1.6400000e+00  -1.8391000e-01
   1.6600000e+00   3.5747000e-01
   1.6800000e+00   5.8350000e-01
   1.7000000e+00   2.1497000e-01
   1.7200000e+00  -1.2912000e-01
   1.7400000e+00   2.5147000e-01
   1.7600000e+00   2.6447000e-01
   1.7800000e+00   8.6250000e-02
   1.8000000e+00  -1.3613000e-01
   1.8200000e+00  -1.2340000e-02
   1.8400000e+00   1.0583000e-01
   1.8600000e+00   3.1970000e-02
   1.8800000e+00  -2.9503000e-01
   1.9000000e+00  -2.7372000e-01
   1.9200000e+00  -1.7704000e-01
   1.9400000e+00  -5.1827000e-01
   1.9600000e+00  -3.8423000e-01
   1.9800000e+00   1.0621000e-01
   2.0000000e+00   4.9829000e-01
   2.0200000e+00   9.6190000e-02
   2.0400000e+00  -5.1075000e-01
   2.0600000e+00  -2.0617000e-01
   2.0800000e+00   3.7193000e-01
   2.1000000e+00   5.8140000e-01
   2.1200000e+00   1.1943000e-01
   2.1400000e+00  -2.9390000e-02
   2.1600000e+00   3.6849000e-01
   2.1800000e+00   4.4829000e-01
   2.2000000e+00  -2.0680000e-02
   2.2200000e+00  -4.9972000e-01
   2.2400000e+00   1.5170000e-01
   2.2600000e+00   6.8052000e-01
   2.2800000e+00   1.0037000e-01
   2.3000000e+00  -5.9366000e-01
   2.3200000e+00   6.6610000e-02
   2.3400000e+00   1.1041300e+00
   2.3600000e+00   1.2789300e+00
   2.3800000e+00   3.6658000e-01
   2.4000000e+00  -2.6619000e-01
   2.4200000e+00  -3.5701000e-01
   2.4400000e+00  -7.5599000e-01
   2.4600000e+00  -7.8536000e-01
   2.4800000e+00   1.6405000e-01
   2.5000000e+00   8.3563000e-01
   2.5200000e+00   7.0584000e-01
   2.5400000e+00   8.7670000e-02
   2.5600000e+00  -1.8210000e-02
   2.5800000e+00   3.0800000e-02
   2.6000000e+00  -4.9315000e-01
   2.6200000e+00  -5.8718000e-01
   2.6400000e+00  -2.2295000e-01
   2.6600000e+00   1.5756000e-01
   2.6800000e+00   2.2895000e-01
   2.7000000e+00   5.4185000e-01
   2.7200000e+00   3.4993000e-01
   2.7400000e+00  -4.0017000e-01
   2.7600000e+00  -4.2588000e-01
   2.7800000e+00   9.8390000e-02
   2.8000000e+00  -1.4902000e-01
   2.8200000e+00  -4.1273000e-01
   2.8400000e+00  -4.2733000e-01
   2.8600000e+00  -1.7434000e-01
   2.8800000e+00  -3.5400000e-02
   2.9000000e+00   1.5073000e-01
   2.9200000e+00   5.5788000e-01
   2.9400000e+00   5.9737000e-01
   2.9600000e+00   4.2211000e-01
   2.9800000e+00   4.2039000e-01
   3.0000000e+00   6.8920000e-01
   3.0200000e+00   1.8832000e-01
   3.0400000e+00   1.1880000e-02
   3.0600000e+00   3.9161000e-01
   3.0800000e+00   3.9445000e-01
   3.1000000e+00  -5.0820000e-02
   3.1200000e+00   5.4100000e-03
   3.1400000e+00   8.9950000e-02
   3.1600000e+00  -7.2530000e-02
   3.1800000e+00  -1.0450000e-02
   3.2000000e+00   2.7004000e-01
   3.2200000e+00   3.7510000e-01
   3.2400000e+00   6.2640000e-02
   3.2600000e+00  -2.7336000e-01
   3.2800000e+00  -6.9309000e-01
   3.3000000e+00  -1.1451600e+00
   3.3200000e+00  -1.5727800e+00
   3.3400000e+00  -1.8450800e+00
   3.3600000e+00  -2.2300800e+00
   3.3800000e+00  -2.6291200e+00
   3.4000000e+00  -2.9883900e+00
   3.4200000e+00  -3.2739300e+00
   3.4400000e+00  -3.3979900e+00
   3.4600000e+00  -3.4977000e+00
   3.4800000e+00  -3.5147800e+00
   3.5000000e+00  -3.6453800e+00
   3.5200000e+00  -3.7877100e+00
   3.5400000e+00  -3.8420700e+00
   3.5600000e+00  -4.0872200e+00
   3.5800000e+00  -4.5576600e+00
   3.6000000e+00  -4.8487100e+00
   3.6200000e+00  -4.7249500e+00
   3.6400000e+00  -4.5600500e+00
   3.6600000e+00  -4.5139100e+00
   3.6800000e+00  -4.3559900e+00
   3.7000000e+00  -3.3590400e+00
   3.7200000e+00  -1.2639700e+00
   3.7400000e+00   1.0659000e+00
   3.7600000e+00   3.1169000e+00
   3.7800000e+00   4.6374700e+00
   3.8000000e+00   5.6046900e+00
   3.8200000e+00   6.4787300e+00
   3.8400000e+00   6.6479300e+00
   3.8600000e+00   6.1358100e+00
   3.8800000e+00   5.7445900e+00
   3.9000000e+00   5.0158700e+00
   3.9200000e+00   5.4623200e+00
   3.9400000e+00   1.9849400e+00
   3.9600000e+00  -4.3944900e+00
   3.9800000e+00  -5.7803400e+00
   4.0000000e+00  -5.0166700e+00
   4.0200000e+00  -4.0990100e+00
   4.0400000e+00  -3.6097400e+00
   4.0600000e+00  -2.6484000e+00
   4.0800000e+00  -5.2114000e-01
   4.1000000e+00   2.0117800e+00
   4.1200000e+00   3.7675200e+00
   4.1400000e+00   4.6104100e+00
   4.1600000e+00   6.2696000e+00
   4.1800000e+00   8.2381100e+00
   4.2000000e+00   8.2676000e+00
   4.2200000e+00   6.5366700e+00
   4.2400000e+00   5.5661500e+00
   4.2600000e+00   5.4158700e+00
   4.2800000e+00   4.7940400e+00
   4.3000000e+00   4.0763200e+00
   4.3200000e+00   3.7242900e+00
   4.3400000e+00   2.7521200e+00
   4.3600000e+00   4.6530000e-02
   4.3800000e+00  -2.3519600e+00
   4.4000000e+00  -2.8883100e+00
   4.4200000e+00  -2.1249600e+00
   4.4400000e+00  -5.8487000e-01
   4.4600000e+00   4.2930000e-01
   4.4800000e+00   1.1532900e+00
   4.5000000e+00   1.6810200e+00
   4.5200000e+00   2.3691200e+00
   4.5400000e+00   2.3800900e+00
   4.5600000e+00   9.9982000e-01
   4.5800000e+00  -1.6424000e-01
   4.6000000e+00  -3.5142000e-01
   4.6200000e+00  -2.9137000e-01
   4.6400000e+00  -4.3111000e-01
   4.6600000e+00  -8.7228000e-01
   4.6800000e+00  -1.3391900e+00
   4.7000000e+00  -1.6404000e+00
   4.7200000e+00  -5.6417000e-01
   4.7400000e+00   1.0875500e+00
   4.7600000e+00   1.8048400e+00
   4.7800000e+00   1.8650100e+00
   4.8000000e+00   9.9383000e-01
   4.8200000e+00   3.7870000e-01
   4.8400000e+00   2.3810000e-01
   4.8600000e+00  -3.2733000e-01
   4.8800000e+00  -8.5041000e-01
   4.9000000e+00  -1.0075000e+00
   4.9200000e+00  -1.1425900e+00
   4.9400000e+00  -1.3886200e+00
   4.9600000e+00  -1.9038500e+00
   4.9800000e+00  -2.4318000e+00
   5.0000000e+00  -2.6904400e+00
   5.0200000e+00  -2.7676700e+00
   5.0400000e+00  -2.6410100e+00
   5.0600000e+00  -2.3925700e+00
   5.0800000e+00  -1.4775700e+00
   5.1000000e+00  -2.0725000e-01
   5.1200000e+00   3.9117000e-01
   5.1400000e+00   4.4857000e-01
   5.1600000e+00   2.3060000e-01
   5.1800000e+00  -1.8380000e-01
   5.2000000e+00  -7.1103000e-01
   5.2200000e+00  -1.0674700e+00
   5.2400000e+00  -1.5029200e+00
   5.2600000e+00  -1.6950000e+00
   5.2800000e+00  -1.8956200e+00
   5.3000000e+00  -1.7120800e+00
   5.3200000e+00  -7.7068000e-01
   5.3400000e+00  -5.8330000e-02
   5.3600000e+00   2.5928000e-01
   5.3800000e+00   3.5548000e-01
   5.4000000e+00   5.6090000e-01
   5.4200000e+00   1.3432700e+00
   5.4400000e+00   1.3133900e+00
   5.4600000e+00   3.4314000e-01
   5.4800000e+00  -1.2075000e-01
   5.5000000e+00  -3.5177000e-01
   5.5200000e+00  -7.1483000e-01
   5.5400000e+00  -1.4707700e+00
   5.5600000e+00  -1.1721000e+00
   5.5800000e+00  -2.7432000e-01
   5.6000000e+00   1.8470000e-02
   5.6200000e+00  -9.9220000e-02
   5.6400000e+00  -7.1046000e-01
   5.6600000e+00  -1.3002700e+00
   5.6800000e+00  -1.5812500e+00
   5.7000000e+00  -1.1224100e+00
   5.7200000e+00  -6.5672000e-01
   5.7400000e+00  -4.5804000e-01
   5.7600000e+00  -9.6120000e-02
   5.7800000e+00   5.5758000e-01
   5.8000000e+00   8.6985000e-01
   5.8200000e+00   8.0850000e-01
   5.8400000e+00   7.9355000e-01
   5.8600000e+00   8.3794000e-01
   5.8800000e+00   8.8020000e-01
   5.9000000e+00   4.8001000e-01
   5.9200000e+00   2.4670000e-01
   5.9400000e+00   1.6816000e-01
   5.9600000e+00  -9.6460000e-02
   5.9800000e+00  -6.9534000e-01
   6.0000000e+00  -1.0515700e+00
   6.0200000e+00  -1.0084000e+00
   6.0400000e+00  -1.0848000e+00
   6.0600000e+00  -1.3572200e+00
   6.0800000e+00  -1.5910400e+00
   6.1000000e+00  -1.6639400e+00
   6.1200000e+00  -1.6647500e+00
   6.1400000e+00  -1.5258000e+00
   6.1600000e+00  -1.2662500e+00
   6.1800000e+00  -6.1657000e-01
   6.2000000e+00   4.4554000e-01
   6.2200000e+00   1.3587200e+00
   6.2400000e+00   1.8549000e+00
   6.2600000e+00   1.8282100e+00
   6.2800000e+00   1.3801500e+00
   6.3000000e+00   9.4673000e-01
   6.3200000e+00   4.9459000e-01
   6.3400000e+00   9.7010000e-02
   6.3600000e+00  -3.3333000e-01
   6.3800000e+00  -6.6958000e-01
   6.4000000e+00  -9.3802000e-01
   6.4200000e+00  -1.1434000e+00
   6.4400000e+00  -1.2137600e+00
   6.4600000e+00  -9.2687000e-01
   6.4800000e+00  -2.8740000e-01
   6.5000000e+00   2.5689000e-01
   6.5200000e+00   6.1785000e-01
   6.5400000e+00   7.2830000e-01
   6.5600000e+00   7.4813000e-01
   6.5800000e+00   6.3418000e-01
   6.6000000e+00   3.2278000e-01
   6.6200000e+00  -2.0480000e-01
   6.6400000e+00  -8.5038000e-01
   6.6600000e+00  -1.6314700e+00
   6.6800000e+00  -2.3488200e+00
   6.7000000e+00  -2.7867000e+00
   6.7200000e+00  -2.1101300e+00
   6.7400000e+00  -5.7458000e-01
   6.7600000e+00   7.3642000e-01
   6.7800000e+00   1.5295100e+00
   6.8000000e+00   1.7232600e+00
   6.8200000e+00   1.3797100e+00
   6.8400000e+00   5.5436000e-01
   6.8600000e+00  -2.2757000e-01
   6.8800000e+00  -4.3598000e-01
   6.9000000e+00  -9.8700000e-02
   6.9200000e+00   4.1109000e-01
   6.9400000e+00   1.0499100e+00
   6.9600000e+00   1.5758500e+00
   6.9800000e+00   2.0891100e+00
   7.0000000e+00   2.4263700e+00
   7.0200000e+00   2.4554300e+00
   7.0400000e+00   2.2823000e+00
   7.0600000e+00   1.8867600e+00
   7.0800000e+00   1.5732900e+00
   7.1000000e+00   1.5496600e+00
   7.1200000e+00   1.6787000e+00
   7.1400000e+00   1.6858300e+00
   7.1600000e+00   1.4281400e+00
   7.1800000e+00   1.2669400e+00
   7.2000000e+00   1.1919400e+00
   7.2200000e+00   8.5792000e-01
   7.2400000e+00   6.7866000e-01
   7.2600000e+00   1.0183200e+00
   7.2800000e+00   1.4615900e+00
   7.3000000e+00   1.3778600e+00
   7.3200000e+00   1.0293600e+00
   7.3400000e+00   8.7832000e-01
   7.3600000e+00   6.8068000e-01
   7.3800000e+00   3.1645000e-01
   7.4000000e+00   1.6900000e-03
   7.4200000e+00   1.5365000e-01
   7.4400000e+00   5.9339000e-01
   7.4600000e+00   7.7400000e-01
   7.4800000e+00   4.9103000e-01
   7.5000000e+00  -1.2821000e-01
   7.5200000e+00  -6.8632000e-01
   7.5400000e+00  -1.0226300e+00
   7.5600000e+00  -1.1257200e+00
   7.5800000e+00  -1.1932400e+00
   7.6000000e+00  -1.3846600e+00
   7.6200000e+00  -1.7265600e+00
   7.6400000e+00  -2.0125000e+00
   7.6600000e+00  -2.1795300e+00
   7.6800000e+00  -2.3240800e+00
   7.7000000e+00  -1.6746300e+00
   7.7200000e+00  -4.2730000e-02
   7.7400000e+00   1.5207900e+00
   7.7600000e+00   2.6512500e+00
   7.7800000e+00   3.2562300e+00
   7.8000000e+00   3.3697100e+00
   7.8200000e+00   3.1086800e+00
   7.8400000e+00   1.9079300e+00
   7.8600000e+00   4.4942000e-01
   7.8800000e+00  -8.3069000e-01
   7.9000000e+00  -1.7443000e+00
   7.9200000e+00  -1.9887200e+00
   7.9400000e+00  -2.1089400e+00
   7.9600000e+00  -2.2891800e+00
   7.9800000e+00  -2.6311600e+00
   8.0000000e+00  -2.8107700e+00
   8.0200000e+00  -2.6795500e+00
   8.0400000e+00  -2.3621000e+00
   8.0600000e+00  -2.3034300e+00
   8.0800000e+00  -2.1908000e+00
   8.1000000e+00  -1.8932000e+00
   8.1200000e+00  -1.8231600e+00
   8.1400000e+00  -1.9377300e+00
   8.1600000e+00  -1.9302200e+00
   8.1800000e+00  -1.5110500e+00
   8.2000000e+00  -9.7646000e-01
   8.2200000e+00  -5.3522000e-01
   8.2400000e+00  -1.5643000e-01
   8.2600000e+00   1.6018000e-01
   8.2800000e+00   3.9921000e-01
   8.3000000e+00   3.7747000e-01
   8.3200000e+00   1.4617000e-01
   8.3400000e+00   2.6296000e-01
   8.3600000e+00   7.7937000e-01
   8.3800000e+00   1.1355600e+00
   8.4000000e+00   1.1889000e+00
   8.4200000e+00   1.2345800e+00
   8.4400000e+00   1.3836800e+00
   8.4600000e+00   1.5162600e+00
   8.4800000e+00   1.1130100e+00
   8.5000000e+00   3.6482000e-01
   8.5200000e+00  -1.0841000e-01
   8.5400000e+00  -3.9164000e-01
   8.5600000e+00  -7.0899000e-01
   8.5800000e+00  -9.7525000e-01
   8.6000000e+00  -1.0564000e+00
   8.6200000e+00  -1.0400300e+00
   8.6400000e+00  -7.9396000e-01
   8.6600000e+00  -3.2444000e-01
   8.6800000e+00   3.8938000e-01
   8.7000000e+00   1.1276200e+00
   8.7200000e+00   1.5133600e+00
   8.7400000e+00   1.6154900e+00
   8.7600000e+00   1.6674300e+00
   8.7800000e+00   1.7688900e+00
   8.8000000e+00   1.8119100e+00
   8.8200000e+00   1.7625400e+00
   8.8400000e+00   1.5671400e+00
   8.8600000e+00   1.2349700e+00
   8.8800000e+00   8.4452000e-01
   8.9000000e+00   4.4406000e-01
   8.9200000e+00   1.0350000e-02
   8.9400000e+00  -2.5389000e-01
   8.9600000e+00  -3.5701000e-01
   8.9800000e+00  -4.4259000e-01
   9.0000000e+00  -5.2848000e-01
   9.0200000e+00  -6.6438000e-01
   9.0400000e+00  -7.3643000e-01
   9.0600000e+00  -6.3284000e-01
   9.0800000e+00  -3.9976000e-01
   9.1000000e+00  -2.7945000e-01
   9.1200000e+00  -1.9698000e-01
   9.1400000e+00  -5.7660000e-02
   9.1600000e+00   6.6090000e-02
   9.1800000e+00   7.8950000e-02
   9.2000000e+00  -2.7390000e-02
   9.2200000e+00  -1.4818000e-01
   9.2400000e+00  -1.0614000e-01
   9.2600000e+00   5.7320000e-02
   9.2800000e+00   1.0023000e-01
   9.3000000e+00   6.1240000e-02
   9.3200000e+00   8.2780000e-02
   9.3400000e+00   3.1891000e-01
   9.3600000e+00   6.0648000e-01
   9.3800000e+00   6.7578000e-01
   9.4000000e+00   5.0234000e-01
   9.4200000e+00   1.3849000e-01
   9.4400000e+00  -2.9053000e-01
   9.4600000e+00  -5.2154000e-01
   9.4800000e+00  -5.8092000e-01
   9.5000000e+00  -5.7758000e-01
   9.5200000e+00  -6.3416000e-01
   9.5400000e+00  -4.9953000e-01
   9.5600000e+00   1.0928000e-01
   9.5800000e+00   6.4400000e-01
   9.6000000e+00   8.0405000e-01
   9.6200000e+00   8.3560000e-01
   9.6400000e+00   6.7487000e-01
   9.6600000e+00   3.4342000e-01
   9.6800000e+00   2.2606000e-01
   9.7000000e+00   2.6301000e-01
   9.7200000e+00   1.9943000e-01
   9.7400000e+00  -1.8838000e-01
   9.7600000e+00  -4.5181000e-01
   9.7800000e+00  -5.1374000e-01
   9.8000000e+00  -6.7172000e-01
   9.8200000e+00  -8.6604000e-01
   9.8400000e+00  -9.0726000e-01
   9.8600000e+00  -7.3743000e-01
   9.8800000e+00  -6.2380000e-01
   9.9000000e+00  -6.2752000e-01
   9.9200000e+00  -6.4344000e-01
   9.9400000e+00  -6.1454000e-01
   9.9600000e+00  -6.0036000e-01
   9.9800000e+00  -4.1691000e-01
   1.0000000e+01  -6.4610000e-02
   1.0020000e+01   5.3610000e-02
   1.0040000e+01  -7.6300000e-02
   1.0060000e+01  -2.2948000e-01
   1.0080000e+01  -2.9156000e-01
   1.0100000e+01  -4.0405000e-01
   1.0120000e+01  -5.8141000e-01
   1.0140000e+01  -6.9096000e-01
   1.0160000e+01  -6.5794000e-01
   1.0180000e+01  -3.7017000e-01
   1.0200000e+01  -1.0600000e-03
   1.0220000e+01   3.1882000e-01
   1.0240000e+01   6.0390000e-01
   1.0260000e+01   7.8118000e-01
   1.0280000e+01   8.0804000e-01
   1.0300000e+01   5.5145000e-01
   1.0320000e+01   1.6899000e-01
   1.0340000e+01  -2.0711000e-01
   1.0360000e+01  -5.6264000e-01
   1.0380000e+01  -7.2589000e-01
   1.0400000e+01  -5.5897000e-01
   1.0420000e+01  -1.4212000e-01
   1.0440000e+01   8.0590000e-02
   1.0460000e+01   1.7020000e-01
   1.0480000e+01   2.7840000e-01
   1.0500000e+01   3.9103000e-01
   1.0520000e+01   4.3483000e-01
   1.0540000e+01   4.3330000e-01
   1.0560000e+01   4.7129000e-01
   1.0580000e+01   4.7328000e-01
   1.0600000e+01   4.0790000e-01
   1.0620000e+01   3.2100000e-01
   1.0640000e+01   2.7029000e-01
   1.0660000e+01   1.7886000e-01
   1.0680000e+01   1.9420000e-02
   1.0700000e+01  -1.5748000e-01
   1.0720000e+01  -3.0591000e-01
   1.0740000e+01  -4.9000000e-01
   1.0760000e+01  -6.9193000e-01
   1.0780000e+01  -7.8316000e-01
   1.0800000e+01  -7.4688000e-01
   1.0820000e+01  -4.8817000e-01
   1.0840000e+01   2.6640000e-02
   1.0860000e+01   5.4958000e-01
   1.0880000e+01   9.4261000e-01
   1.0900000e+01   1.1696500e+00
   1.0920000e+01   1.2360300e+00
   1.0940000e+01   1.0590100e+00
   1.0960000e+01   7.3571000e-01
   1.0980000e+01   5.5063000e-01
   1.1000000e+01   3.8640000e-01
   1.1020000e+01   8.8030000e-02
   1.1040000e+01  -3.5613000e-01
   1.1060000e+01  -8.2840000e-01
   1.1080000e+01  -1.0387900e+00
   1.1100000e+01  -1.0326600e+00
   1.1120000e+01  -6.7380000e-01
   1.1140000e+01  -1.4193000e-01
   1.1160000e+01   3.4524000e-01
   1.1180000e+01   7.2085000e-01
   1.1200000e+01   8.5730000e-01
   1.1220000e+01   8.0838000e-01
   1.1240000e+01   4.4670000e-01
   1.1260000e+01  -9.7750000e-02
   1.1280000e+01  -6.3901000e-01
   1.1300000e+01  -8.5004000e-01
   1.1320000e+01  -8.1863000e-01
   1.1340000e+01  -7.1443000e-01
   1.1360000e+01  -5.2987000e-01
   1.1380000e+01  -3.3373000e-01
   1.1400000e+01  -2.3299000e-01
   1.1420000e+01  -1.9598000e-01
   1.1440000e+01  -1.1138000e-01
   1.1460000e+01  -1.0230000e-02
   1.1480000e+01   2.8570000e-02
   1.1500000e+01  -4.4320000e-02
   1.1520000e+01  -1.8058000e-01
   1.1540000e+01  -2.3859000e-01
   1.1560000e+01  -1.7994000e-01
   1.1580000e+01  -1.3887000e-01
   1.1600000e+01  -1.1555000e-01
   1.1620000e+01  -1.1189000e-01
   1.1640000e+01  -1.1766000e-01
   1.1660000e+01  -1.4784000e-01
   1.1680000e+01  -1.5216000e-01
   1.1700000e+01  -7.1590000e-02
   1.1720000e+01   1.1540000e-02
   1.1740000e+01   3.3520000e-02
   1.1760000e+01  -2.1240000e-02
   1.1780000e+01  -8.0930000e-02
   1.1800000e+01  -2.7740000e-02
   1.1820000e+01   1.3616000e-01
   1.1840000e+01   3.4480000e-01
   1.1860000e+01   4.8940000e-01
   1.1880000e+01   5.3548000e-01
   1.1900000e+01   6.1015000e-01
   1.1920000e+01   7.2947000e-01
   1.1940000e+01   8.0924000e-01
   1.1960000e+01   7.9752000e-01
   1.1980000e+01   7.2804000e-01
   1.2000000e+01   6.6131000e-01
   1.2020000e+01   5.4544000e-01
   1.2040000e+01   3.9645000e-01
   1.2060000e+01   3.0679000e-01
   1.2080000e+01   2.9686000e-01
   1.2100000e+01   2.7389000e-01
   1.2120000e+01   1.9761000e-01
   1.2140000e+01   1.2057000e-01
   1.2160000e+01   9.2180000e-02
   1.2180000e+01   5.8470000e-02
   1.2200000e+01  -5.4870000e-02
   1.2220000e+01  -2.7743000e-01
   1.2240000e+01  -5.2838000e-01
   1.2260000e+01  -7.0825000e-01
   1.2280000e+01  -8.3492000e-01
   1.2300000e+01  -9.2709000e-01
   1.2320000e+01  -8.6062000e-01
   1.2340000e+01  -4.3366000e-01
   1.2360000e+01  -7.7000000e-03
   1.2380000e+01   1.6643000e-01
   1.2400000e+01   2.7233000e-01
   1.2420000e+01   3.7533000e-01
   1.2440000e+01   4.6451000e-01
   1.2460000e+01   4.6896000e-01
   1.2480000e+01   3.4886000e-01
   1.2500000e+01   2.1729000e-01
   1.2520000e+01   1.2144000e-01
   1.2540000e+01   3.9980000e-02
   1.2560000e+01   3.2960000e-02
   1.2580000e+01   9.4540000e-02
   1.2600000e+01   1.6207000e-01
   1.2620000e+01   1.8636000e-01
   1.2640000e+01   1.8794000e-01
   1.2660000e+01   1.7032000e-01
   1.2680000e+01   1.0271000e-01
   1.2700000e+01   2.8030000e-02
   1.2720000e+01   1.3920000e-02
   1.2740000e+01   1.4090000e-02
   1.2760000e+01  -8.6160000e-02
   1.2780000e+01  -3.1019000e-01
   1.2800000e+01  -4.7672000e-01
   1.2820000e+01  -4.5782000e-01
   1.2840000e+01  -2.1990000e-01
   1.2860000e+01  -2.1020000e-02
   1.2880000e+01   1.7030000e-02
   1.2900000e+01   5.1420000e-02
   1.2920000e+01   9.7340000e-02
   1.2940000e+01   8.4030000e-02
   1.2960000e+01  -5.8710000e-02
   1.2980000e+01  -2.7910000e-01
   1.3000000e+01  -4.5788000e-01
   1.3020000e+01  -5.2243000e-01
   1.3040000e+01  -4.7672000e-01
   1.3060000e+01  -4.0028000e-01
   1.3080000e+01  -3.6021000e-01
   1.3100000e+01  -3.1260000e-01
   1.3120000e+01  -2.2757000e-01
   1.3140000e+01  -1.4812000e-01
   1.3160000e+01  -1.4686000e-01
   1.3180000e+01  -2.3902000e-01
   1.3200000e+01  -2.9899000e-01
   1.3220000e+01  -2.8661000e-01
   1.3240000e+01  -2.6271000e-01
   1.3260000e+01  -2.6807000e-01
   1.3280000e+01  -2.3568000e-01
   1.3300000e+01  -7.9060000e-02
   1.3320000e+01   1.7700000e-02
   1.3340000e+01  -3.7810000e-02
   1.3360000e+01  -1.1525000e-01
   1.3380000e+01  -1.0119000e-01
   1.3400000e+01  -2.0620000e-02
   1.3420000e+01   7.3730000e-02
   1.3440000e+01   1.7089000e-01
   1.3460000e+01   1.8832000e-01
   1.3480000e+01   8.0240000e-02
   1.3500000e+01  -5.6710000e-02
   1.3520000e+01  -1.4010000e-01
   1.3540000e+01  -1.4327000e-01
   1.3560000e+01  -9.3170000e-02
   1.3580000e+01   1.1835000e-01
   1.3600000e+01   3.8757000e-01
   1.3620000e+01   4.9379000e-01
   1.3640000e+01   4.7311000e-01
   1.3660000e+01   4.4521000e-01
   1.3680000e+01   4.8903000e-01
   1.3700000e+01   5.1597000e-01
   1.3720000e+01   4.7686000e-01
   1.3740000e+01   4.3523000e-01
   1.3760000e+01   4.4845000e-01
   1.3780000e+01   3.9536000e-01
   1.3800000e+01   2.6390000e-01
   1.3820000e+01   1.1887000e-01
   1.3840000e+01   9.5800000e-03
   1.3860000e+01  -3.8880000e-02
   1.3880000e+01  -5.8270000e-02
   1.3900000e+01  -1.2036000e-01
   1.3920000e+01  -2.9078000e-01
   1.3940000e+01  -4.6885000e-01
   1.3960000e+01  -5.6871000e-01
   1.3980000e+01  -5.5672000e-01
   1.4000000e+01  -4.4323000e-01
   1.4020000e+01  -2.4882000e-01
   1.4040000e+01  -7.0430000e-02
   1.4060000e+01   1.4090000e-02
   1.4080000e+01   2.5230000e-02
   1.4100000e+01   6.1310000e-02
   1.4120000e+01   1.7667000e-01
   1.4140000e+01   2.9813000e-01
   1.4160000e+01   3.0860000e-01
   1.4180000e+01   2.1972000e-01
   1.4200000e+01   1.1571000e-01
   1.4220000e+01  -3.8700000e-03
   1.4240000e+01  -1.2436000e-01
   1.4260000e+01  -1.5611000e-01
   1.4280000e+01  -2.5720000e-02
   1.4300000e+01   1.3832000e-01
   1.4320000e+01   2.1941000e-01
   1.4340000e+01   2.3097000e-01
   1.4360000e+01   2.3142000e-01
   1.4380000e+01   2.0880000e-01
   1.4400000e+01   1.5965000e-01
   1.4420000e+01   9.4740000e-02
   1.4440000e+01   3.5400000e-03
   1.4460000e+01  -7.6010000e-02
   1.4480000e+01  -1.8152000e-01
   1.4500000e+01  -2.7475000e-01
   1.4520000e+01  -2.8603000e-01
   1.4540000e+01  -2.2483000e-01
   1.4560000e+01  -2.0548000e-01
   1.4580000e+01  -2.2287000e-01
   1.4600000e+01  -1.7212000e-01
   1.4620000e+01  -1.0722000e-01
   1.4640000e+01  -6.3980000e-02
   1.4660000e+01  -1.0148000e-01
   1.4680000e+01  -1.0757000e-01
   1.4700000e+01  -8.1320000e-02
   1.4720000e+01  -1.0151000e-01
   1.4740000e+01  -1.2064000e-01
   1.4760000e+01  -1.0099000e-01
   1.4780000e+01  -8.7250000e-02
   1.4800000e+01  -1.2930000e-01
   1.4820000e+01  -1.7977000e-01
   1.4840000e+01  -2.1088000e-01
   1.4860000e+01  -2.0247000e-01
   1.4880000e+01  -1.4141000e-01
   1.4900000e+01  -5.1310000e-02
   1.4920000e+01   5.9400000e-02
   1.4940000e+01   2.2406000e-01
   1.4960000e+01   3.6278000e-01
   1.4980000e+01   4.4692000e-01
   1.5000000e+01   4.3845000e-01
   1.5020000e+01   3.9937000e-01
   1.5040000e+01   3.4059000e-01
   1.5060000e+01   2.2482000e-01
   1.5080000e+01   5.2900000e-02
   1.5100000e+01  -1.2024000e-01
   1.5120000e+01  -2.2003000e-01
   1.5140000e+01  -2.8023000e-01
   1.5160000e+01  -3.2727000e-01
   1.5180000e+01  -3.6741000e-01
   1.5200000e+01  -3.8033000e-01
   1.5220000e+01  -3.2762000e-01
   1.5240000e+01  -2.0371000e-01
   1.5260000e+01  -3.7590000e-02
   1.5280000e+01   6.2780000e-02
   1.5300000e+01   3.9680000e-02
   1.5320000e+01  -3.4730000e-02
   1.5340000e+01  -6.1290000e-02
   1.5360000e+01  -2.4800000e-03
   1.5380000e+01   7.5180000e-02
   1.5400000e+01   1.7396000e-01
   1.5420000e+01   2.4226000e-01
   1.5440000e+01   2.2611000e-01
   1.5460000e+01   1.3166000e-01
   1.5480000e+01   5.1530000e-02
   1.5500000e+01   1.5260000e-02
   1.5520000e+01   1.3170000e-02
   1.5540000e+01   5.1740000e-02
   1.5560000e+01   1.0335000e-01
   1.5580000e+01   1.5583000e-01
   1.5600000e+01   2.3551000e-01
   1.5620000e+01   3.2170000e-01
   1.5640000e+01   3.3268000e-01
   1.5660000e+01   2.3859000e-01
   1.5680000e+01   1.0451000e-01
   1.5700000e+01   5.1440000e-02
   1.5720000e+01   8.7420000e-02
   1.5740000e+01   1.1029000e-01
   1.5760000e+01   3.2170000e-02
   1.5780000e+01  -8.4730000e-02
   1.5800000e+01  -1.5751000e-01
   1.5820000e+01  -1.9213000e-01
   1.5840000e+01  -1.9220000e-01
   1.5860000e+01  -1.2850000e-01
   1.5880000e+01  -2.5520000e-02
   1.5900000e+01   3.9710000e-02
   1.5920000e+01   1.3570000e-02
   1.5940000e+01  -3.8620000e-02
   1.5960000e+01   1.8400000e-03
   1.5980000e+01   1.1957000e-01
   1.6000000e+01   1.9577000e-01
   1.6020000e+01   2.3302000e-01
   1.6040000e+01   2.6653000e-01
   1.6060000e+01   2.5984000e-01
   1.6080000e+01   1.9501000e-01
   1.6100000e+01   4.8830000e-02
   1.6120000e+01  -1.0608000e-01
   1.6140000e+01  -1.9999000e-01
   1.6160000e+01  -2.1578000e-01
   1.6180000e+01  -1.6632000e-01
   1.6200000e+01  -6.1810000e-02
   1.6220000e+01   5.2580000e-02
   1.6240000e+01   1.3991000e-01
   1.6260000e+01   1.2404000e-01
   1.6280000e+01  -4.4950000e-02
   1.6300000e+01  -2.2609000e-01
   1.6320000e+01  -2.9842000e-01
   1.6340000e+01  -3.1043000e-01
   1.6360000e+01  -3.0948000e-01
   1.6380000e+01  -2.8699000e-01
   1.6400000e+01  -2.1137000e-01
   1.6420000e+01  -1.0182000e-01
   1.6440000e+01   2.8200000e-02
   1.6460000e+01   1.7556000e-01
   1.6480000e+01   2.5368000e-01
   1.6500000e+01   2.2683000e-01
   1.6520000e+01   1.7175000e-01
   1.6540000e+01   1.4898000e-01
   1.6560000e+01   1.5549000e-01
   1.6580000e+01   2.0725000e-01
   1.6600000e+01   2.5669000e-01
   1.6620000e+01   2.7262000e-01
   1.6640000e+01   2.6901000e-01
   1.6660000e+01   2.8321000e-01
   1.6680000e+01   3.0331000e-01
   1.6700000e+01   2.9567000e-01
   1.6720000e+01   2.5180000e-01
   1.6740000e+01   1.7329000e-01
   1.6760000e+01   8.1940000e-02
   1.6780000e+01  -4.0480000e-02
   1.6800000e+01  -1.6957000e-01
   1.6820000e+01  -2.4884000e-01
   1.6840000e+01  -2.9508000e-01
   1.6860000e+01  -3.4280000e-01
   1.6880000e+01  -3.4509000e-01
   1.6900000e+01  -2.4996000e-01
   1.6920000e+01  -1.6406000e-01
   1.6940000e+01  -1.1143000e-01
   1.6960000e+01  -2.9660000e-02
   1.6980000e+01   6.4820000e-02
   1.7000000e+01   1.3007000e-01
   1.7020000e+01   1.2933000e-01
   1.7040000e+01   1.3495000e-01
   1.7060000e+01   1.5833000e-01
   1.7080000e+01   1.8085000e-01
   1.7100000e+01   1.7369000e-01
   1.7120000e+01   9.9840000e-02
   1.7140000e+01   6.2000000e-02
   1.7160000e+01   6.8650000e-02
   1.7180000e+01   4.8640000e-02
   1.7200000e+01  -6.7300000e-03
   1.7220000e+01  -7.1680000e-02
   1.7240000e+01  -1.0615000e-01
   1.7260000e+01  -1.3343000e-01
   1.7280000e+01  -1.2540000e-01
   1.7300000e+01  -1.0410000e-01
   1.7320000e+01  -8.7460000e-02
   1.7340000e+01  -6.5630000e-02
   1.7360000e+01  -3.5720000e-02
   1.7380000e+01   5.9400000e-03
   1.7400000e+01   7.2360000e-02
   1.7420000e+01   1.4366000e-01
   1.7440000e+01   2.1003000e-01
   1.7460000e+01   2.8684000e-01
   1.7480000e+01   3.4156000e-01
   1.7500000e+01   3.4698000e-01
   1.7520000e+01   2.7209000e-01
   1.7540000e+01   1.6568000e-01
   1.7560000e+01   6.7590000e-02
   1.7580000e+01  -2.4800000e-03
   1.7600000e+01  -6.7510000e-02
   1.7620000e+01  -1.4492000e-01
   1.7640000e+01  -2.1614000e-01
   1.7660000e+01  -2.7232000e-01
   1.7680000e+01  -2.6387000e-01
   1.7700000e+01  -2.0434000e-01
   1.7720000e+01  -1.2952000e-01
   1.7740000e+01  -6.0290000e-02
   1.7760000e+01   2.4900000e-03
   1.7780000e+01   1.5800000e-02
   1.7800000e+01  -3.5310000e-02
   1.7820000e+01  -7.9170000e-02
   1.7840000e+01  -1.0058000e-01
   1.7860000e+01  -8.2190000e-02
   1.7880000e+01  -4.9990000e-02
   1.7900000e+01  -2.6400000e-03
   1.7920000e+01   3.6410000e-02
   1.7940000e+01   2.2310000e-02
   1.7960000e+01  -2.5720000e-02
   1.7980000e+01  -8.5450000e-02
   1.8000000e+01  -1.0777000e-01
   1.8020000e+01  -5.9550000e-02
   1.8040000e+01   2.3620000e-02
   1.8060000e+01   9.3940000e-02
   1.8080000e+01   1.2085000e-01
   1.8100000e+01   8.4210000e-02
   1.8120000e+01   3.9450000e-02
   1.8140000e+01   4.8900000e-02
   1.8160000e+01   6.9100000e-02
   1.8180000e+01   3.4150000e-02
   1.8200000e+01  -6.8240000e-02
   1.8220000e+01  -1.5847000e-01
   1.8240000e+01  -1.9567000e-01
   1.8260000e+01  -1.7097000e-01
   1.8280000e+01  -7.5610000e-02
   1.8300000e+01   1.9660000e-02
   1.8320000e+01   5.9200000e-02
   1.8340000e+01   2.2610000e-02
   1.8360000e+01  -3.6750000e-02
   1.8380000e+01  -5.0280000e-02
   1.8400000e+01  -2.5540000e-02
   1.8420000e+01  -4.6730000e-02
   1.8440000e+01  -1.0056000e-01
   1.8460000e+01  -1.7410000e-01
   1.8480000e+01  -2.5043000e-01
   1.8500000e+01  -2.6554000e-01
   1.8520000e+01  -1.7528000e-01
   1.8540000e+01   1.0000000e-03
   1.8560000e+01   1.2805000e-01
   1.8580000e+01   1.3175000e-01
   1.8600000e+01   4.1150000e-02
   1.8620000e+01  -8.2430000e-02
   1.8640000e+01  -1.7357000e-01
   1.8660000e+01  -1.9471000e-01
   1.8680000e+01  -1.7036000e-01
   1.8700000e+01  -1.1970000e-01
   1.8720000e+01  -8.5910000e-02
   1.8740000e+01  -7.6670000e-02
   1.8760000e+01  -4.4350000e-02
   1.8780000e+01   1.5610000e-02
   1.8800000e+01   7.7940000e-02
   1.8820000e+01   1.2841000e-01
   1.8840000e+01   1.9582000e-01
   1.8860000e+01   2.7094000e-01
   1.8880000e+01   3.1584000e-01
   1.8900000e+01   3.3754000e-01
   1.8920000e+01   3.0838000e-01
   1.8940000e+01   2.4133000e-01
   1.8960000e+01   1.7626000e-01
   1.8980000e+01   1.6502000e-01
   1.9000000e+01   1.8769000e-01
   1.9020000e+01   1.8340000e-01
   1.9040000e+01   1.5731000e-01
   1.9060000e+01   1.0690000e-01
   1.9080000e+01   5.7200000e-02
   1.9100000e+01   3.8350000e-02
   1.9120000e+01   3.7150000e-02
   1.9140000e+01   3.9660000e-02
   1.9160000e+01   1.8250000e-02
   1.9180000e+01  -3.2470000e-02
   1.9200000e+01  -8.3600000e-02
   1.9220000e+01  -1.3096000e-01
   1.9240000e+01  -1.7517000e-01
   1.9260000e+01  -2.3087000e-01
   1.9280000e+01  -2.5075000e-01
   1.9300000e+01  -2.0809000e-01
   1.9320000e+01  -1.4654000e-01
   1.9340000e+01  -1.0802000e-01
   1.9360000e+01  -8.5830000e-02
   1.9380000e+01  -4.7400000e-02
   1.9400000e+01  -1.9260000e-02
   1.9420000e+01  -2.0190000e-02
   1.9440000e+01  -9.4400000e-03
   1.9460000e+01   1.9560000e-02
   1.9480000e+01   7.6250000e-02
   1.9500000e+01   1.0831000e-01
   1.9520000e+01   7.1820000e-02
   1.9540000e+01   4.2890000e-02
   1.9560000e+01   3.6700000e-02
   1.9580000e+01   9.0000000e-03
   1.9600000e+01  -5.0460000e-02
   1.9620000e+01  -8.3790000e-02
   1.9640000e+01  -6.6200000e-02
   1.9660000e+01  -2.4080000e-02
   1.9680000e+01   3.8000000e-04
   1.9700000e+01  -1.4620000e-02
   1.9720000e+01  -3.4870000e-02
   1.9740000e+01  -5.0510000e-02
   1.9760000e+01  -9.9160000e-02
   1.9780000e+01  -1.7509000e-01
   1.9800000e+01  -2.3706000e-01
   1.9820000e+01  -2.8714000e-01
   1.9840000e+01  -3.0811000e-01
   1.9860000e+01  -2.7359000e-01
   1.9880000e+01  -2.1777000e-01
   1.9900000e+01  -1.8817000e-01
   1.9920000e+01  -1.4517000e-01
   1.9940000e+01  -6.1150000e-02
   1.9960000e+01   2.1320000e-02
   1.9980000e+01   9.2280000e-02
   2.0000000e+01   1.6796000e-01
   2.0020000e+01   2.1898000e-01
   2.0040000e+01   2.2105000e-01
   2.0060000e+01   1.7501000e-01
   2.0080000e+01   1.2538000e-01
   2.0100000e+01   1.1669000e-01
   2.0120000e+01   1.4028000e-01
   2.0140000e+01   1.8743000e-01
   2.0160000e+01   2.3517000e-01
   2.0180000e+01   2.7525000e-01
   2.0200000e+01   2.9012000e-01
   2.0220000e+01   2.6717000e-01
   2.0240000e+01   2.2429000e-01
   2.0260000e+01   2.2171000e-01
   2.0280000e+01   2.5361000e-01
   2.0300000e+01   2.8221000e-01
   2.0320000e+01   2.6971000e-01
   2.0340000e+01   2.1177000e-01
   2.0360000e+01   1.3182000e-01
   2.0380000e+01   4.7100000e-02
   2.0400000e+01   6.1000000e-03
   2.0420000e+01  -5.7520000e-02
   2.0440000e+01  -1.5264000e-01
   2.0460000e+01  -2.3741000e-01
   2.0480000e+01  -2.7616000e-01
   2.0500000e+01  -2.5550000e-01
   2.0520000e+01  -1.8431000e-01
   2.0540000e+01  -1.0132000e-01
   2.0560000e+01  -2.4970000e-02
   2.0580000e+01  -9.7000000e-03
   2.0600000e+01  -6.8860000e-02
   2.0620000e+01  -1.2849000e-01
   2.0640000e+01  -1.6600000e-01
   2.0660000e+01  -2.1549000e-01
   2.0680000e+01  -2.5400000e-01
   2.0700000e+01  -2.0609000e-01
   2.0720000e+01  -1.3240000e-01
   2.0740000e+01  -7.9080000e-02
   2.0760000e+01  -5.1380000e-02
   2.0780000e+01  -3.0380000e-02
   2.0800000e+01  -1.9980000e-02
   2.0820000e+01  -3.4200000e-02
   2.0840000e+01  -2.6400000e-02
   2.0860000e+01  -1.2090000e-02
   2.0880000e+01  -3.4140000e-02
   2.0900000e+01  -4.7300000e-02
   2.0920000e+01  -2.6770000e-02
   2.0940000e+01   2.0110000e-02
   2.0960000e+01   8.0200000e-02
   2.0980000e+01   1.1846000e-01
   2.1000000e+01   1.1375000e-01
   2.1020000e+01   8.2620000e-02
   2.1040000e+01   6.2840000e-02
   2.1060000e+01   1.6560000e-02
   2.1080000e+01  -2.5570000e-02
   2.1100000e+01  -5.6460000e-02
   2.1120000e+01  -9.5960000e-02
   2.1140000e+01  -8.7030000e-02
   2.1160000e+01  -7.1770000e-02
   2.1180000e+01  -5.2190000e-02
   2.1200000e+01  -4.3020000e-02
   2.1220000e+01  -4.7360000e-02
   2.1240000e+01  -6.5270000e-02
   2.1260000e+01  -7.3280000e-02
   2.1280000e+01  -4.6970000e-02
   2.1300000e+01  -4.3760000e-02
   2.1320000e+01  -4.1860000e-02
   2.1340000e+01  -7.3580000e-02
   2.1360000e+01  -1.0071000e-01
   2.1380000e+01  -1.0227000e-01
   2.1400000e+01  -8.5420000e-02
   2.1420000e+01  -4.6280000e-02
   2.1440000e+01  -1.9920000e-02
   2.1460000e+01  -1.3930000e-02
   2.1480000e+01  -1.8560000e-02
   2.1500000e+01   1.1920000e-02
   2.1520000e+01   5.9370000e-02
   2.1540000e+01   1.0865000e-01
   2.1560000e+01   1.3045000e-01
   2.1580000e+01   1.1097000e-01
   2.1600000e+01   6.9290000e-02
   2.1620000e+01   2.9170000e-02
   2.1640000e+01   4.0000000e-02
   2.1660000e+01   2.5290000e-02
   2.1680000e+01   5.5000000e-04
   2.1700000e+01  -1.2530000e-02
   2.1720000e+01  -4.9810000e-02
   2.1740000e+01  -6.0630000e-02
   2.1760000e+01  -3.5070000e-02
   2.1780000e+01  -7.9200000e-03
   2.1800000e+01  -1.3280000e-02
   2.1820000e+01  -2.9210000e-02
   2.1840000e+01  -5.4810000e-02
   2.1860000e+01  -7.3740000e-02
   2.1880000e+01  -7.6460000e-02
   2.1900000e+01  -6.3440000e-02
   2.1920000e+01  -7.0000000e-02
   2.1940000e+01  -1.0960000e-01
   2.1960000e+01  -1.4436000e-01
   2.1980000e+01  -9.4860000e-02
   2.2000000e+01   1.5980000e-02
   2.2020000e+01   6.9770000e-02
   2.2040000e+01   6.7210000e-02
   2.2060000e+01   3.1450000e-02
   2.2080000e+01  -1.8190000e-02
   2.2100000e+01  -8.5630000e-02
   2.2120000e+01  -7.8860000e-02
   2.2140000e+01  -4.3040000e-02
   2.2160000e+01  -7.8000000e-03
   2.2180000e+01   8.1100000e-03
   2.2200000e+01  -8.9200000e-03
   2.2220000e+01  -3.0200000e-03
   2.2240000e+01  -1.2900000e-02
   2.2260000e+01  -2.8860000e-02
   2.2280000e+01  -1.6600000e-02
   2.2300000e+01  -1.4400000e-03
   2.2320000e+01  -2.2000000e-04
   2.2340000e+01  -2.6800000e-02
   2.2360000e+01  -8.3460000e-02
   2.2380000e+01  -9.1950000e-02
   2.2400000e+01  -8.0250000e-02
   2.2420000e+01  -9.2690000e-02
   2.2440000e+01  -1.1652000e-01
   2.2460000e+01  -7.8720000e-02
   2.2480000e+01  -3.0860000e-02
   2.2500000e+01  -4.0710000e-02
   2.2520000e+01  -4.7440000e-02
   2.2540000e+01  -3.9330000e-02
   2.2560000e+01  -7.8930000e-02
   2.2580000e+01  -9.9940000e-02
   2.2600000e+01  -5.8830000e-02
   2.2620000e+01   1.0300000e-03
   2.2640000e+01   6.1850000e-02
   2.2660000e+01   1.1054000e-01
   2.2680000e+01   1.7714000e-01
   2.2700000e+01   2.0704000e-01
   2.2720000e+01   1.6848000e-01
   2.2740000e+01   9.4060000e-02
   2.2760000e+01   4.9660000e-02
   2.2780000e+01   3.7510000e-02
   2.2800000e+01   3.6640000e-02
   2.2820000e+01   5.3360000e-02
   2.2840000e+01   4.2520000e-02
   2.2860000e+01  -1.4670000e-02
   2.2880000e+01  -7.4800000e-02
   2.2900000e+01  -3.0270000e-02
   2.2920000e+01   6.0410000e-02
   2.2940000e+01   1.1471000e-01
   2.2960000e+01   9.9700000e-02
   2.2980000e+01   9.4040000e-02
   2.3000000e+01   1.0358000e-01
   2.3020000e+01   5.7080000e-02
   2.3040000e+01   1.4720000e-02
   2.3060000e+01  -4.4320000e-02
   2.3080000e+01  -1.2885000e-01
   2.3100000e+01  -2.3325000e-01
   2.3120000e+01  -2.8135000e-01
   2.3140000e+01  -2.4308000e-01
   2.3160000e+01  -1.5282000e-01
   2.3180000e+01  -2.7770000e-02
   2.3200000e+01   8.3060000e-02
   2.3220000e+01   1.6428000e-01
   2.3240000e+01   2.3376000e-01
   2.3260000e+01   2.6767000e-01
   2.3280000e+01   2.3514000e-01
   2.3300000e+01   1.4589000e-01
   2.3320000e+01   5.2000000e-02
   2.3340000e+01  -3.0970000e-02
   2.3360000e+01  -5.3780000e-02
   2.3380000e+01  -3.7700000e-02
   2.3400000e+01  -2.9660000e-02
   2.3420000e+01  -4.8700000e-03
   2.3440000e+01   3.7490000e-02
   2.3460000e+01   7.9490000e-02
   2.3480000e+01   9.2750000e-02
   2.3500000e+01   9.8320000e-02
   2.3520000e+01   7.4960000e-02
   2.3540000e+01   6.7220000e-02
   2.3560000e+01   7.8860000e-02
   2.3580000e+01   1.0685000e-01
   2.3600000e+01   1.1440000e-01
   2.3620000e+01   7.7300000e-02
   2.3640000e+01   2.8030000e-02
   2.3660000e+01  -3.0480000e-02
   2.3680000e+01  -6.8980000e-02
   2.3700000e+01  -8.6580000e-02
   2.3720000e+01  -7.9460000e-02
   2.3740000e+01  -7.1660000e-02
   2.3760000e+01  -8.7190000e-02
   2.3780000e+01  -8.4250000e-02
   2.3800000e+01  -5.8030000e-02
   2.3820000e+01  -1.8200000e-03
   2.3840000e+01   4.5750000e-02
   2.3860000e+01   7.2050000e-02
   2.3880000e+01   4.9710000e-02
   2.3900000e+01   7.1100000e-03
   2.3920000e+01  -1.6220000e-02
   2.3940000e+01   2.6230000e-02
   2.3960000e+01   1.7439000e-01
   2.3980000e+01   3.1205000e-01
   2.4000000e+01   2.6791000e-01
   2.4020000e+01   5.2200000e-02
   2.4040000e+01  -7.8570000e-02
   2.4060000e+01  -6.6910000e-02
   2.4080000e+01   9.4800000e-03
   2.4100000e+01   8.6190000e-02
   2.4120000e+01   1.6225000e-01
   2.4140000e+01   1.6540000e-01
   2.4160000e+01   1.2680000e-01
   2.4180000e+01   1.1093000e-01
   2.4200000e+01   7.2110000e-02
   2.4220000e+01   2.9760000e-02
   2.4240000e+01   7.0450000e-02
   2.4260000e+01   1.3975000e-01
   2.4280000e+01   1.1474000e-01
   2.4300000e+01   3.8350000e-02
   2.4320000e+01  -3.1580000e-02
   2.4340000e+01  -1.2381000e-01
   2.4360000e+01  -2.1078000e-01
   2.4380000e+01  -2.5885000e-01
   2.4400000e+01  -2.2754000e-01
   2.4420000e+01  -1.4861000e-01
   2.4440000e+01  -4.9190000e-02
   2.4460000e+01   1.8150000e-02
   2.4480000e+01  -4.6900000e-03
   2.4500000e+01  -4.6130000e-02
   2.4520000e+01  -5.8600000e-02
   2.4540000e+01  -2.5430000e-02
   2.4560000e+01   3.0750000e-02
   2.4580000e+01   4.4090000e-02
   2.4600000e+01   3.2510000e-02
   2.4620000e+01   4.1090000e-02
   2.4640000e+01   8.8420000e-02
   2.4660000e+01   1.1607000e-01
   2.4680000e+01   9.2920000e-02
   2.4700000e+01   1.0456000e-01
   2.4720000e+01   1.2018000e-01
   2.4740000e+01   1.1593000e-01
   2.4760000e+01   6.2740000e-02
   2.4780000e+01  -7.8000000e-04
   2.4800000e+01  -8.2860000e-02
   2.4820000e+01  -1.1592000e-01
   2.4840000e+01  -8.1960000e-02
   2.4860000e+01  -3.0580000e-02
   2.4880000e+01  -4.9500000e-03
   2.4900000e+01  -5.5720000e-02
   2.4920000e+01  -1.1125000e-01
   2.4940000e+01  -1.4927000e-01
   2.4960000e+01  -1.7033000e-01
   2.4980000e+01  -1.5152000e-01
   2.5000000e+01  -1.0047000e-01
   2.5020000e+01  -8.4510000e-02
   2.5040000e+01  -6.4400000e-02
   2.5060000e+01  -3.3340000e-02
   2.5080000e+01  -2.8300000e-03
   2.5100000e+01   1.0550000e-02
   2.5120000e+01   2.3220000e-02
   2.5140000e+01   4.6300000e-02
   2.5160000e+01   2.7510000e-02
   2.5180000e+01  -2.7500000e-03
   2.5200000e+01   1.0110000e-02
   2.5220000e+01   4.1760000e-02
   2.5240000e+01   5.7880000e-02
   2.5260000e+01   9.9260000e-02
   2.5280000e+01   9.9140000e-02
   2.5300000e+01   8.3950000e-02
   2.5320000e+01   4.7480000e-02
   2.5340000e+01  -1.7350000e-02
   2.5360000e+01  -6.6880000e-02
   2.5380000e+01  -8.6290000e-02
   2.5400000e+01  -8.1700000e-02
   2.5420000e+01  -7.3950000e-02
   2.5440000e+01  -6.2670000e-02
   2.5460000e+01  -4.7780000e-02
   2.5480000e+01  -3.3210000e-02
   2.5500000e+01  -2.6100000e-02
   2.5520000e+01   4.5620000e-02
   2.5540000e+01   1.3117000e-01
   2.5560000e+01   1.6387000e-01
   2.5580000e+01   1.4722000e-01
   2.5600000e+01   1.0436000e-01
   2.5620000e+01   4.6220000e-02
   2.5640000e+01  -2.1200000e-03
   2.5660000e+01  -3.3770000e-02
   2.5680000e+01  -5.6380000e-02
   2.5700000e+01  -3.1670000e-02
   2.5720000e+01   8.2400000e-03
   2.5740000e+01   5.0260000e-02
   2.5760000e+01   7.1540000e-02
   2.5780000e+01   9.5170000e-02
   2.5800000e+01   1.1793000e-01
   2.5820000e+01   1.0387000e-01
   2.5840000e+01   6.4610000e-02
   2.5860000e+01   1.9180000e-02
   2.5880000e+01  -9.1700000e-03
   2.5900000e+01   1.7760000e-02
   2.5920000e+01   7.4870000e-02
   2.5940000e+01   1.1875000e-01
   2.5960000e+01   1.4081000e-01
   2.5980000e+01   1.2324000e-01
   2.6000000e+01   7.0170000e-02
   2.6020000e+01   1.5600000e-02
   2.6040000e+01  -1.6940000e-02
   2.6060000e+01  -4.4000000e-02
   2.6080000e+01  -8.9700000e-02
   2.6100000e+01  -1.2306000e-01
   2.6120000e+01  -1.1339000e-01
   2.6140000e+01  -9.6670000e-02
   2.6160000e+01  -8.6890000e-02
   2.6180000e+01  -8.8860000e-02
   2.6200000e+01  -9.4260000e-02
   2.6220000e+01  -1.1018000e-01
   2.6240000e+01  -1.3530000e-01
   2.6260000e+01  -1.3625000e-01
   2.6280000e+01  -1.3005000e-01
   2.6300000e+01  -1.1149000e-01
   2.6320000e+01  -6.2250000e-02
   2.6340000e+01  -1.1270000e-02
   2.6360000e+01   2.4650000e-02
   2.6380000e+01   5.1250000e-02
   2.6400000e+01   7.6780000e-02
   2.6420000e+01   6.3050000e-02
   2.6440000e+01   4.3100000e-02
   2.6460000e+01   3.1300000e-03
   2.6480000e+01  -1.5000000e-02
   2.6500000e+01  -4.6420000e-02
   2.6520000e+01  -7.2210000e-02
   2.6540000e+01  -6.0140000e-02
   2.6560000e+01  -6.5730000e-02
   2.6580000e+01  -7.3440000e-02
   2.6600000e+01  -1.0292000e-01
   2.6620000e+01  -1.2538000e-01
   2.6640000e+01  -1.3920000e-01
   2.6660000e+01  -1.4276000e-01
   2.6680000e+01  -1.3358000e-01
   2.6700000e+01  -1.2659000e-01
   2.6720000e+01  -1.0554000e-01
   2.6740000e+01  -7.7580000e-02
   2.6760000e+01  -6.1880000e-02
   2.6780000e+01  -3.2860000e-02
   2.6800000e+01   5.8600000e-03
   2.6820000e+01   6.5990000e-02
   2.6840000e+01   9.5390000e-02
   2.6860000e+01   8.5790000e-02
   2.6880000e+01   5.8880000e-02
   2.6900000e+01   3.9290000e-02
   2.6920000e+01   5.2970000e-02
   2.6940000e+01   7.5430000e-02
   2.6960000e+01   1.0389000e-01
   2.6980000e+01   1.0749000e-01
   2.7000000e+01   6.1960000e-02
   2.7020000e+01   9.1000000e-03
   2.7040000e+01  -2.2900000e-03
   2.7060000e+01   1.8570000e-02
   2.7080000e+01   6.1520000e-02
   2.7100000e+01   1.0113000e-01
   2.7120000e+01   1.0962000e-01
   2.7140000e+01   9.7870000e-02
   2.7160000e+01   7.7990000e-02
   2.7180000e+01   6.1300000e-02
   2.7200000e+01   4.8530000e-02
   2.7220000e+01   1.4970000e-02
   2.7240000e+01   1.1760000e-02
   2.7260000e+01  -1.7130000e-02
   2.7280000e+01  -5.0110000e-02
   2.7300000e+01  -5.4460000e-02
   2.7320000e+01  -4.7840000e-02
   2.7340000e+01  -3.7020000e-02
   2.7360000e+01  -2.3850000e-02
   2.7380000e+01  -9.4500000e-03
   2.7400000e+01  -1.6140000e-02
   2.7420000e+01  -1.9400000e-02
   2.7440000e+01  -8.2000000e-03
   2.7460000e+01   1.7460000e-02
   2.7480000e+01   4.3780000e-02
   2.7500000e+01   4.7660000e-02
   2.7520000e+01   4.7290000e-02
   2.7540000e+01   4.7710000e-02
   2.7560000e+01   4.2760000e-02
   2.7580000e+01   4.9440000e-02
   2.7600000e+01   4.0890000e-02
   2.7620000e+01   4.3930000e-02
   2.7640000e+01   3.7560000e-02
   2.7660000e+01  -9.6000000e-03
   2.7680000e+01  -5.9970000e-02
   2.7700000e+01  -8.5060000e-02
   2.7720000e+01  -8.4350000e-02
   2.7740000e+01  -8.7740000e-02
   2.7760000e+01  -1.0697000e-01
   2.7780000e+01  -1.3209000e-01
   2.7800000e+01  -1.4670000e-01
   2.7820000e+01  -1.3410000e-01
   2.7840000e+01  -8.4660000e-02
   2.7860000e+01  -2.4530000e-02
   2.7880000e+01   1.8140000e-02
   2.7900000e+01   3.2830000e-02
   2.7920000e+01   1.6990000e-02
   2.7940000e+01   9.5000000e-03
   2.7960000e+01   1.2400000e-02
   2.7980000e+01   3.8390000e-02
   2.8000000e+01   6.7850000e-02
   2.8020000e+01   8.0980000e-02
   2.8040000e+01   1.1501000e-01
   2.8060000e+01   1.2882000e-01
   2.8080000e+01   1.4702000e-01
   2.8100000e+01   1.3579000e-01
   2.8120000e+01   1.3204000e-01
   2.8140000e+01   1.1727000e-01
   2.8160000e+01   9.2280000e-02
   2.8180000e+01   1.0713000e-01
   2.8200000e+01   1.1177000e-01
   2.8220000e+01   1.1532000e-01
   2.8240000e+01   1.0830000e-01
   2.8260000e+01   8.4300000e-02
   2.8280000e+01   3.5290000e-02
   2.8300000e+01  -7.3100000e-03
   2.8320000e+01  -4.2860000e-02
   2.8340000e+01  -7.4980000e-02
   2.8360000e+01  -9.1490000e-02
   2.8380000e+01  -9.6400000e-02
   2.8400000e+01  -1.1510000e-01
   2.8420000e+01  -1.2373000e-01
   2.8440000e+01  -1.2188000e-01
   2.8460000e+01  -1.1459000e-01
   2.8480000e+01  -9.1190000e-02
   2.8500000e+01  -7.4010000e-02
   2.8520000e+01  -8.7860000e-02
   2.8540000e+01  -7.2780000e-02
   2.8560000e+01  -6.8220000e-02
   2.8580000e+01  -8.1710000e-02
   2.8600000e+01  -8.0020000e-02
   2.8620000e+01  -4.1740000e-02
   2.8640000e+01   1.0340000e-02
   2.8660000e+01   5.7310000e-02
   2.8680000e+01   6.5300000e-02
   2.8700000e+01   5.2470000e-02
   2.8720000e+01   5.3080000e-02
   2.8740000e+01   5.4000000e-02
   2.8760000e+01   8.7100000e-02
   2.8780000e+01   1.0100000e-01
   2.8800000e+01   1.1150000e-01
   2.8820000e+01   9.5660000e-02
   2.8840000e+01   6.5430000e-02
   2.8860000e+01   3.8120000e-02
   2.8880000e+01   7.8000000e-03
   2.8900000e+01  -1.4450000e-02
   2.8920000e+01  -5.2750000e-02
   2.8940000e+01  -7.2200000e-02
   2.8960000e+01  -7.1350000e-02
   2.8980000e+01  -5.8100000e-02
   2.9000000e+01  -1.7820000e-02
   2.9020000e+01   9.9600000e-03
   2.9040000e+01   1.6320000e-02
   2.9060000e+01  -8.5900000e-03
   2.9080000e+01  -4.7400000e-02
   2.9100000e+01  -7.5350000e-02
   2.9120000e+01  -7.5970000e-02
   2.9140000e+01  -5.2080000e-02
   2.9160000e+01  -4.4700000e-02
   2.9180000e+01  -3.1990000e-02
   2.9200000e+01  -1.0240000e-02
   2.9220000e+01   1.2070000e-02
   2.9240000e+01   3.4180000e-02
   2.9260000e+01   4.0170000e-02
   2.9280000e+01   4.8520000e-02
   2.9300000e+01   3.5490000e-02
   2.9320000e+01   3.5360000e-02
   2.9340000e+01   3.0700000e-02
   2.9360000e+01   3.3530000e-02
   2.9380000e+01   2.6990000e-02
   2.9400000e+01  -1.1210000e-02
   2.9420000e+01  -3.1250000e-02
   2.9440000e+01  -5.7350000e-02
   2.9460000e+01  -7.2130000e-02
   2.9480000e+01  -7.3810000e-02
   2.9500000e+01  -4.3820000e-02
   2.9520000e+01  -1.1150000e-02
   2.9540000e+01   3.7410000e-02
   2.9560000e+01   7.3670000e-02
   2.9580000e+01   1.0009000e-01
   2.9600000e+01   1.1584000e-01
   2.9620000e+01   1.2076000e-01
   2.9640000e+01   1.1947000e-01
   2.9660000e+01   1.0072000e-01
   2.9680000e+01   8.3620000e-02
   2.9700000e+01   7.8260000e-02
   2.9720000e+01   7.4370000e-02
   2.9740000e+01   6.1170000e-02
   2.9760000e+01   3.1430000e-02
   2.9780000e+01  -1.5980000e-02
   2.9800000e+01  -6.1420000e-02
   2.9820000e+01  -8.8460000e-02
   2.9840000e+01  -7.4240000e-02
   2.9860000e+01  -3.5050000e-02
   2.9880000e+01  -9.9100000e-03
   2.9900000e+01  -1.2290000e-02
   2.9920000e+01  -1.8130000e-02
   2.9940000e+01  -4.3330000e-02
   2.9960000e+01  -5.5830000e-02
   2.9980000e+01  -4.3240000e-02
   3.0000000e+01  -3.3700000e-02
   3.0020000e+01  -4.5750000e-02
   3.0040000e+01  -4.2540000e-02
   3.0060000e+01  -4.5010000e-02
   3.0080000e+01  -5.8420000e-02
   3.0100000e+01  -6.5410000e-02
   3.0120000e+01  -8.8600000e-02
   3.0140000e+01  -9.7430000e-02
   3.0160000e+01  -1.1212000e-01
   3.0180000e+01  -1.2444000e-01
   3.0200000e+01  -1.1898000e-01
   3.0220000e+01  -1.0725000e-01
   3.0240000e+01  -1.0363000e-01
   3.0260000e+01  -1.0085000e-01
   3.0280000e+01  -7.0980000e-02
   3.0300000e+01  -2.6950000e-02
   3.0320000e+01   2.4600000e-02
   3.0340000e+01   6.5840000e-02
   3.0360000e+01   6.9480000e-02
   3.0380000e+01   5.5940000e-02
   3.0400000e+01   4.8860000e-02
   3.0420000e+01   4.0310000e-02
   3.0440000e+01   4.5810000e-02
   3.0460000e+01   6.4710000e-02
   3.0480000e+01   6.1290000e-02
   3.0500000e+01   4.6600000e-02
   3.0520000e+01   4.1920000e-02
   3.0540000e+01   4.1620000e-02
   3.0560000e+01   3.2370000e-02
   3.0580000e+01   2.7600000e-02
   3.0600000e+01   2.2990000e-02
   3.0620000e+01   1.9600000e-02
   3.0640000e+01   4.9470000e-02
   3.0660000e+01   3.8610000e-02
   3.0680000e+01   1.1560000e-02
   3.0700000e+01  -1.5340000e-02
   3.0720000e+01  -5.4040000e-02
   3.0740000e+01  -7.0940000e-02
   3.0760000e+01  -7.1450000e-02
   3.0780000e+01  -4.9310000e-02
   3.0800000e+01  -1.9380000e-02
   3.0820000e+01  -1.6050000e-02
   3.0840000e+01  -3.4010000e-02
   3.0860000e+01  -4.2300000e-02
   3.0880000e+01  -3.7680000e-02
   3.0900000e+01  -3.6530000e-02
   3.0920000e+01  -5.2900000e-02
   3.0940000e+01  -6.5760000e-02
   3.0960000e+01  -7.2730000e-02
   3.0980000e+01  -9.3980000e-02
   3.1000000e+01  -1.0221000e-01
   3.1020000e+01  -7.7260000e-02
   3.1040000e+01  -3.7010000e-02
   3.1060000e+01   8.7100000e-03
   3.1080000e+01   2.9480000e-02
   3.1100000e+01   4.2720000e-02
   3.1120000e+01   5.4830000e-02
   3.1140000e+01   6.4330000e-02
   3.1160000e+01   6.1140000e-02
   3.1180000e+01   7.0340000e-02
   3.1200000e+01   9.5620000e-02
   3.1220000e+01   1.0725000e-01
   3.1240000e+01   9.1080000e-02
   3.1260000e+01   6.7290000e-02
   3.1280000e+01   6.6920000e-02
   3.1300000e+01   4.6480000e-02
   3.1320000e+01   2.0800000e-02
   3.1340000e+01   1.1600000e-03
   3.1360000e+01  -1.0070000e-02
   3.1380000e+01  -2.6730000e-02
   3.1400000e+01  -6.5010000e-02
   3.1420000e+01  -9.9620000e-02
   3.1440000e+01  -1.3645000e-01
   3.1460000e+01  -1.5008000e-01
   3.1480000e+01  -1.4187000e-01
   3.1500000e+01  -1.2005000e-01
   3.1520000e+01  -9.1510000e-02
   3.1540000e+01  -6.3720000e-02
   3.1560000e+01  -3.3710000e-02
   3.1580000e+01  -1.0140000e-02
   3.1600000e+01   2.0870000e-02
   3.1620000e+01   5.3950000e-02
   3.1640000e+01   6.4150000e-02
   3.1660000e+01   5.5660000e-02
   3.1680000e+01   5.2530000e-02
   3.1700000e+01   6.0650000e-02
   3.1720000e+01   7.0680000e-02
   3.1740000e+01   7.0860000e-02
   3.1760000e+01   7.6750000e-02
   3.1780000e+01   6.3190000e-02
   3.1800000e+01   5.1700000e-02
   3.1820000e+01   3.8260000e-02
   3.1840000e+01   9.8600000e-03
   3.1860000e+01  -1.4120000e-02
   3.1880000e+01  -3.0050000e-02
   3.1900000e+01  -2.4920000e-02
   3.1920000e+01  -2.3550000e-02
   3.1940000e+01  -1.7800000e-02
   3.1960000e+01   6.5400000e-03
   3.1980000e+01   3.7350000e-02
   3.2000000e+01   4.2480000e-02
   3.2020000e+01   4.2460000e-02
   3.2040000e+01   6.1070000e-02
   3.2060000e+01   6.4840000e-02
   3.2080000e+01   5.5030000e-02
   3.2100000e+01   3.2350000e-02
   3.2120000e+01   2.8370000e-02
   3.2140000e+01   5.1110000e-02
   3.2160000e+01   5.6440000e-02
   3.2180000e+01   6.1520000e-02
   3.2200000e+01   6.3240000e-02
   3.2220000e+01   6.0550000e-02
   3.2240000e+01   5.3960000e-02
   3.2260000e+01   2.7260000e-02
   3.2280000e+01   3.0120000e-02
   3.2300000e+01   2.7900000e-02
   3.2320000e+01   2.7120000e-02
   3.2340000e+01   1.7000000e-02
   3.2360000e+01   6.3900000e-03
   3.2380000e+01   1.2330000e-02
   3.2400000e+01   1.5830000e-02
   3.2420000e+01   3.3370000e-02
   3.2440000e+01   5.5500000e-02
   3.2460000e+01   6.3590000e-02
   3.2480000e+01   7.5220000e-02
   3.2500000e+01   8.7490000e-02
   3.2520000e+01   7.7960000e-02
   3.2540000e+01   6.7060000e-02
   3.2560000e+01   4.8520000e-02
   3.2580000e+01   1.7470000e-02
   3.2600000e+01   1.7180000e-02
   3.2620000e+01   3.7990000e-02
   3.2640000e+01   5.4290000e-02
   3.2660000e+01   2.2580000e-02
   3.2680000e+01  -1.4850000e-02
   3.2700000e+01  -4.0220000e-02
   3.2720000e+01  -5.0510000e-02
   3.2740000e+01  -6.3600000e-02
   3.2760000e+01  -7.3430000e-02
   3.2780000e+01  -6.2750000e-02
   3.2800000e+01  -6.2290000e-02
   3.2820000e+01  -2.8530000e-02
   3.2840000e+01   8.9000000e-04
   3.2860000e+01   1.6190000e-02
   3.2880000e+01   4.2700000e-03
   3.2900000e+01   4.6100000e-03
   3.2920000e+01  -1.9900000e-03
   3.2940000e+01   1.8750000e-02
   3.2960000e+01   2.6410000e-02
   3.2980000e+01   5.3000000e-03
   3.3000000e+01  -1.3900000e-02
   3.3020000e+01  -4.8110000e-02
   3.3040000e+01  -3.4310000e-02
   3.3060000e+01  -1.1090000e-02
   3.3080000e+01   1.6400000e-03
   3.3100000e+01  -2.5000000e-04
   3.3120000e+01  -4.7000000e-04
   3.3140000e+01  -1.7150000e-02
   3.3160000e+01  -3.0970000e-02
   3.3180000e+01  -2.0750000e-02
   3.3200000e+01  -1.6310000e-02
   3.3220000e+01  -2.4050000e-02
   3.3240000e+01  -4.6270000e-02
   3.3260000e+01  -6.1580000e-02
   3.3280000e+01  -5.6270000e-02
   3.3300000e+01  -5.0310000e-02
   3.3320000e+01  -6.5210000e-02
   3.3340000e+01  -9.3900000e-02
   3.3360000e+01  -9.0290000e-02
   3.3380000e+01  -8.6560000e-02
   3.3400000e+01  -7.6700000e-02
   3.3420000e+01  -4.8000000e-02
   3.3440000e+01  -1.6300000e-03
   3.3460000e+01   2.3200000e-02
   3.3480000e+01   4.6540000e-02
   3.3500000e+01   5.3710000e-02
   3.3520000e+01   5.5080000e-02
   3.3540000e+01   5.7470000e-02
   3.3560000e+01   4.2280000e-02
   3.3580000e+01   6.3770000e-02
   3.3600000e+01   6.4100000e-02
   3.3620000e+01   5.5780000e-02
   3.3640000e+01   2.9740000e-02
   3.3660000e+01  -8.0200000e-03
   3.3680000e+01  -2.8640000e-02
   3.3700000e+01  -5.5250000e-02
   3.3720000e+01  -5.3400000e-02
   3.3740000e+01  -4.2460000e-02
   3.3760000e+01  -3.8870000e-02
   3.3780000e+01  -2.4590000e-02
   3.3800000e+01  -1.1030000e-02
   3.3820000e+01   2.7830000e-02
   3.3840000e+01   6.4110000e-02
   3.3860000e+01   7.2930000e-02
   3.3880000e+01   8.2050000e-02
   3.3900000e+01   8.3780000e-02
   3.3920000e+01   8.4650000e-02
   3.3940000e+01   7.3360000e-02
   3.3960000e+01   4.0520000e-02
   3.3980000e+01   2.4420000e-02
   3.4000000e+01   2.0600000e-03
   3.4020000e+01  -4.8170000e-02
   3.4040000e+01  -7.6870000e-02
   3.4060000e+01  -8.5690000e-02
   3.4080000e+01  -6.7570000e-02
   3.4100000e+01  -5.3980000e-02
   3.4120000e+01  -5.0960000e-02
   3.4140000e+01  -4.8450000e-02
   3.4160000e+01  -6.7050000e-02
   3.4180000e+01  -6.4680000e-02
   3.4200000e+01  -4.7610000e-02
   3.4220000e+01  -2.7550000e-02
   3.4240000e+01  -2.8840000e-02
   3.4260000e+01  -3.2300000e-02
   3.4280000e+01  -2.7600000e-02
   3.4300000e+01  -2.4540000e-02
   3.4320000e+01  -2.6160000e-02
   3.4340000e+01  -1.8640000e-02
   3.4360000e+01   8.0100000e-03
   3.4380000e+01   2.4800000e-02
   3.4400000e+01   2.9380000e-02
   3.4420000e+01   4.6660000e-02
   3.4440000e+01   4.8140000e-02
   3.4460000e+01   4.5210000e-02
   3.4480000e+01   4.9890000e-02
   3.4500000e+01   4.5680000e-02
   3.4520000e+01   5.2030000e-02
   3.4540000e+01   4.7540000e-02
   3.4560000e+01   2.5670000e-02
   3.4580000e+01   1.2140000e-02
   3.4600000e+01   1.3190000e-02
   3.4620000e+01   2.5340000e-02
   3.4640000e+01   5.4100000e-02
   3.4660000e+01   4.7560000e-02
   3.4680000e+01   2.6650000e-02
   3.4700000e+01   5.6900000e-03
   3.4720000e+01  -1.6200000e-03
   3.4740000e+01   2.3940000e-02
   3.4760000e+01   3.1100000e-02
   3.4780000e+01   3.5050000e-02
   3.4800000e+01   1.7250000e-02
   3.4820000e+01   1.0750000e-02
   3.4840000e+01   2.1740000e-02
   3.4860000e+01  -8.5300000e-03
   3.4880000e+01  -2.9440000e-02
   3.4900000e+01  -3.8310000e-02
   3.4920000e+01  -4.4440000e-02
   3.4940000e+01  -6.9380000e-02
   3.4960000e+01  -8.0190000e-02
   3.4980000e+01  -5.7140000e-02
   3.5000000e+01  -3.2950000e-02
   3.5020000e+01  -2.2910000e-02
   3.5040000e+01  -5.5400000e-03
   3.5060000e+01   2.0900000e-02
   3.5080000e+01   3.6820000e-02
   3.5100000e+01   2.7810000e-02
   3.5120000e+01   3.3200000e-03
   3.5140000e+01  -1.9140000e-02
   3.5160000e+01  -4.9810000e-02
   3.5180000e+01  -2.0030000e-02
   3.5200000e+01   2.2800000e-02
   3.5220000e+01   4.7950000e-02
   3.5240000e+01   2.0710000e-02
   3.5260000e+01  -2.2310000e-02
   3.5280000e+01  -3.4260000e-02
   3.5300000e+01  -3.5060000e-02
   3.5320000e+01  -2.0860000e-02
   3.5340000e+01  -1.8220000e-02
   3.5360000e+01  -3.2860000e-02
   3.5380000e+01  -3.6640000e-02
   3.5400000e+01  -3.6080000e-02
   3.5420000e+01  -3.2360000e-02
   3.5440000e+01  -2.1540000e-02
   3.5460000e+01  -2.1800000e-02
   3.5480000e+01  -2.6800000e-02
   3.5500000e+01  -6.3470000e-02
   3.5520000e+01  -7.5930000e-02
   3.5540000e+01  -6.3730000e-02
   3.5560000e+01  -4.0080000e-02
   3.5580000e+01  -1.1580000e-02
   3.5600000e+01   3.1800000e-03
   3.5620000e+01   1.0080000e-02
   3.5640000e+01   3.4230000e-02
   3.5660000e+01   3.5320000e-02
   3.5680000e+01   3.7750000e-02
   3.5700000e+01   2.9880000e-02
   3.5720000e+01   6.3700000e-03
   3.5740000e+01  -2.3530000e-02
   3.5760000e+01  -4.5440000e-02
   3.5780000e+01  -5.4240000e-02
   3.5800000e+01  -5.2050000e-02
   3.5820000e+01  -4.8320000e-02
   3.5840000e+01  -4.4310000e-02
   3.5860000e+01  -1.8120000e-02
   3.5880000e+01  -1.5350000e-02
   3.5900000e+01  -1.5570000e-02
   3.5920000e+01  -1.5950000e-02
   3.5940000e+01  -8.2400000e-03
   3.5960000e+01   7.1500000e-03
   3.5980000e+01   2.2800000e-03
   3.6000000e+01  -1.2070000e-02
   3.6020000e+01  -4.3400000e-03
   3.6040000e+01   1.6200000e-03
   3.6060000e+01   1.0700000e-02
   3.6080000e+01   6.6000000e-04
   3.6100000e+01  -1.7750000e-02
   3.6120000e+01  -3.5540000e-02
   3.6140000e+01  -3.6420000e-02
   3.6160000e+01  -2.7770000e-02
   3.6180000e+01  -1.4530000e-02
   3.6200000e+01  -1.3100000e-02
   3.6220000e+01  -3.0350000e-02
   3.6240000e+01  -5.2180000e-02
   3.6260000e+01  -6.7170000e-02
   3.6280000e+01  -6.7730000e-02
   3.6300000e+01  -6.6270000e-02
   3.6320000e+01  -4.2610000e-02
   3.6340000e+01  -3.2910000e-02
   3.6360000e+01  -1.2820000e-02
   3.6380000e+01  -3.4000000e-03
   3.6400000e+01  -6.0800000e-03
   3.6420000e+01  -8.2500000e-03
   3.6440000e+01   1.1310000e-02
   3.6460000e+01   2.0960000e-02
   3.6480000e+01   2.0170000e-02
   3.6500000e+01   1.7990000e-02
   3.6520000e+01   1.5280000e-02
   3.6540000e+01   1.7270000e-02
   3.6560000e+01   1.7210000e-02
   3.6580000e+01   2.2670000e-02
   3.6600000e+01   2.0480000e-02
   3.6620000e+01   3.5470000e-02
   3.6640000e+01   4.9110000e-02
   3.6660000e+01   5.7210000e-02
   3.6680000e+01   6.3620000e-02
   3.6700000e+01   7.5650000e-02
   3.6720000e+01   7.8600000e-02
   3.6740000e+01   8.0040000e-02
   3.6760000e+01   8.2250000e-02
   3.6780000e+01   8.1960000e-02
   3.6800000e+01   8.3910000e-02
   3.6820000e+01   6.4090000e-02
   3.6840000e+01   4.5580000e-02
   3.6860000e+01   3.1290000e-02
   3.6880000e+01   6.9600000e-03
   3.6900000e+01  -5.7600000e-03
   3.6920000e+01  -1.6090000e-02
   3.6940000e+01  -1.1780000e-02
   3.6960000e+01  -1.0840000e-02
   3.6980000e+01  -1.8390000e-02
   3.7000000e+01  -2.4080000e-02
   3.7020000e+01  -3.1280000e-02
   3.7040000e+01  -5.0130000e-02
   3.7060000e+01  -8.3820000e-02
   3.7080000e+01  -1.0878000e-01
   3.7100000e+01  -1.1124000e-01
   3.7120000e+01  -1.0585000e-01
   3.7140000e+01  -8.0750000e-02
   3.7160000e+01  -6.1660000e-02
   3.7180000e+01  -5.7960000e-02
   3.7200000e+01  -4.1690000e-02
   3.7220000e+01  -3.8180000e-02
   3.7240000e+01  -5.1950000e-02
   3.7260000e+01  -5.1620000e-02
   3.7280000e+01  -5.0860000e-02
   3.7300000e+01  -6.6730000e-02
   3.7320000e+01  -5.2720000e-02
   3.7340000e+01  -2.8490000e-02
   3.7360000e+01  -2.0000000e-04
   3.7380000e+01   2.1050000e-02
   3.7400000e+01   1.6810000e-02
   3.7420000e+01   1.6840000e-02
   3.7440000e+01   1.6510000e-02
   3.7460000e+01   2.5880000e-02
   3.7480000e+01   2.2970000e-02
   3.7500000e+01   1.5370000e-02
   3.7520000e+01   1.7950000e-02
   3.7540000e+01   1.8920000e-02
   3.7560000e+01   3.0280000e-02
   3.7580000e+01   5.1090000e-02
   3.7600000e+01   3.3230000e-02
   3.7620000e+01   3.1760000e-02
   3.7640000e+01   4.0300000e-02
   3.7660000e+01   2.3060000e-02
   3.7680000e+01   2.0130000e-02
   3.7700000e+01   2.5190000e-02
   3.7720000e+01   4.1170000e-02
   3.7740000e+01   2.6620000e-02
   3.7760000e+01   2.5520000e-02
   3.7780000e+01   2.2260000e-02
   3.7800000e+01   3.2260000e-02
   3.7820000e+01   5.0180000e-02
   3.7840000e+01   5.2090000e-02
   3.7860000e+01   4.2190000e-02
   3.7880000e+01   3.0920000e-02
   3.7900000e+01   2.8680000e-02
   3.7920000e+01   1.8650000e-02
   3.7940000e+01   8.2900000e-03
   3.7960000e+01   2.4800000e-03
   3.7980000e+01  -1.9500000e-03
   3.8000000e+01  -3.8800000e-03
   3.8020000e+01   3.9800000e-03
   3.8040000e+01   1.7970000e-02
   3.8060000e+01   1.5670000e-02
   3.8080000e+01   4.7900000e-03
   3.8100000e+01  -2.4000000e-04
   3.8120000e+01   4.7000000e-04
   3.8140000e+01   4.6100000e-03
   3.8160000e+01  -3.9200000e-03
   3.8180000e+01  -1.9600000e-03
   3.8200000e+01   7.8000000e-04
   3.8220000e+01   5.5000000e-04
   3.8240000e+01  -5.3000000e-04
   3.8260000e+01  -4.8800000e-03
   3.8280000e+01  -1.6220000e-02
   3.8300000e+01  -3.0920000e-02
   3.8320000e+01  -2.2740000e-02
   3.8340000e+01  -5.5200000e-03
   3.8360000e+01   5.4200000e-03
   3.8380000e+01   6.0400000e-03
   3.8400000e+01   1.6580000e-02
   3.8420000e+01   2.1120000e-02
   3.8440000e+01   1.1000000e-04
   3.8460000e+01  -6.8900000e-03
   3.8480000e+01   2.0200000e-03
   3.8500000e+01   1.0200000e-03
   3.8520000e+01  -2.5320000e-02
   3.8540000e+01  -3.8220000e-02
   3.8560000e+01  -4.1680000e-02
   3.8580000e+01  -2.3870000e-02
   3.8600000e+01  -1.3810000e-02
   3.8620000e+01   1.2580000e-02
   3.8640000e+01   5.9590000e-02
   3.8660000e+01   5.3310000e-02
   3.8680000e+01   5.4330000e-02
   3.8700000e+01   5.3330000e-02
   3.8720000e+01   4.4420000e-02
   3.8740000e+01   3.8920000e-02
   3.8760000e+01   2.3970000e-02
   3.8780000e+01   2.6070000e-02
   3.8800000e+01   2.6820000e-02
   3.8820000e+01   2.6840000e-02
   3.8840000e+01   3.1880000e-02
   3.8860000e+01   5.1250000e-02
   3.8880000e+01   6.3530000e-02
   3.8900000e+01   5.3620000e-02
   3.8920000e+01   5.8860000e-02
   3.8940000e+01   7.4260000e-02
   3.8960000e+01   6.7570000e-02
   3.8980000e+01   6.0760000e-02
   3.9000000e+01   5.5450000e-02
   3.9020000e+01   5.4900000e-02
   3.9040000e+01   4.9810000e-02
   3.9060000e+01   2.7130000e-02
   3.9080000e+01   2.6160000e-02
   3.9100000e+01   2.8060000e-02
   3.9120000e+01   2.8240000e-02
   3.9140000e+01   2.0320000e-02
   3.9160000e+01   4.8400000e-03
   3.9180000e+01  -1.2910000e-02
   3.9200000e+01  -3.5040000e-02
   3.9220000e+01  -4.1380000e-02
   3.9240000e+01  -6.2590000e-02
   3.9260000e+01  -5.2780000e-02
   3.9280000e+01  -2.8300000e-02
   3.9300000e+01  -1.2980000e-02
   3.9320000e+01  -1.2250000e-02
   3.9340000e+01   5.0700000e-03
   3.9360000e+01   2.0920000e-02
   3.9380000e+01   7.8200000e-03
   3.9400000e+01  -1.7800000e-03
   3.9420000e+01  -8.4400000e-03
   3.9440000e+01  -6.2000000e-03
   3.9460000e+01  -9.8600000e-03
   3.9480000e+01   7.6200000e-03
   3.9500000e+01  -2.4500000e-03
   3.9520000e+01  -2.0630000e-02
   3.9540000e+01  -2.9830000e-02
   3.9560000e+01  -3.2930000e-02
   3.9580000e+01  -2.4470000e-02
   3.9600000e+01  -1.7620000e-02
   3.9620000e+01  -6.9400000e-03
   3.9640000e+01  -6.2400000e-03
   3.9660000e+01  -1.1210000e-02
   3.9680000e+01  -1.4040000e-02
   3.9700000e+01   3.2900000e-03
   3.9720000e+01   9.8900000e-03
   3.9740000e+01   1.4710000e-02
   3.9760000e+01   4.2000000e-04
   3.9780000e+01  -1.2910000e-02
   3.9800000e+01  -1.4550000e-02
   3.9820000e+01  -1.9410000e-02
   3.9840000e+01  -1.7190000e-02
   3.9860000e+01  -3.7940000e-02
   3.9880000e+01  -3.5590000e-02
   3.9900000e+01  -3.7080000e-02
   3.9920000e+01  -3.8180000e-02
   3.9940000e+01  -3.7760000e-02
   3.9960000e+01  -2.1660000e-02
   3.9980000e+01  -5.0600000e-03
   4.0000000e+01  -5.1700000e-03
   4.0020000e+01  -4.6400000e-03
   4.0040000e+01  -3.0400000e-03
   4.0060000e+01  -8.4700000e-03
   4.0080000e+01  -3.0940000e-02
   4.0100000e+01  -4.2490000e-02
   4.0120000e+01  -2.1280000e-02
   4.0140000e+01   9.6000000e-03
   4.0160000e+01   3.5360000e-02
   4.0180000e+01   8.0740000e-02
   4.0200000e+01   1.0118000e-01
   4.0220000e+01   8.3900000e-02
   4.0240000e+01   5.0490000e-02
   4.0260000e+01   2.6390000e-02
   4.0280000e+01   1.1900000e-03
   4.0300000e+01  -2.3900000e-03
   4.0320000e+01   1.2700000e-03
   4.0340000e+01   5.0700000e-03
   4.0360000e+01   1.4500000e-03
   4.0380000e+01  -1.4100000e-03
   4.0400000e+01  -2.2800000e-03
   4.0420000e+01  -1.8300000e-03
   4.0440000e+01   3.5200000e-03
   4.0460000e+01   4.4000000e-04
   4.0480000e+01   8.4600000e-03
   4.0500000e+01   8.8700000e-03
   4.0520000e+01   1.9940000e-02
   4.0540000e+01   1.7350000e-02
   4.0560000e+01   1.4290000e-02
   4.0580000e+01   1.7010000e-02
   4.0600000e+01   6.7000000e-03
   4.0620000e+01   1.8760000e-02
   4.0640000e+01   2.7060000e-02
   4.0660000e+01   2.3970000e-02
   4.0680000e+01   4.3100000e-02
   4.0700000e+01   6.2780000e-02
   4.0720000e+01   6.2620000e-02
   4.0740000e+01   5.8480000e-02
   4.0760000e+01   4.9760000e-02
   4.0780000e+01   3.7910000e-02
   4.0800000e+01   3.1080000e-02
   4.0820000e+01   2.0590000e-02
   4.0840000e+01   1.4820000e-02
   4.0860000e+01  -5.8000000e-04
   4.0880000e+01  -7.9500000e-03
   4.0900000e+01  -1.3540000e-02
   4.0920000e+01  -6.4700000e-03
   4.0940000e+01  -1.8360000e-02
   4.0960000e+01  -3.3210000e-02
   4.0980000e+01  -3.2690000e-02
   4.1000000e+01  -3.2490000e-02
   4.1020000e+01  -3.4660000e-02
   4.1040000e+01  -2.5690000e-02
   4.1060000e+01  -2.1700000e-02
   4.1080000e+01  -2.7960000e-02
   4.1100000e+01  -3.5740000e-02
   4.1120000e+01  -4.6420000e-02
   4.1140000e+01  -3.5330000e-02
   4.1160000e+01  -3.9430000e-02
   4.1180000e+01  -3.4990000e-02
   4.1200000e+01  -2.0540000e-02
   4.1220000e+01  -8.5400000e-03
   4.1240000e+01  -1.0460000e-02
   4.1260000e+01  -3.0050000e-02
   4.1280000e+01  -5.0510000e-02
   4.1300000e+01  -6.3890000e-02
   4.1320000e+01  -7.4870000e-02
   4.1340000e+01  -8.0500000e-02
   4.1360000e+01  -6.2100000e-02
   4.1380000e+01  -3.7460000e-02
   4.1400000e+01  -1.8230000e-02
   4.1420000e+01   7.9600000e-03
   4.1440000e+01   2.0260000e-02
   4.1460000e+01   6.7000000e-04
   4.1480000e+01  -1.2270000e-02
   4.1500000e+01  -1.8740000e-02
   4.1520000e+01  -8.2200000e-03
   4.1540000e+01   1.4340000e-02
   4.1560000e+01   3.3610000e-02
   4.1580000e+01   4.3530000e-02
   4.1600000e+01   4.5690000e-02
   4.1620000e+01   5.0710000e-02
   4.1640000e+01   4.8250000e-02
   4.1660000e+01   3.4390000e-02
   4.1680000e+01   2.0970000e-02
   4.1700000e+01  -1.2600000e-03
   4.1720000e+01  -2.6450000e-02
   4.1740000e+01  -3.1940000e-02
   4.1760000e+01  -3.6570000e-02
   4.1780000e+01  -3.8100000e-02
   4.1800000e+01  -3.6100000e-02
   4.1820000e+01  -1.3210000e-02
   4.1840000e+01  -9.8600000e-03
   4.1860000e+01  -3.9100000e-03
   4.1880000e+01   1.5870000e-02
   4.1900000e+01   2.5950000e-02
   4.1920000e+01   4.1030000e-02
   4.1940000e+01   5.6220000e-02
   4.1960000e+01   7.5060000e-02
   4.1980000e+01   6.1800000e-02
   4.2000000e+01   4.8380000e-02
   4.2020000e+01   5.1100000e-02
   4.2040000e+01   4.0400000e-02
   4.2060000e+01   2.0550000e-02
   4.2080000e+01   2.0130000e-02
   4.2100000e+01   1.7490000e-02
   4.2120000e+01   1.8980000e-02
   4.2140000e+01   1.3870000e-02
   4.2160000e+01  -8.1400000e-03
   4.2180000e+01  -4.1500000e-03
   4.2200000e+01  -6.8600000e-03
   4.2220000e+01  -1.7110000e-02
   4.2240000e+01   5.3300000e-03
   4.2260000e+01   3.0390000e-02
   4.2280000e+01   1.9140000e-02
   4.2300000e+01   1.5310000e-02
   4.2320000e+01   2.3000000e-04
   4.2340000e+01  -9.1500000e-03
   4.2360000e+01  -8.6600000e-03
   4.2380000e+01  -2.2340000e-02
   4.2400000e+01  -2.0970000e-02
   4.2420000e+01  -1.0610000e-02
   4.2440000e+01  -8.8600000e-03
   4.2460000e+01   1.6200000e-03
   4.2480000e+01   1.8630000e-02
   4.2500000e+01   9.7000000e-04
   4.2520000e+01  -9.0200000e-03
   4.2540000e+01  -5.3000000e-03
   4.2560000e+01  -6.2500000e-03
   4.2580000e+01   1.3800000e-02
   4.2600000e+01   1.4470000e-02
   4.2620000e+01   1.2740000e-02
   4.2640000e+01   1.5410000e-02
   4.2660000e+01   1.1420000e-02
   4.2680000e+01   1.1070000e-02
   4.2700000e+01  -3.4500000e-03
   4.2720000e+01  -1.9180000e-02
   4.2740000e+01  -3.7010000e-02
   4.2760000e+01  -5.5140000e-02
   4.2780000e+01  -7.1570000e-02
   4.2800000e+01  -6.6760000e-02
   4.2820000e+01  -7.2640000e-02
   4.2840000e+01  -5.8210000e-02
   4.2860000e+01  -4.1100000e-02
   4.2880000e+01  -4.0330000e-02
   4.2900000e+01  -4.2330000e-02
   4.2920000e+01  -2.7610000e-02
   4.2940000e+01  -1.2170000e-02
   4.2960000e+01   1.9100000e-03
   4.2980000e+01   2.3270000e-02
   4.3000000e+01  -1.5700000e-03
   4.3020000e+01  -8.8900000e-03
   4.3040000e+01  -3.1070000e-02
   4.3060000e+01  -3.8020000e-02
   4.3080000e+01  -3.9350000e-02
   4.3100000e+01  -6.9760000e-02
   4.3120000e+01  -7.2520000e-02
   4.3140000e+01  -6.4950000e-02
   4.3160000e+01  -4.6000000e-02
   4.3180000e+01  -4.3230000e-02
   4.3200000e+01  -3.8650000e-02
   4.3220000e+01  -3.3770000e-02
   4.3240000e+01  -3.8100000e-02
   4.3260000e+01  -3.7390000e-02
   4.3280000e+01  -6.0420000e-02
   4.3300000e+01  -7.1130000e-02
   4.3320000e+01  -6.3080000e-02
   4.3340000e+01  -3.2490000e-02
   4.3360000e+01   7.9000000e-04
   4.3380000e+01   1.6640000e-02
   4.3400000e+01   2.1450000e-02
   4.3420000e+01   2.2140000e-02
   4.3440000e+01   3.0640000e-02
   4.3460000e+01   3.2160000e-02
   4.3480000e+01   4.4310000e-02
   4.3500000e+01   5.1980000e-02
   4.3520000e+01   7.2540000e-02
   4.3540000e+01   8.4880000e-02
   4.3560000e+01   8.3640000e-02
   4.3580000e+01   8.7510000e-02
   4.3600000e+01   8.0450000e-02
   4.3620000e+01   8.1960000e-02
   4.3640000e+01   8.1820000e-02
   4.3660000e+01   8.0900000e-02
   4.3680000e+01   7.9100000e-02
   4.3700000e+01   8.0990000e-02
   4.3720000e+01   7.3720000e-02
   4.3740000e+01   7.5410000e-02
   4.3760000e+01   6.4960000e-02
   4.3780000e+01   5.2230000e-02
   4.3800000e+01   4.8870000e-02
   4.3820000e+01   5.0030000e-02
   4.3840000e+01   4.6970000e-02
   4.3860000e+01   6.2680000e-02
   4.3880000e+01   7.4910000e-02
   4.3900000e+01   5.2850000e-02
   4.3920000e+01   2.8830000e-02
   4.3940000e+01   2.2200000e-02
   4.3960000e+01  -3.6300000e-03
   4.3980000e+01  -3.4390000e-02
   4.4000000e+01  -4.8460000e-02
   4.4020000e+01  -4.8610000e-02
   4.4040000e+01  -3.2030000e-02
   4.4060000e+01  -3.9960000e-02
   4.4080000e+01  -1.2090000e-02
   4.4100000e+01  -2.3190000e-02
   4.4120000e+01  -2.9180000e-02
   4.4140000e+01  -3.0700000e-03
   4.4160000e+01   1.7390000e-02
   4.4180000e+01   2.4230000e-02
   4.4200000e+01  -3.7500000e-03
   4.4220000e+01  -6.7100000e-03
   4.4240000e+01   1.7610000e-02
   4.4260000e+01   1.3440000e-02
   4.4280000e+01  -5.5600000e-03
   4.4300000e+01  -7.9300000e-03
   4.4320000e+01  -5.0700000e-03
   4.4340000e+01  -1.8500000e-03
   4.4360000e+01  -1.1780000e-02
   4.4380000e+01  -5.9700000e-03
   4.4400000e+01  -2.9800000e-02
   4.4420000e+01  -4.4460000e-02
   4.4440000e+01  -4.6190000e-02
   4.4460000e+01  -6.2740000e-02
   4.4480000e+01  -9.3560000e-02
   4.4500000e+01  -1.1472000e-01
   4.4520000e+01  -9.1990000e-02
   4.4540000e+01  -8.2760000e-02
   4.4560000e+01  -8.4670000e-02
   4.4580000e+01  -8.0890000e-02
   4.4600000e+01  -8.4040000e-02
   4.4620000e+01  -7.7350000e-02
   4.4640000e+01  -7.6580000e-02
   4.4660000e+01  -7.6670000e-02
   4.4680000e+01  -5.8670000e-02
   4.4700000e+01  -6.3190000e-02
   4.4720000e+01  -6.1460000e-02
   4.4740000e+01  -4.7600000e-02
   4.4760000e+01  -3.7480000e-02
   4.4780000e+01  -3.6540000e-02
   4.4800000e+01  -2.7330000e-02
   4.4820000e+01  -2.9910000e-02
   4.4840000e+01  -2.9000000e-02
   4.4860000e+01  -2.2930000e-02
   4.4880000e+01  -1.9170000e-02
   4.4900000e+01  -2.6280000e-02
   4.4920000e+01  -2.4870000e-02
   4.4940000e+01  -3.0610000e-02
   4.4960000e+01  -5.3660000e-02
   4.4980000e+01  -6.0910000e-02
   4.5000000e+01  -6.2430000e-02
   4.5020000e+01  -6.4020000e-02
   4.5040000e+01  -3.5100000e-02
   4.5060000e+01  -2.8570000e-02
   4.5080000e+01  -1.4290000e-02
   4.5100000e+01   1.7750000e-02
   4.5120000e+01   2.8700000e-03
   4.5140000e+01   1.3460000e-02
   4.5160000e+01   1.1360000e-02
   4.5180000e+01   1.3920000e-02
   4.5200000e+01   1.3920000e-02
   4.5220000e+01   1.1810000e-02
   4.5240000e+01   1.3760000e-02
   4.5260000e+01   1.7800000e-03
   4.5280000e+01   8.8600000e-03
   4.5300000e+01   1.2820000e-02
   4.5320000e+01  -8.4000000e-03
   4.5340000e+01  -1.7780000e-02
   4.5360000e+01  -1.3650000e-02
   4.5380000e+01   2.5100000e-03
   4.5400000e+01   1.7560000e-02
   4.5420000e+01   4.3540000e-02
   4.5440000e+01   6.2040000e-02
   4.5460000e+01   5.3830000e-02
   4.5480000e+01   4.0450000e-02
   4.5500000e+01   2.0680000e-02
   4.5520000e+01   1.7450000e-02
   4.5540000e+01   1.0320000e-02
   4.5560000e+01  -2.6210000e-02
   4.5580000e+01  -3.1680000e-02
   4.5600000e+01   1.1500000e-03
   4.5620000e+01   4.8820000e-02
   4.5640000e+01   6.5240000e-02
   4.5660000e+01   5.7810000e-02
   4.5680000e+01   7.4540000e-02
   4.5700000e+01   7.2900000e-02
   4.5720000e+01   6.8360000e-02
   4.5740000e+01   6.2630000e-02
   4.5760000e+01   6.6210000e-02
   4.5780000e+01   6.3300000e-02
   4.5800000e+01   4.5390000e-02
   4.5820000e+01   5.4110000e-02
   4.5840000e+01   5.5710000e-02
   4.5860000e+01   4.8980000e-02
   4.5880000e+01   4.3080000e-02
   4.5900000e+01   2.0780000e-02
   4.5920000e+01   1.3610000e-02
   4.5940000e+01   1.4400000e-03
   4.5960000e+01  -1.7000000e-04
   4.5980000e+01   9.2900000e-03
   4.6000000e+01   9.5300000e-03
   4.6020000e+01   9.8000000e-04
   4.6040000e+01   1.6120000e-02
   4.6060000e+01   1.1870000e-02
   4.6080000e+01  -2.4250000e-02
   4.6100000e+01  -3.6850000e-02
   4.6120000e+01  -3.5190000e-02
   4.6140000e+01  -2.4240000e-02
   4.6160000e+01  -1.8110000e-02
   4.6180000e+01  -1.5330000e-02
   4.6200000e+01  -1.8000000e-02
   4.6220000e+01  -1.4050000e-02
   4.6240000e+01  -3.5400000e-03
   4.6260000e+01   6.6000000e-03
   4.6280000e+01  -1.6170000e-02
   4.6300000e+01  -2.5530000e-02
   4.6320000e+01  -3.5140000e-02
   4.6340000e+01  -2.3300000e-02
   4.6360000e+01  -1.3430000e-02
   4.6380000e+01  -3.2300000e-03
   4.6400000e+01   1.0560000e-02
   4.6420000e+01  -1.9800000e-02
   4.6440000e+01  -3.5400000e-02
   4.6460000e+01  -5.3370000e-02
   4.6480000e+01  -6.7050000e-02
   4.6500000e+01  -7.2200000e-02
   4.6520000e+01  -5.8890000e-02
   4.6540000e+01  -3.4120000e-02
   4.6560000e+01  -1.4590000e-02
   4.6580000e+01   1.4740000e-02
   4.6600000e+01   2.4170000e-02
   4.6620000e+01   2.0590000e-02
   4.6640000e+01   2.3070000e-02
   4.6660000e+01   1.7280000e-02
   4.6680000e+01   2.3890000e-02
   4.6700000e+01   1.6400000e-02
   4.6720000e+01   1.2790000e-02
   4.6740000e+01   3.8800000e-03
   4.6760000e+01   5.2000000e-04
   4.6780000e+01   1.1960000e-02
   4.6800000e+01   2.0520000e-02
   4.6820000e+01   4.2320000e-02
   4.6840000e+01   4.5180000e-02
   4.6860000e+01   2.8090000e-02
   4.6880000e+01   3.8000000e-03
   4.6900000e+01   1.3800000e-03
   4.6920000e+01   3.0300000e-03
   4.6940000e+01  -4.6500000e-03
   4.6960000e+01  -8.2000000e-04
   4.6980000e+01   1.1260000e-02
   4.7000000e+01   1.6140000e-02
   4.7020000e+01   2.1520000e-02
   4.7040000e+01   3.1080000e-02
   4.7060000e+01   2.6130000e-02
   4.7080000e+01   3.0700000e-02
   4.7100000e+01   2.5860000e-02
   4.7120000e+01   2.6620000e-02
   4.7140000e+01   2.7230000e-02
   4.7160000e+01   2.3340000e-02
   4.7180000e+01   2.8860000e-02
   4.7200000e+01   1.2540000e-02
   4.7220000e+01   8.1800000e-03
   4.7240000e+01   1.5110000e-02
   4.7260000e+01   3.8750000e-02
   4.7280000e+01   4.0720000e-02
   4.7300000e+01   3.2250000e-02
   4.7320000e+01   4.1020000e-02
   4.7340000e+01   3.4550000e-02
   4.7360000e+01   2.5050000e-02
   4.7380000e+01   1.3120000e-02
   4.7400000e+01   2.9780000e-02
   4.7420000e+01   3.1040000e-02
   4.7440000e+01   1.9120000e-02
   4.7460000e+01   2.0740000e-02
   4.7480000e+01   1.6620000e-02
   4.7500000e+01   3.6800000e-03
   4.7520000e+01   1.6090000e-02
   4.7540000e+01   3.7860000e-02
   4.7560000e+01   3.4750000e-02
   4.7580000e+01   1.8890000e-02
   4.7600000e+01   1.0770000e-02
   4.7620000e+01   3.1010000e-02
   4.7640000e+01   1.3910000e-02
   4.7660000e+01   7.7700000e-03
   4.7680000e+01  -7.6900000e-03
   4.7700000e+01  -9.9400000e-03
   4.7720000e+01   1.1580000e-02
   4.7740000e+01   7.8700000e-03
   4.7760000e+01  -1.0610000e-02
   4.7780000e+01  -4.5250000e-02
   4.7800000e+01  -6.0180000e-02
   4.7820000e+01  -6.3790000e-02
   4.7840000e+01  -4.4660000e-02
   4.7860000e+01  -5.2600000e-03
   4.7880000e+01   1.1620000e-02
   4.7900000e+01   1.0990000e-02
   4.7920000e+01   1.2760000e-02
   4.7940000e+01   8.0400000e-03
   4.7960000e+01   8.1500000e-03
   4.7980000e+01   1.0830000e-02
   4.8000000e+01   4.8500000e-03
   4.8020000e+01   3.7600000e-03
   4.8040000e+01   7.9000000e-04
   4.8060000e+01   2.3400000e-03
   4.8080000e+01   1.0960000e-02
   4.8100000e+01  -8.4100000e-03
   4.8120000e+01   5.0800000e-03
   4.8140000e+01   1.9400000e-03
   4.8160000e+01  -1.2990000e-02
   4.8180000e+01  -2.3690000e-02
   4.8200000e+01  -2.7090000e-02
   4.8220000e+01  -1.0830000e-02
   4.8240000e+01  -6.4000000e-04
   4.8260000e+01  -8.2000000e-03
   4.8280000e+01  -1.1380000e-02
   4.8300000e+01   3.3500000e-03
   4.8320000e+01   1.3970000e-02
   4.8340000e+01   4.3200000e-02
   4.8360000e+01   6.0310000e-02
   4.8380000e+01   6.2910000e-02
   4.8400000e+01   6.6320000e-02
   4.8420000e+01   5.0550000e-02
   4.8440000e+01   3.3100000e-03
   4.8460000e+01  -9.0800000e-03
   4.8480000e+01  -1.2110000e-02
   4.8500000e+01  -2.1090000e-02
   4.8520000e+01  -3.0140000e-02
   4.8540000e+01  -2.6180000e-02
   4.8560000e+01  -2.9970000e-02
   4.8580000e+01  -4.9960000e-02
   4.8600000e+01  -4.7500000e-02
   4.8620000e+01  -3.8320000e-02
   4.8640000e+01  -4.1440000e-02
   4.8660000e+01  -4.6750000e-02
   4.8680000e+01  -3.1490000e-02
   4.8700000e+01  -1.4010000e-02
   4.8720000e+01  -1.4920000e-02
   4.8740000e+01  -1.7310000e-02
   4.8760000e+01  -4.1000000e-03
   4.8780000e+01   9.2900000e-03
   4.8800000e+01   2.9700000e-02
   4.8820000e+01   1.6790000e-02
   4.8840000e+01   7.0000000e-03
   4.8860000e+01   1.4710000e-02
   4.8880000e+01   2.4800000e-02
   4.8900000e+01   3.2360000e-02
   4.8920000e+01   3.1070000e-02
   4.8940000e+01   2.1700000e-02
   4.8960000e+01  -1.1760000e-02
   4.8980000e+01  -1.8370000e-02
   4.9000000e+01  -3.3270000e-02
   4.9020000e+01  -6.1690000e-02
   4.9040000e+01  -1.0898000e-01
   4.9060000e+01  -1.6014000e-01
   4.9080000e+01  -1.2460000e-01
   4.9100000e+01  -3.1780000e-02
   4.9120000e+01   6.5380000e-02
   4.9140000e+01   1.2630000e-01
   4.9160000e+01   1.4780000e-01
   4.9180000e+01   1.6645000e-01
   4.9200000e+01   1.2968000e-01
   4.9220000e+01   4.8930000e-02
   4.9240000e+01  -1.7470000e-02
   4.9260000e+01  -4.3420000e-02
   4.9280000e+01  -4.7750000e-02
   4.9300000e+01  -4.8100000e-02
   4.9320000e+01  -3.1080000e-02
   4.9340000e+01  -1.2230000e-02
   4.9360000e+01  -3.7440000e-02
   4.9380000e+01  -7.0400000e-02
   4.9400000e+01  -5.7970000e-02
   4.9420000e+01  -3.2690000e-02
   4.9440000e+01  -1.6840000e-02
   4.9460000e+01  -1.7980000e-02
   4.9480000e+01  -1.1220000e-02
   4.9500000e+01  -2.9470000e-02
   4.9520000e+01  -3.1750000e-02
   4.9540000e+01   2.2440000e-02
   4.9560000e+01   3.4990000e-02
   4.9580000e+01   1.3970000e-02
   4.9600000e+01  -8.5200000e-03
   4.9620000e+01  -7.1400000e-03
   4.9640000e+01   2.2000000e-02
   4.9660000e+01   3.5220000e-02
   4.9680000e+01   4.1020000e-02
   4.9700000e+01   5.2630000e-02
   4.9720000e+01   4.6060000e-02
   4.9740000e+01   3.1020000e-02
   4.9760000e+01   2.8960000e-02
   4.9780000e+01   3.3920000e-02
   4.9800000e+01   2.6230000e-02
   4.9820000e+01   8.7400000e-03
   4.9840000e+01   4.7700000e-03
   4.9860000e+01  -8.5200000e-03
   4.9880000e+01  -2.7130000e-02
   4.9900000e+01  -2.9030000e-02
   4.9920000e+01  -2.3540000e-02
   4.9940000e+01  -8.5800000e-03
   4.9960000e+01   3.0100000e-03
   4.9980000e+01  -1.0950000e-02
   5.0000000e+01  -3.1340000e-02
   5.0020000e+01  -3.2250000e-02
   5.0040000e+01  -4.9200000e-03
   5.0060000e+01   2.2160000e-02
   5.0080000e+01   2.8540000e-02
   5.0100000e+01   1.7690000e-02
   5.0120000e+01   1.8470000e-02
   5.0140000e+01   5.3100000e-03
   5.0160000e+01   7.2000000e-03
   5.0180000e+01   8.1800000e-03
   5.0200000e+01  -2.3900000e-02
   5.0220000e+01  -6.2810000e-02
   5.0240000e+01  -7.1130000e-02
   5.0260000e+01  -6.2220000e-02
   5.0280000e+01  -5.3310000e-02
   5.0300000e+01  -4.9580000e-02
   5.0320000e+01  -5.1110000e-02
   5.0340000e+01  -3.6300000e-02
   5.0360000e+01  -3.3180000e-02
   5.0380000e+01  -3.2500000e-02
   5.0400000e+01  -1.8610000e-02
   5.0420000e+01   3.8000000e-03
   5.0440000e+01  -2.0600000e-03
   5.0460000e+01  -1.4460000e-02
   5.0480000e+01  -4.0380000e-02
   5.0500000e+01  -4.9120000e-02
   5.0520000e+01  -3.5540000e-02
   5.0540000e+01  -2.4240000e-02
   5.0560000e+01  -5.9200000e-03
   5.0580000e+01   4.5500000e-03
   5.0600000e+01   3.1600000e-02
   5.0620000e+01   5.6300000e-02
   5.0640000e+01   5.7170000e-02
   5.0660000e+01   3.0010000e-02
   5.0680000e+01   6.3800000e-03
   5.0700000e+01   5.1200000e-03
   5.0720000e+01   1.6330000e-02
   5.0740000e+01   3.0070000e-02
   5.0760000e+01   2.9690000e-02
   5.0780000e+01   1.5230000e-02
   5.0800000e+01   8.1000000e-03
   5.0820000e+01   1.6140000e-02
   5.0840000e+01   2.6800000e-03
   5.0860000e+01  -2.7000000e-04
   5.0880000e+01   1.7450000e-02
   5.0900000e+01   2.5330000e-02
   5.0920000e+01   2.9730000e-02
   5.0940000e+01   2.7470000e-02
   5.0960000e+01   2.3670000e-02
   5.0980000e+01   3.1160000e-02
   5.1000000e+01   2.6310000e-02
   5.1020000e+01   1.4520000e-02
   5.1040000e+01   2.8840000e-02
   5.1060000e+01   1.5970000e-02
   5.1080000e+01   1.1100000e-02
   5.1100000e+01   2.9510000e-02
   5.1120000e+01   3.7350000e-02
   5.1140000e+01   3.4430000e-02
   5.1160000e+01   4.0450000e-02
   5.1180000e+01   3.4520000e-02
   5.1200000e+01   3.8030000e-02
   5.1220000e+01   4.1320000e-02
   5.1240000e+01   3.1270000e-02
   5.1260000e+01   3.4430000e-02
   5.1280000e+01   3.3790000e-02
   5.1300000e+01   3.2320000e-02
   5.1320000e+01   8.8400000e-03
   5.1340000e+01  -1.6290000e-02
   5.1360000e+01  -4.0690000e-02
   5.1380000e+01  -6.3060000e-02
   5.1400000e+01  -6.9090000e-02
   5.1420000e+01  -5.0540000e-02
   5.1440000e+01  -2.4890000e-02
   5.1460000e+01  -2.2570000e-02
   5.1480000e+01  -3.2810000e-02
   5.1500000e+01  -2.5030000e-02
   5.1520000e+01  -1.3000000e-02
   5.1540000e+01   7.2800000e-03
   5.1560000e+01   1.0200000e-02
   5.1580000e+01   9.5800000e-03
   5.1600000e+01  -8.0700000e-03
   5.1620000e+01  -2.7070000e-02
   5.1640000e+01  -3.5300000e-02
   5.1660000e+01  -3.8450000e-02
   5.1680000e+01  -3.7120000e-02
   5.1700000e+01  -4.4780000e-02
   5.1720000e+01  -3.9470000e-02
   5.1740000e+01  -5.0860000e-02
   5.1760000e+01  -5.2110000e-02
   5.1780000e+01  -5.2090000e-02
   5.1800000e+01  -4.6450000e-02
   5.1820000e+01  -5.0820000e-02
   5.1840000e+01  -3.6410000e-02
   5.1860000e+01  -3.0500000e-02
   5.1880000e+01  -4.5740000e-02
   5.1900000e+01  -3.6770000e-02
   5.1920000e+01  -4.0450000e-02
   5.1940000e+01  -4.2200000e-02
   5.1960000e+01  -3.1610000e-02
   5.1980000e+01  -2.4170000e-02
   5.2000000e+01  -3.5270000e-02
   5.2020000e+01  -4.2590000e-02
   5.2040000e+01  -3.4250000e-02
   5.2060000e+01  -2.5910000e-02
   5.2080000e+01  -2.7850000e-02
   5.2100000e+01  -2.4650000e-02
   5.2120000e+01  -1.2370000e-02
   5.2140000e+01   2.8200000e-03
   5.2160000e+01  -8.9000000e-03
   5.2180000e+01  -2.5990000e-02
   5.2200000e+01  -3.2770000e-02
   5.2220000e+01  -3.3790000e-02
   5.2240000e+01  -2.9180000e-02
   5.2260000e+01  -2.8160000e-02
   5.2280000e+01  -4.9000000e-03
   5.2300000e+01   2.7440000e-02
   5.2320000e+01   3.6650000e-02
   5.2340000e+01   3.3650000e-02
   5.2360000e+01   3.5710000e-02
   5.2380000e+01   3.2980000e-02
   5.2400000e+01   3.9570000e-02
   5.2420000e+01   3.4690000e-02
   5.2440000e+01   3.7410000e-02
   5.2460000e+01   4.1120000e-02
   5.2480000e+01   2.8430000e-02
   5.2500000e+01   1.8800000e-02
   5.2520000e+01   1.3920000e-02
   5.2540000e+01   2.8170000e-02
   5.2560000e+01   2.3180000e-02
   5.2580000e+01   4.0650000e-02
   5.2600000e+01   4.3030000e-02
   5.2620000e+01   5.3800000e-02
   5.2640000e+01   5.1340000e-02
   5.2660000e+01   4.5650000e-02
   5.2680000e+01   5.1710000e-02
   5.2700000e+01   2.8600000e-02
   5.2720000e+01   2.1580000e-02
   5.2740000e+01   1.4020000e-02
   5.2760000e+01  -4.0000000e-03
   5.2780000e+01  -1.2060000e-02
   5.2800000e+01  -9.6000000e-03
   5.2820000e+01  -5.0000000e-04
   5.2840000e+01  -2.5400000e-03
   5.2860000e+01  -1.0310000e-02
   5.2880000e+01  -2.7540000e-02
   5.2900000e+01  -3.0110000e-02
   5.2920000e+01  -1.0650000e-02
   5.2940000e+01   1.6600000e-03
   5.2960000e+01   1.8560000e-02
   5.2980000e+01   2.2780000e-02
   5.3000000e+01   1.9570000e-02
   5.3020000e+01   2.9910000e-02
   5.3040000e+01   4.3640000e-02
   5.3060000e+01   4.2090000e-02
   5.3080000e+01   2.9050000e-02
   5.3100000e+01   2.1120000e-02
   5.3120000e+01   3.4040000e-02
   5.3140000e+01   5.4060000e-02
   5.3160000e+01   5.2760000e-02
   5.3180000e+01   2.8740000e-02
   5.3200000e+01   8.2500000e-03
   5.3220000e+01   8.6700000e-03
   5.3240000e+01   1.0010000e-02
   5.3260000e+01   1.4800000e-02
   5.3280000e+01   2.0630000e-02
   5.3300000e+01   2.4070000e-02
   5.3320000e+01   3.3720000e-02
   5.3340000e+01   3.9190000e-02
   5.3360000e+01   3.3220000e-02
   5.3380000e+01   3.7300000e-03
   5.3400000e+01  -9.1600000e-03
   5.3420000e+01  -1.2480000e-02
   5.3440000e+01  -1.0870000e-02
   5.3460000e+01  -1.2920000e-02
   5.3480000e+01  -1.8330000e-02
   5.3500000e+01  -2.6380000e-02
   5.3520000e+01  -2.2940000e-02
   5.3540000e+01  -2.9200000e-03
   5.3560000e+01   5.9300000e-03
   5.3580000e+01   9.0500000e-03
   5.3600000e+01  -3.8900000e-03
   5.3620000e+01  -3.0700000e-03
   5.3640000e+01  -5.9100000e-03
   5.3660000e+01  -2.1770000e-02
   5.3680000e+01  -2.2100000e-03
   5.3700000e+01   6.8900000e-03
   5.3720000e+01   4.8000000e-03
   5.3740000e+01   8.1700000e-03
   5.3760000e+01   1.2810000e-02
   5.3780000e+01   1.8300000e-03
   5.3800000e+01  -1.4870000e-02
   5.3820000e+01  -1.7610000e-02
   5.3840000e+01  -2.3850000e-02
   5.3860000e+01  -2.8750000e-02
   5.3880000e+01  -1.1420000e-02
   5.3900000e+01   5.4900000e-03
   5.3920000e+01   6.1200000e-03
   5.3940000e+01  -3.5400000e-03
   5.3960000e+01  -7.0800000e-03
   5.3980000e+01  -1.6980000e-02
   5.4000000e+01  -1.5870000e-02
   5.4020000e+01   9.0000000e-05
   5.4040000e+01   1.9310000e-02
   5.4060000e+01   3.4630000e-02
   5.4080000e+01   3.1330000e-02
   5.4100000e+01   3.0880000e-02
   5.4120000e+01   2.2430000e-02
   5.4140000e+01   3.2690000e-02
   5.4160000e+01   2.2440000e-02
   5.4180000e+01   2.2310000e-02
   5.4200000e+01   1.3260000e-02
   5.4220000e+01   1.2500000e-03
   5.4240000e+01  -1.8940000e-02
   5.4260000e+01  -2.7640000e-02
   5.4280000e+01  -3.5870000e-02
   5.4300000e+01  -5.0520000e-02
   5.4320000e+01  -4.4820000e-02
   5.4340000e+01  -4.7730000e-02
   5.4360000e+01  -4.6320000e-02
   5.4380000e+01  -3.8320000e-02
   5.4400000e+01  -2.5440000e-02
   5.4420000e+01  -2.5910000e-02
   5.4440000e+01  -2.4060000e-02
   5.4460000e+01  -1.8950000e-02
   5.4480000e+01  -7.4200000e-03
   5.4500000e+01  -7.8000000e-04
   5.4520000e+01  -1.7200000e-03
   5.4540000e+01   3.5900000e-03
   5.4560000e+01   1.3780000e-02
   5.4580000e+01  -2.6000000e-04
   5.4600000e+01  -1.4560000e-02
   5.4620000e+01  -1.2040000e-02
   5.4640000e+01  -1.1950000e-02
   5.4660000e+01  -9.6600000e-03
   5.4680000e+01  -1.1000000e-04
   5.4700000e+01  -8.1300000e-03
   5.4720000e+01   7.0000000e-04
   5.4740000e+01  -2.0500000e-02
   5.4760000e+01  -2.3790000e-02
   5.4780000e+01  -1.5150000e-02
   5.4800000e+01  -2.5190000e-02
   5.4820000e+01  -2.3730000e-02
   5.4840000e+01  -9.5100000e-03
   5.4860000e+01  -7.2000000e-04
   5.4880000e+01  -6.6700000e-03
   5.4900000e+01  -4.5000000e-03
   5.4920000e+01   1.1140000e-02
   5.4940000e+01   2.5790000e-02
   5.4960000e+01   1.6660000e-02
   5.4980000e+01   2.6080000e-02
   5.5000000e+01   1.1710000e-02
   5.5020000e+01  -1.8000000e-04
   5.5040000e+01  -5.7000000e-04
   5.5060000e+01   1.4390000e-02
   5.5080000e+01   3.8270000e-02
   5.5100000e+01   4.1310000e-02
   5.5120000e+01   4.3450000e-02
   5.5140000e+01   3.8640000e-02
   5.5160000e+01   2.5840000e-02
   5.5180000e+01   2.5190000e-02
   5.5200000e+01   2.1710000e-02
   5.5220000e+01   2.6600000e-03
   5.5240000e+01  -4.5700000e-03
   5.5260000e+01  -1.0360000e-02
   5.5280000e+01  -2.3290000e-02
   5.5300000e+01  -2.9930000e-02
   5.5320000e+01  -3.6140000e-02
   5.5340000e+01  -3.4650000e-02
   5.5360000e+01  -2.9210000e-02
   5.5380000e+01  -3.1560000e-02
   5.5400000e+01  -1.4830000e-02
   5.5420000e+01  -4.6000000e-04
   5.5440000e+01   3.6000000e-04
   5.5460000e+01  -4.0000000e-04
   5.5480000e+01  -1.3480000e-02
   5.5500000e+01  -4.8200000e-03
   5.5520000e+01   1.2650000e-02
   5.5540000e+01   1.2350000e-02
   5.5560000e+01   1.1630000e-02
   5.5580000e+01   1.4310000e-02
   5.5600000e+01  -3.0100000e-03
   5.5620000e+01  -1.1300000e-02
   5.5640000e+01  -1.0800000e-03
   5.5660000e+01  -1.5470000e-02
   5.5680000e+01  -2.9270000e-02
   5.5700000e+01   2.8200000e-03
   5.5720000e+01   6.5200000e-03
   5.5740000e+01  -1.9500000e-03
   5.5760000e+01   4.4700000e-03
   5.5780000e+01  -4.3000000e-03
   5.5800000e+01  -3.2090000e-02
   5.5820000e+01  -3.3130000e-02
   5.5840000e+01  -4.1900000e-03
   5.5860000e+01  -8.3000000e-04
   5.5880000e+01  -2.5500000e-03
   5.5900000e+01  -4.2700000e-03
   5.5920000e+01  -5.3500000e-03
   5.5940000e+01   8.9000000e-04
   5.5960000e+01   1.3570000e-02
   5.5980000e+01   2.5020000e-02
   5.6000000e+01   1.6580000e-02
   5.6020000e+01  -4.4900000e-03
   5.6040000e+01  -6.9800000e-03
   5.6060000e+01  -1.1990000e-02
   5.6080000e+01  -1.1260000e-02
   5.6100000e+01   1.7000000e-04
   5.6120000e+01   1.4920000e-02
   5.6140000e+01   2.4770000e-02
   5.6160000e+01   2.1200000e-02
   5.6180000e+01   6.8800000e-03
   5.6200000e+01   1.1830000e-02
   5.6220000e+01   2.5050000e-02
   5.6240000e+01   2.7080000e-02
   5.6260000e+01   2.5270000e-02
   5.6280000e+01   2.7670000e-02
   5.6300000e+01   1.7280000e-02
   5.6320000e+01   1.8900000e-03
   5.6340000e+01   8.9600000e-03
   5.6360000e+01  -2.4800000e-03
   5.6380000e+01  -2.8800000e-03
   5.6400000e+01  -2.5700000e-03
   5.6420000e+01   8.3000000e-03
   5.6440000e+01   1.9760000e-02
   5.6460000e+01   1.8350000e-02
   5.6480000e+01   2.4270000e-02
   5.6500000e+01   2.4910000e-02
   5.6520000e+01   2.5940000e-02
   5.6540000e+01   3.8770000e-02
   5.6560000e+01   5.3710000e-02
   5.6580000e+01   5.6110000e-02
   5.6600000e+01   5.3040000e-02
   5.6620000e+01   3.5630000e-02
   5.6640000e+01   3.5240000e-02
   5.6660000e+01   3.3090000e-02
   5.6680000e+01   6.5100000e-03
   5.6700000e+01  -7.7300000e-03
   5.6720000e+01  -4.1800000e-03
   5.6740000e+01  -1.4000000e-03
   5.6760000e+01  -1.1670000e-02
   5.6780000e+01  -7.0700000e-03
   5.6800000e+01  -3.0300000e-03
   5.6820000e+01  -1.6530000e-02
   5.6840000e+01  -2.3640000e-02
   5.6860000e+01  -2.7500000e-02
   5.6880000e+01  -3.4580000e-02
   5.6900000e+01  -5.1990000e-02
   5.6920000e+01  -3.3480000e-02
   5.6940000e+01   2.3780000e-02
   5.6960000e+01   4.2350000e-02
   5.6980000e+01   3.8220000e-02
   5.7000000e+01   2.4490000e-02
   5.7020000e+01   3.0360000e-02
   5.7040000e+01   2.8410000e-02
   5.7060000e+01   1.7700000e-03
   5.7080000e+01  -7.6400000e-03
   5.7100000e+01  -8.9500000e-03
   5.7120000e+01  -6.6000000e-04
   5.7140000e+01   1.3730000e-02
   5.7160000e+01   1.7210000e-02
   5.7180000e+01   1.1770000e-02
   5.7200000e+01   4.4000000e-03
   5.7220000e+01  -1.0380000e-02
   5.7240000e+01  -2.7900000e-03
   5.7260000e+01   2.4000000e-04
   5.7280000e+01  -4.4900000e-03
   5.7300000e+01  -6.9000000e-03
   5.7320000e+01  -1.9190000e-02
   5.7340000e+01  -3.8840000e-02
   5.7360000e+01  -1.8290000e-02
   5.7380000e+01   8.1500000e-03
   5.7400000e+01   2.3640000e-02
   5.7420000e+01   1.4580000e-02
   5.7440000e+01  -3.7000000e-03
   5.7460000e+01  -1.7070000e-02
   5.7480000e+01  -5.3900000e-03
   5.7500000e+01  -1.9230000e-02
   5.7520000e+01  -3.1710000e-02
   5.7540000e+01  -2.1000000e-04
   5.7560000e+01   1.2060000e-02
   5.7580000e+01   1.6250000e-02
   5.7600000e+01   2.3900000e-03
   5.7620000e+01  -8.0900000e-03
   5.7640000e+01  -1.7190000e-02
   5.7660000e+01  -2.2060000e-02
   5.7680000e+01  -2.0910000e-02
   5.7700000e+01  -3.4070000e-02
   5.7720000e+01  -5.3580000e-02
   5.7740000e+01  -4.6150000e-02
   5.7760000e+01  -3.6410000e-02
   5.7780000e+01  -1.4950000e-02
   5.7800000e+01  -9.2900000e-03
   5.7820000e+01  -7.9800000e-03
   5.7840000e+01  -1.0130000e-02
   5.7860000e+01  -9.8600000e-03
   5.7880000e+01  -7.3500000e-03
   5.7900000e+01  -5.9500000e-03
   5.7920000e+01  -1.0330000e-02
   5.7940000e+01  -2.3750000e-02
   5.7960000e+01  -2.2750000e-02
   5.7980000e+01  -1.1270000e-02
   5.8000000e+01  -2.6350000e-02
   5.8020000e+01  -5.3420000e-02
   5.8040000e+01  -5.3280000e-02
   5.8060000e+01  -4.8520000e-02
   5.8080000e+01  -2.9930000e-02
   5.8100000e+01  -3.5790000e-02
   5.8120000e+01  -5.0520000e-02
   5.8140000e+01  -4.7700000e-02
   5.8160000e+01  -3.4680000e-02
   5.8180000e+01  -6.4900000e-03
   5.8200000e+01  -6.7200000e-03
   5.8220000e+01  -7.3000000e-04
   5.8240000e+01   1.1950000e-02
   5.8260000e+01  -1.2800000e-03
   5.8280000e+01  -7.9000000e-03
   5.8300000e+01  -7.1600000e-03
   5.8320000e+01  -3.9700000e-03
   5.8340000e+01   2.7400000e-03
   5.8360000e+01   4.2300000e-03
   5.8380000e+01  -3.9300000e-03
   5.8400000e+01   1.0000000e-03
   5.8420000e+01   5.7900000e-03
   5.8440000e+01   2.1200000e-02
   5.8460000e+01   2.3810000e-02
   5.8480000e+01   2.8330000e-02
   5.8500000e+01   2.7800000e-02
   5.8520000e+01   2.6350000e-02
   5.8540000e+01   2.8960000e-02
   5.8560000e+01   2.2500000e-02
   5.8580000e+01   2.4220000e-02
   5.8600000e+01   2.5420000e-02
   5.8620000e+01   3.3330000e-02
   5.8640000e+01   2.7370000e-02
   5.8660000e+01   2.2060000e-02
   5.8680000e+01   2.2150000e-02
   5.8700000e+01   2.4890000e-02
   5.8720000e+01   2.5850000e-02
   5.8740000e+01   2.1630000e-02
   5.8760000e+01   5.7700000e-03
   5.8780000e+01   1.9800000e-03
   5.8800000e+01   1.6210000e-02
   5.8820000e+01   2.9830000e-02
   5.8840000e+01   3.0450000e-02
   5.8860000e+01   2.9810000e-02
   5.8880000e+01   2.5100000e-02
   5.8900000e+01   6.0500000e-03
   5.8920000e+01  -1.2700000e-03
   5.8940000e+01   5.1800000e-03
   5.8960000e+01   1.1600000e-02
   5.8980000e+01   1.0260000e-02
   5.9000000e+01   8.9100000e-03
   5.9020000e+01  -4.6200000e-03
   5.9040000e+01   1.6200000e-03
   5.9060000e+01   2.1300000e-03
   5.9080000e+01   1.5310000e-02
   5.9100000e+01   2.3660000e-02
   5.9120000e+01   1.7620000e-02
   5.9140000e+01   1.9700000e-02
   5.9160000e+01   4.8600000e-03
   5.9180000e+01  -5.6900000e-03
   5.9200000e+01  -7.9400000e-03
   5.9220000e+01  -9.9800000e-03
   5.9240000e+01   7.0000000e-03
   5.9260000e+01   2.1350000e-02
   5.9280000e+01   2.3420000e-02
   5.9300000e+01   2.8360000e-02
   5.9320000e+01   1.1330000e-02
   5.9340000e+01  -2.9000000e-04
   5.9360000e+01   2.6600000e-03
   5.9380000e+01   4.2700000e-03
   5.9400000e+01  -2.3700000e-03
   5.9420000e+01  -8.2600000e-03
   5.9440000e+01  -1.8000000e-02
   5.9460000e+01  -1.1910000e-02
   5.9480000e+01  -8.7500000e-03
   5.9500000e+01  -2.0700000e-02
   5.9520000e+01  -1.7270000e-02
   5.9540000e+01  -1.2400000e-02
   5.9560000e+01  -1.1350000e-02
   5.9580000e+01  -8.1600000e-03
   5.9600000e+01  -1.0430000e-02
   5.9620000e+01  -2.1540000e-02
   5.9640000e+01  -2.6270000e-02
   5.9660000e+01  -3.2500000e-02
   5.9680000e+01  -2.2740000e-02
   5.9700000e+01  -1.1900000e-02
   5.9720000e+01  -1.3750000e-02
   5.9740000e+01  -2.4620000e-02
   5.9760000e+01  -3.1560000e-02
   5.9780000e+01  -2.9200000e-02
   5.9800000e+01  -1.7300000e-02
   5.9820000e+01  -3.9000000e-04
   5.9840000e+01  -4.5200000e-03
   5.9860000e+01  -9.9200000e-03
   5.9880000e+01  -8.7200000e-03
   5.9900000e+01  -2.4050000e-02
   5.9920000e+01  -4.0430000e-02
   5.9940000e+01  -3.7830000e-02
   5.9960000e+01  -3.8050000e-02
   5.9980000e+01  -3.5340000e-02
