 0 0
 0.01 -0.02495829
 0.02 -0.04940099
 0.03 -0.07197006
 0.04 -0.09120149
 0.05 -0.1070137
 0.06 -0.1222399
 0.07 -0.1437486
 0.08 -0.1758995
 0.09 -0.2112898
 0.1 -0.2385809
 0.11 -0.2583521
 0.12 -0.2823635
 0.13 -0.3208101
 0.14 -0.371812
 0.15 -0.4244678
 0.16 -0.4719796
 0.17 -0.5151409
 0.18 -0.561414
 0.19 -0.6275524
 0.2 -0.7227986
 0.21 -0.8261958
 0.22 -0.9052838
 0.23 -0.9529303
 0.24 -0.981692
 0.25 -1.004422
 0.26 -1.050158
 0.27 -1.157806
 0.28 -1.313321
 0.29 -1.449976
 0.3 -1.522577
 0.31 -1.51009
 0.32 -1.396998
 0.33 -1.207533
 0.34 -0.9904229
 0.35 -0.7799806
 0.36 -0.6051877
 0.37 -0.4948617
 0.38 -0.4439422
 0.39 -0.376705
 0.4 -0.2768892
 0.41 -0.2791014
 0.42 -0.4203925
 0.43 -0.5968635
 0.44 -0.7470041
 0.45 -0.7580241
 0.46 -0.5690054
 0.47 -0.3119017
 0.48 -0.03898399
 0.49 0.2927471
 0.5 0.6154705
 0.51 0.882351
 0.52 1.162266
 0.53 1.435594
 0.54 1.505956
 0.55 1.269498
 0.56 0.9265069
 0.57 0.6989671
 0.58 0.518201
 0.59 0.2181651
 0.6 -0.1449679
 0.61 -0.4263311
 0.62 -0.7231188
 0.63 -1.292348
 0.64 -2.210625
 0.65 -3.191388
 0.66 -3.690961
 0.67 -3.42403
 0.68 -2.730889
 0.69 -2.222056
 0.7 -2.157579
 0.71 -2.298215
 0.72 -2.29826
 0.73 -2.129485
 0.74 -2.071813
 0.75 -2.256039
 0.76 -2.51597
 0.77 -2.819924
 0.78 -3.468503
 0.79 -4.725402
 0.8 -6.482782
 0.81 -8.256421
 0.82 -9.426532
 0.83 -9.750952
 0.84 -9.492519
 0.85 -9.133323
 0.86 -8.981923
 0.87 -8.931177
 0.88 -8.838828
 0.89 -8.7214
 0.9 -8.556089
 0.91 -8.315577
 0.92 -8.066072
 0.93 -7.852378
 0.94 -7.554936
 0.95 -7.05347
 0.96 -6.466874
 0.97 -6.011541
 0.98 -5.699735
 0.99 -5.398578
 1 -5.148782
 1.01 -5.007286
 1.02 -4.829033
 1.03 -4.671945
 1.04 -5.015654
 1.05 -6.093844
 1.06 -7.527864
 1.07 -8.92831
 1.08 -10.09191
 1.09 -10.70171
 1.1 -10.58906
 1.11 -10.0825
 1.12 -9.662581
 1.13 -9.503322
 1.14 -9.52797
 1.15 -9.498287
 1.16 -8.735336
 1.17 -6.699698
 1.18 -4.096449
 1.19 -2.527097
 1.2 -2.634839
 1.21 -3.391589
 1.22 -3.777964
 1.23 -3.930059
 1.24 -4.239988
 1.25 -4.531629
 1.26 -4.776075
 1.27 -5.271599
 1.28 -5.902574
 1.29 -6.338091
 1.3 -6.65286
 1.31 -7.235395
 1.32 -8.240457
 1.33 -9.57614
 1.34 -11.10875
 1.35 -12.61082
 1.36 -13.80225
 1.37 -14.40833
 1.38 -14.32715
 1.39 -13.81464
 1.4 -13.19257
 1.41 -12.5374
 1.42 -11.83596
 1.43 -11.17324
 1.44 -10.62087
 1.45 -10.21496
 1.46 -10.254
 1.47 -11.0876
 1.48 -12.52174
 1.49 -13.98741
 1.5 -15.07324
 1.51 -15.56331
 1.52 -15.35959
 1.53 -14.57068
 1.54 -13.35317
 1.55 -11.79195
 1.56 -10.08426
 1.57 -8.565009
 1.58 -7.487681
 1.59 -6.835669
 1.6 -6.31895
 1.61 -5.604104
 1.62 -4.717877
 1.63 -4.061781
 1.64 -3.8866
 1.65 -3.933199
 1.66 -3.675621
 1.67 -2.919629
 1.68 -2.007899
 1.69 -1.452986
 1.7 -1.565373
 1.71 -2.335452
 1.72 -3.496056
 1.73 -4.619064
 1.74 -5.399982
 1.75 -5.964178
 1.76 -6.580122
 1.77 -7.118852
 1.78 -7.144041
 1.79 -6.573826
 1.8 -5.756679
 1.81 -4.927488
 1.82 -4.093612
 1.83 -3.25881
 1.84 -2.412734
 1.85 -1.427714
 1.86 -0.217868
 1.87 0.9938786
 1.88 1.806717
 1.89 2.149015
 1.9 2.388223
 1.91 2.911337
 1.92 3.804427
 1.93 4.892047
 1.94 5.983694
 1.95 7.007166
 1.96 7.964672
 1.97 8.875636
 1.98 9.722204
 1.99 10.49999
 2 11.35929
 2.01 12.55267
 2.02 14.18465
 2.03 16.12593
 2.04 18.16429
 2.05 20.20131
 2.06 22.29382
 2.07 24.47393
 2.08 26.63733
 2.09 28.66959
 2.1 30.67731
 2.11 32.98244
 2.12 35.7795
 2.13 38.80558
 2.14 41.54377
 2.15 43.75042
 2.16 45.61041
 2.17 47.42528
 2.18 49.32427
 2.19 51.40779
 2.2 53.84573
 2.21 56.65919
 2.22 59.73257
 2.23 63.03256
 2.24 66.57165
 2.25 70.25834
 2.26 73.95926
 2.27 77.62277
 2.28 81.28119
 2.29 85.02108
 2.3 88.91627
 2.31 92.96327
 2.32 97.12152
 2.33 101.3664
 2.34 105.6574
 2.35 109.9307
 2.36 114.154
 2.37 118.3314
 2.38 122.4766
 2.39 126.6295
 2.4 130.8576
 2.41 135.2155
 2.42 139.5732
 2.43 143.5059
 2.44 146.5027
 2.45 147.9228
 2.46 147.4349
 2.47 145.4445
 2.48 142.3185
 2.49 138.076
 2.5 132.8078
 2.51 126.5926
 2.52 119.4822
 2.53 111.782
 2.54 103.745
 2.55 95.37977
 2.56 86.82495
 2.57 78.32526
 2.58 69.9425
 2.59 61.64313
 2.6 53.44919
 2.61 45.41688
 2.62 37.58181
 2.63 29.96194
 2.64 22.57583
 2.65 15.43216
 2.66 8.481687
 2.67 1.628687
 2.68 -5.2034
 2.69 -12.04922
 2.7 -18.89645
 2.71 -25.70357
 2.72 -32.49109
 2.73 -39.41781
 2.74 -46.68146
 2.75 -54.3131
 2.76 -62.01542
 2.77 -69.33292
 2.78 -75.98572
 2.79 -81.72214
 2.8 -86.36102
 2.81 -90.01054
 2.82 -92.81461
 2.83 -94.86643
 2.84 -96.32076
 2.85 -97.28462
 2.86 -97.7318
 2.87 -97.64943
 2.88 -97.19309
 2.89 -96.63821
 2.9 -96.26042
 2.91 -96.21607
 2.92 -96.39125
 2.93 -96.55531
 2.94 -96.60694
 2.95 -96.47526
 2.96 -95.78597
 2.97 -94.05699
 2.98 -91.05874
 2.99 -86.64809
 3 -80.91872
 3.01 -74.45583
 3.02 -68.39849
 3.03 -63.54067
 3.04 -59.64672
 3.05 -56.25258
 3.06 -53.15867
 3.07 -50.30162
 3.08 -47.50991
 3.09 -44.52411
 3.1 -41.22582
 3.11 -37.65757
 3.12 -33.93274
 3.13 -30.21125
 3.14 -26.70283
 3.15 -23.68233
 3.16 -21.24639
 3.17 -19.15085
 3.18 -17.1218
 3.19 -15.06583
 3.2 -13.01387
 3.21 -11.02049
 3.22 -9.091103
 3.23 -7.2036
 3.24 -5.376406
 3.25 -3.687717
 3.26 -2.211988
 3.27 -0.9783694
 3.28 -0.03532925
 3.29 0.5358919
 3.3 0.766089
 3.31 0.8731644
 3.32 1.191616
 3.33 2.078455
 3.34 3.704784
 3.35 5.926581
 3.36 8.50894
 3.37 11.36843
 3.38 14.49137
 3.39 17.80548
 3.4 21.17965
 3.41 24.43834
 3.42 27.43291
 3.43 30.12532
 3.44 32.53079
 3.45 34.58331
 3.46 36.19522
 3.47 37.25336
 3.48 37.52253
 3.49 36.9842
 3.5 35.93956
 3.51 34.60051
 3.52 32.98232
 3.53 31.05541
 3.54 28.75569
 3.55 26.04184
 3.56 23.03762
 3.57 19.8862
 3.58 16.597
 3.59 13.1987
 3.6 9.867423
 3.61 6.794037
 3.62 3.964851
 3.63 1.250871
 3.64 -1.326526
 3.65 -3.6135
 3.66 -5.547992
 3.67 -7.262545
 3.68 -8.993496
 3.69 -11.02386
 3.7 -13.64486
 3.71 -16.79981
 3.72 -19.87936
 3.73 -22.05029
 3.74 -22.94696
 3.75 -22.92674
 3.76 -22.43687
 3.77 -21.69134
 3.78 -20.8119
 3.79 -19.85373
 3.8 -18.86626
 3.81 -17.96417
 3.82 -17.23502
 3.83 -16.65748
 3.84 -16.17302
 3.85 -15.7446
 3.86 -15.3423
 3.87 -14.90869
 3.88 -14.30248
 3.89 -13.24873
 3.9 -11.60017
 3.91 -9.639477
 3.92 -7.747859
 3.93 -6.098379
 3.94 -4.871383
 3.95 -4.299769
 3.96 -4.475861
 3.97 -5.372681
 3.98 -6.965373
 3.99 -9.149524
 4 -11.64493
 4.01 -14.19405
 4.02 -16.73364
 4.03 -19.2812
 4.04 -21.82638
 4.05 -24.3418
 4.06 -26.81809
 4.07 -29.28756
 4.08 -31.87119
 4.09 -34.63489
 4.1 -37.04072
 4.11 -38.10162
 4.12 -37.58471
 4.13 -36.00199
 4.14 -33.46443
 4.15 -29.62728
 4.16 -24.6403
 4.17 -19.22398
 4.18 -13.99928
 4.19 -9.536525
 4.2 -6.477757
 4.21 -4.924348
 4.22 -4.2789
 4.23 -3.974171
 4.24 -3.980139
 4.25 -4.628156
 4.26 -6.108588
 4.27 -8.313188
 4.28 -10.90439
 4.29 -13.57247
 4.3 -16.34776
 4.31 -19.44712
 4.32 -22.98139
 4.33 -26.90497
 4.34 -31.05367
 4.35 -35.19443
 4.36 -39.01785
 4.37 -42.30499
 4.38 -45.18841
 4.39 -47.70729
 4.4 -49.3588
 4.41 -49.79211
 4.42 -49.33345
 4.43 -48.42322
 4.44 -47.18652
 4.45 -45.55605
 4.46 -43.57266
 4.47 -41.4044
 4.48 -39.00209
 4.49 -36.07515
 4.5 -32.65598
 4.51 -29.25046
 4.52 -26.44161
 4.53 -24.53569
 4.54 -23.41384
 4.55 -22.76227
 4.56 -22.21735
 4.57 -21.44648
 4.58 -20.28969
 4.59 -18.81125
 4.6 -17.31312
 4.61 -16.30639
 4.62 -16.17706
 4.63 -16.88927
 4.64 -18.05124
 4.65 -19.17465
 4.66 -19.97451
 4.67 -20.40832
 4.68 -20.4382
 4.69 -19.96621
 4.7 -19.09346
 4.71 -18.12365
 4.72 -17.45433
 4.73 -17.44298
 4.74 -18.01101
 4.75 -18.64728
 4.76 -18.95528
 4.77 -18.89321
 4.78 -18.45371
 4.79 -17.54634
 4.8 -16.24738
 4.81 -14.87643
 4.82 -13.76005
 4.83 -12.9294
 4.84 -12.19325
 4.85 -11.41956
 4.86 -10.5866
 4.87 -9.646845
 4.88 -8.408064
 4.89 -6.708439
 4.9 -4.633599
 4.91 -2.437039
 4.92 -0.3802732
 4.93 1.385286
 4.94 2.856196
 4.95 4.12734
 4.96 5.343649
 4.97 6.694354
 4.98 8.315954
 4.99 10.16787
 5 12.02796
 5.01 13.45571
 5.02 14.031
 5.03 13.65576
 5.04 12.47168
 5.05 10.84127
 5.06 9.168104
 5.07 7.571718
 5.08 5.979412
 5.09 4.324757
 5.1 2.609175
 5.11 0.9539376
 5.12 -0.417094
 5.13 -1.222718
 5.14 -1.281553
 5.15 -0.7874694
 5.16 -0.1942383
 5.17 0.1601009
 5.18 0.2271188
 5.19 0.1060092
 5.2 -0.1914621
 5.21 -0.721521
 5.22 -1.502382
 5.23 -2.486063
 5.24 -3.607422
 5.25 -4.910952
 5.26 -6.534542
 5.27 -8.408054
 5.28 -10.13339
 5.29 -11.21102
 5.3 -11.43939
 5.31 -11.06044
 5.32 -10.33398
 5.33 -9.384495
 5.34 -8.366114
 5.35 -7.37885
 5.36 -6.419313
 5.37 -5.487017
 5.38 -4.618697
 5.39 -3.80635
 5.4 -2.944047
 5.41 -1.905487
 5.42 -0.6402945
 5.43 0.8168284
 5.44 2.355046
 5.45 3.779462
 5.46 4.816121
 5.47 5.279065
 5.48 5.268358
 5.49 5.080282
 5.5 4.971339
 5.51 4.999887
 5.52 5.0202
 5.53 4.783485
 5.54 4.104955
 5.55 2.951941
 5.56 1.368703
 5.57 -0.5317338
 5.58 -2.566068
 5.59 -4.557911
 5.6 -6.398209
 5.61 -8.072512
 5.62 -9.64444
 5.63 -11.23481
 5.64 -12.98707
 5.65 -15.01563
 5.66 -17.34909
 5.67 -19.9132
 5.68 -22.46976
 5.69 -24.54713
 5.7 -25.77031
 5.71 -26.13601
 5.72 -25.95876
 5.73 -25.66688
 5.74 -25.42669
 5.75 -25.1289
 5.76 -24.73206
 5.77 -24.39531
 5.78 -24.3311
 5.79 -24.58297
 5.8 -24.94979
 5.81 -25.17846
 5.82 -25.20092
 5.83 -25.10986
 5.84 -24.95801
 5.85 -24.73932
 5.86 -24.48858
 5.87 -24.24934
 5.88 -23.9934
 5.89 -23.63896
 5.9 -23.10987
 5.91 -22.32404
 5.92 -21.23867
 5.93 -19.95808
 5.94 -18.70624
 5.95 -17.70897
 5.96 -17.06622
 5.97 -16.69253
 5.98 -16.34895
 5.99 -15.77761
 6 -14.82445
 6.01 -13.46869
 6.02 -11.78713
 6.03 -9.798627
 6.04 -7.403481
 6.05 -4.537394
 6.06 -1.247421
 6.07 2.410833
 6.08 6.416401
 6.09 10.75997
 6.1 15.41517
 6.11 20.29859
 6.12 25.29722
 6.13 30.29242
 6.14 35.1576
 6.15 39.81
 6.16 44.2351
 6.17 48.35464
 6.18 51.84308
 6.19 54.11885
 6.2 54.92814
 6.21 54.81275
 6.22 54.46426
 6.23 54.00026
 6.24 53.09159
 6.25 51.50617
 6.26 49.39185
 6.27 47.08747
 6.28 44.78619
 6.29 42.49101
 6.3 40.27231
 6.31 38.36121
 6.32 36.91987
 6.33 35.85026
 6.34 34.98322
 6.35 34.39227
 6.36 34.23303
 6.37 34.38408
 6.38 34.56055
 6.39 34.58997
 6.4 34.4549
 6.41 34.27178
 6.42 34.25624
 6.43 34.49122
 6.44 34.81236
 6.45 35.04143
 6.46 35.13334
 6.47 35.18134
 6.48 35.36593
 6.49 35.81099
 6.5 36.48081
 6.51 37.2549
 6.52 38.05026
 6.53 38.83175
 6.54 39.63122
 6.55 40.54811
 6.56 41.60846
 6.57 42.62349
 6.58 43.18043
 6.59 42.92999
 6.6 41.93943
 6.61 40.56337
 6.62 38.97409
 6.63 37.13867
 6.64 35.14478
 6.65 33.15301
 6.66 31.22558
 6.67 29.34723
 6.68 27.48665
 6.69 25.58006
 6.7 23.49296
 6.71 21.04821
 6.72 18.14718
 6.73 14.80698
 6.74 11.01599
 6.75 6.78582
 6.76 2.31301
 6.77 -2.144845
 6.78 -6.311028
 6.79 -9.831422
 6.8 -12.41602
 6.81 -13.94095
 6.82 -14.41702
 6.83 -14.00081
 6.84 -12.97495
 6.85 -11.52935
 6.86 -9.638143
 6.87 -7.318019
 6.88 -4.818842
 6.89 -2.482682
 6.9 -0.7214543
 6.91 0.171566
 6.92 0.4310956
 6.93 0.5076837
 6.94 0.5286579
 6.95 0.3639835
 6.96 -0.2023064
 6.97 -1.352525
 6.98 -2.966715
 6.99 -4.715261
 7 -6.422043
 7.01 -8.035697
 7.02 -9.398695
 7.03 -10.15005
 7.04 -10.12594
 7.05 -9.695149
 7.06 -9.262301
 7.07 -8.919569
 7.08 -8.703166
 7.09 -8.745767
 7.1 -9.113077
 7.11 -9.708024
 7.12 -10.45508
 7.13 -11.43554
 7.14 -12.70619
 7.15 -14.17379
 7.16 -15.76737
 7.17 -17.50818
 7.18 -19.38872
 7.19 -21.30572
 7.2 -23.02744
 7.21 -24.21222
 7.22 -24.57751
 7.23 -24.11136
 7.24 -23.0708
 7.25 -21.67671
 7.26 -20.11636
 7.27 -18.92624
 7.28 -18.775
 7.29 -19.76095
 7.3 -21.37439
 7.31 -23.10749
 7.32 -24.75918
 7.33 -26.23691
 7.34 -27.31155
 7.35 -27.72402
 7.36 -27.4915
 7.37 -26.77538
 7.38 -25.61094
 7.39 -24.09534
 7.4 -22.44705
 7.41 -20.76933
 7.42 -19.05894
 7.43 -17.36658
 7.44 -15.98973
 7.45 -15.43687
 7.46 -15.82695
 7.47 -16.63438
 7.48 -17.34948
 7.49 -17.92748
 7.5 -18.50156
 7.51 -19.04113
 7.52 -19.26901
 7.53 -18.8422
 7.54 -17.7705
 7.55 -16.4331
 7.56 -15.07588
 7.57 -13.6405
 7.58 -12.04221
 7.59 -10.30528
 7.6 -8.401888
 7.61 -6.219615
 7.62 -3.77508
 7.63 -1.225911
 7.64 1.218583
 7.65 3.21274
 7.66 4.441779
 7.67 4.968083
 7.68 5.097547
 7.69 4.911526
 7.7 4.317169
 7.71 3.443433
 7.72 2.542245
 7.73 1.749341
 7.74 1.092622
 7.75 0.5333478
 7.76 0.08936665
 7.77 -0.05491083
 7.78 0.2652442
 7.79 1.014672
 7.8 2.027818
 7.81 3.087147
 7.82 4.001578
 7.83 4.659308
 7.84 5.02675
 7.85 5.144683
 7.86 5.077968
 7.87 4.874259
 7.88 4.584971
 7.89 4.299839
 7.9 4.19014
 7.91 4.407309
 7.92 4.906464
 7.93 5.508485
 7.94 6.063641
 7.95 6.491564
 7.96 6.72541
 7.97 6.703185
 7.98 6.368729
 7.99 5.661035
 8 4.601349
 8.01 3.30602
 8.02 1.89373
 8.03 0.444399
 8.04 -1.00041
 8.05 -2.3876
 8.06 -3.606422
 8.07 -4.571338
 8.08 -5.270582
 8.09 -5.705309
 8.1 -5.855777
 8.11 -5.682525
 8.12 -5.173422
 8.13 -4.356178
 8.14 -3.217191
 8.15 -1.776046
 8.16 -0.2141508
 8.17 1.236093
 8.18 2.386704
 8.19 3.162623
 8.2 3.691824
 8.21 4.164923
 8.22 4.653026
 8.23 5.143642
 8.24 5.620228
 8.25 6.050983
 8.26 6.407298
 8.27 6.717703
 8.28 7.031661
 8.29 7.357227
 8.3 7.66837
 8.31 7.897163
 8.32 7.909646
 8.33 7.609666
 8.34 7.056293
 8.35 6.369967
 8.36 5.621754
 8.37 4.854333
 8.38 4.129025
 8.39 3.551452
 8.4 3.212882
 8.41 3.144492
 8.42 3.29495
 8.43 3.525598
 8.44 3.741939
 8.45 3.964165
 8.46 4.223427
 8.47 4.497791
 8.48 4.788799
 8.49 5.179632
 8.5 5.777853
 8.51 6.682658
 8.52 7.947926
 8.53 9.489
 8.54 11.11903
 8.55 12.64358
 8.56 13.94313
 8.57 15.06374
 8.58 16.17847
 8.59 17.42941
 8.6 18.83212
 8.61 20.33843
 8.62 21.92066
 8.63 23.56621
 8.64 25.24959
 8.65 26.93814
 8.66 28.61356
 8.67 30.27522
 8.68 31.91525
 8.69 33.48008
 8.7 34.80751
 8.71 35.64698
 8.72 35.91727
 8.73 35.78357
 8.74 35.43012
 8.75 34.97058
 8.76 34.46615
 8.77 33.92687
 8.78 33.32109
 8.79 32.57292
 8.8 31.56193
 8.81 30.23651
 8.82 28.71731
 8.83 27.20541
 8.84 25.85447
 8.85 24.69554
 8.86 23.64257
 8.87 22.58028
 8.88 21.41593
 8.89 20.07083
 8.9 18.49466
 8.91 16.69391
 8.92 14.66404
 8.93 12.35802
 8.94 9.809285
 8.95 7.143485
 8.96 4.451133
 8.97 1.767016
 8.98 -0.8315007
 8.99 -2.939874
 9 -3.88397
 9.01 -3.410052
 9.02 -2.009776
 9.03 -0.3114565
 9.04 1.448328
 9.05 3.208207
 9.06 4.855455
 9.07 6.293458
 9.08 7.492572
 9.09 8.47019
 9.1 9.244214
 9.11 9.804833
 9.12 10.14557
 9.13 10.27108
 9.14 10.18479
 9.15 9.887868
 9.16 9.378283
 9.17 8.649867
 9.18 7.74429
 9.19 6.823124
 9.2 6.126219
 9.21 5.855701
 9.22 6.040257
 9.23 6.465143
 9.24 6.798565
 9.25 6.702667
 9.26 6.007837
 9.27 4.799339
 9.28 3.197287
 9.29 1.287678
 9.3 -0.8482684
 9.31 -3.200041
 9.32 -5.796752
 9.33 -8.645542
 9.34 -11.71881
 9.35 -14.89529
 9.36 -17.91718
 9.37 -20.32098
 9.38 -21.68662
 9.39 -22.14809
 9.4 -22.14871
 9.41 -21.83041
 9.42 -21.11699
 9.43 -20.01034
 9.44 -18.59871
 9.45 -16.98861
 9.46 -15.24247
 9.47 -13.39254
 9.48 -11.50858
 9.49 -9.707879
 9.5 -8.154262
 9.51 -7.015712
 9.52 -6.38855
 9.53 -6.27228
 9.54 -6.532924
 9.55 -7.00194
 9.56 -7.606482
 9.57 -8.297126
 9.58 -8.996439
 9.59 -9.641749
 9.6 -10.19454
 9.61 -10.63815
 9.62 -10.96284
 9.63 -11.17193
 9.64 -11.32292
 9.65 -11.49002
 9.66 -11.70734
 9.67 -11.98677
 9.68 -12.35848
 9.69 -12.88028
 9.7 -13.57902
 9.71 -14.43013
 9.72 -15.40795
 9.73 -16.47383
 9.74 -17.56684
 9.75 -18.64477
 9.76 -19.68548
 9.77 -20.66114
 9.78 -21.46004
 9.79 -21.84509
 9.8 -21.69203
 9.81 -21.12203
 9.82 -20.31283
 9.83 -19.37975
 9.84 -18.38198
 9.85 -17.35541
 9.86 -16.33562
 9.87 -15.34758
 9.88 -14.38712
 9.89 -13.44113
 9.9 -12.54806
 9.91 -11.872
 9.92 -11.65536
 9.93 -11.94428
 9.94 -12.50721
 9.95 -13.12707
 9.96 -13.72562
 9.97 -14.25178
 9.98 -14.64645
 9.99 -14.86957
 10 -14.89012
 10.01 -14.6497
 10.02 -14.12084
 10.03 -13.38641
 10.04 -12.55558
 10.05 -11.71307
 10.06 -10.99646
 10.07 -10.62038
 10.08 -10.73705
 10.09 -11.21382
 10.1 -11.76659
 10.11 -12.25168
 10.12 -12.63571
 10.13 -12.90023
 10.14 -13.05392
 10.15 -13.14928
 10.16 -13.23856
 10.17 -13.31115
 10.18 -13.29124
 10.19 -13.11675
 10.2 -12.81659
 10.21 -12.49045
 10.22 -12.23762
 10.23 -12.13349
 10.24 -12.24324
 10.25 -12.58124
 10.26 -13.09796
 10.27 -13.72452
 10.28 -14.37204
 10.29 -14.91784
 10.3 -15.22459
 10.31 -15.23505
 10.32 -15.00493
 10.33 -14.54519
 10.34 -13.81018
 10.35 -12.84487
 10.36 -11.717
 10.37 -10.43617
 10.38 -9.035444
 10.39 -7.574324
 10.4 -6.096519
 10.41 -4.63311
 10.42 -3.203026
 10.43 -1.814339
 10.44 -0.4708446
 10.45 0.823493
 10.46 2.059344
 10.47 3.221248
 10.48 4.294351
 10.49 5.248241
 10.5 6.025452
 10.51 6.561275
 10.52 6.799512
 10.53 6.776582
 10.54 6.654424
 10.55 6.602501
 10.56 6.71626
 10.57 6.993648
 10.58 7.354874
 10.59 7.675031
 10.6 7.790911
 10.61 7.546029
 10.62 6.908397
 10.63 6.024409
 10.64 5.100769
 10.65 4.34572
 10.66 3.972453
 10.67 4.061775
 10.68 4.533826
 10.69 5.281708
 10.7 6.195167
 10.71 7.165383
 10.72 8.141565
 10.73 9.115524
 10.74 10.08497
 10.75 11.07269
 10.76 12.1335
 10.77 13.29666
 10.78 14.52877
 10.79 15.75376
 10.8 16.87259
 10.81 17.73906
 10.82 18.2164
 10.83 18.34316
 10.84 18.29298
 10.85 18.19937
 10.86 18.12385
 10.87 18.07902
 10.88 18.02785
 10.89 17.9128
 10.9 17.69819
 10.91 17.35659
 10.92 16.85018
 10.93 16.15797
 10.94 15.29135
 10.95 14.29556
 10.96 13.23658
 10.97 12.17402
 10.98 11.17271
 10.99 10.31983
 11 9.70566
 11.01 9.36449
 11.02 9.232746
 11.03 9.235501
 11.04 9.363925
 11.05 9.629982
 11.06 10.02756
 11.07 10.50638
 11.08 10.97274
 11.09 11.3311
 11.1 11.49483
 11.11 11.37528
 11.12 10.94084
 11.13 10.25828
 11.14 9.41357
 11.15 8.47999
 11.16 7.537862
 11.17 6.66771
 11.18 5.942046
 11.19 5.387634
 11.2 4.975688
 11.21 4.663823
 11.22 4.414262
 11.23 4.195447
 11.24 3.9883
 11.25 3.779874
 11.26 3.541327
 11.27 3.217963
 11.28 2.759192
 11.29 2.166229
 11.3 1.489201
 11.31 0.7931877
 11.32 0.139905
 11.33 -0.4072863
 11.34 -0.7869965
 11.35 -0.9610962
 11.36 -0.8896099
 11.37 -0.5329771
 11.38 0.1013751
 11.39 0.9956324
 11.4 2.135079
 11.41 3.444834
 11.42 4.824303
 11.43 6.220735
 11.44 7.615467
 11.45 8.992011
 11.46 10.33842
 11.47 11.64122
 11.48 12.85736
 11.49 13.8966
 11.5 14.65982
 11.51 15.10708
 11.52 15.24288
 11.53 15.07878
 11.54 14.65165
 11.55 14.04297
 11.56 13.3704
 11.57 12.72439
 11.58 12.11725
 11.59 11.50825
 11.6 10.85014
 11.61 10.11657
 11.62 9.305539
 11.63 8.426723
 11.64 7.48161
 11.65 6.46086
 11.66 5.363733
 11.67 4.20652
 11.68 3.028864
 11.69 1.923381
 11.7 1.06161
 11.71 0.6175239
 11.72 0.5912585
 11.73 0.8295379
 11.74 1.230059
 11.75 1.768428
 11.76 2.416677
 11.77 3.155221
 11.78 3.980182
 11.79 4.865694
 11.8 5.771564
 11.81 6.667161
 11.82 7.531161
 11.83 8.340755
 11.84 9.053559
 11.85 9.596836
 11.86 9.870478
 11.87 9.814961
 11.88 9.477316
 11.89 8.978041
 11.9 8.430026
 11.91 7.902607
 11.92 7.434108
 11.93 7.04002
 11.94 6.717233
 11.95 6.446014
 11.96 6.197164
 11.97 5.942111
 11.98 5.644305
 11.99 5.263479
 12 4.76593
 12.01 4.132138
 12.02 3.377392
 12.03 2.530487
 12.04 1.623767
 12.05 0.7116526
 12.06 -0.1264567
 12.07 -0.7713487
 12.08 -1.103957
 12.09 -1.088912
 12.1 -0.8207297
 12.11 -0.4666454
 12.12 -0.1342852
 12.13 0.1435847
 12.14 0.3584277
 12.15 0.5235036
 12.16 0.6790944
 12.17 0.8707737
 12.18 1.114117
 12.19 1.385493
 12.2 1.626026
 12.21 1.757914
 12.22 1.711675
 12.23 1.473339
 12.24 1.102798
 12.25 0.6783753
 12.26 0.2718311
 12.27 -0.03566358
 12.28 -0.1758822
 12.29 -0.1273913
 12.3 0.06142864
 12.31 0.2889543
 12.32 0.4601212
 12.33 0.506579
 12.34 0.4093301
 12.35 0.2182363
 12.36 0.009078968
 12.37 -0.1625922
 12.38 -0.269943
 12.39 -0.2950555
 12.4 -0.2324781
 12.41 -0.1078337
 12.42 0.03678166
 12.43 0.1598484
 12.44 0.2302205
 12.45 0.2436154
 12.46 0.224271
 12.47 0.2040695
 12.48 0.2039598
 12.49 0.2294681
 12.5 0.2778104
 12.51 0.3628795
 12.52 0.5198116
 12.53 0.7782111
 12.54 1.149132
 12.55 1.628081
 12.56 2.183427
 12.57 2.761668
 12.58 3.306089
 12.59 3.731382
 12.6 3.919015
 12.61 3.782835
 12.62 3.342295
 12.63 2.70312
 12.64 1.967077
 12.65 1.210401
 12.66 0.5083735
 12.67 -0.07283748
 12.68 -0.5022086
 12.69 -0.8190693
 12.7 -1.111946
 12.71 -1.444022
 12.72 -1.81567
 12.73 -2.176486
 12.74 -2.449249
 12.75 -2.56547
 12.76 -2.527399
 12.77 -2.391157
 12.78 -2.194277
 12.79 -1.963833
 12.8 -1.751438
 12.81 -1.644881
 12.82 -1.718229
 12.83 -1.945164
 12.84 -2.228024
 12.85 -2.486645
 12.86 -2.691809
 12.87 -2.859385
 12.88 -3.031735
 12.89 -3.263157
 12.9 -3.603734
 12.91 -4.058433
 12.92 -4.572176
 12.93 -5.071798
 12.94 -5.49384
 12.95 -5.807834
 12.96 -6.032162
 12.97 -6.207817
 12.98 -6.362074
 12.99 -6.475692
 13 -6.484107
 13.01 -6.351784
 13.02 -6.122109
 13.03 -5.872982
 13.04 -5.671309
 13.05 -5.561547
 13.06 -5.566128
 13.07 -5.691277
 13.08 -5.937837
 13.09 -6.305192
 13.1 -6.796933
 13.11 -7.413324
 13.12 -8.123493
 13.13 -8.882745
 13.14 -9.656947
 13.15 -10.41435
 13.16 -11.1078
 13.17 -11.65284
 13.18 -11.96028
 13.19 -12.0293
 13.2 -11.95913
 13.21 -11.84806
 13.22 -11.73067
 13.23 -11.61778
 13.24 -11.5459
 13.25 -11.57178
 13.26 -11.75049
 13.27 -12.08557
 13.28 -12.51025
 13.29 -12.95814
 13.3 -13.3969
 13.31 -13.81027
 13.32 -14.18963
 13.33 -14.52928
 13.34 -14.82022
 13.35 -15.03713
 13.36 -15.14362
 13.37 -15.12463
 13.38 -14.98278
 13.39 -14.70289
 13.4 -14.27447
 13.41 -13.72877
 13.42 -13.11061
 13.43 -12.4587
 13.44 -11.8199
 13.45 -11.27423
 13.46 -10.94255
 13.47 -10.93292
 13.48 -11.24464
 13.49 -11.73826
 13.5 -12.23072
 13.51 -12.5953
 13.52 -12.75746
 13.53 -12.67229
 13.54 -12.36861
 13.55 -11.93516
 13.56 -11.4428
 13.57 -10.92729
 13.58 -10.40787
 13.59 -9.889859
 13.6 -9.368898
 13.61 -8.837456
 13.62 -8.28123
 13.63 -7.679913
 13.64 -7.020478
 13.65 -6.293843
 13.66 -5.496247
 13.67 -4.645087
 13.68 -3.762665
 13.69 -2.857328
 13.7 -1.934208
 13.71 -0.9993903
 13.72 -0.05704719
 13.73 0.8825487
 13.74 1.804226
 13.75 2.692819
 13.76 3.531677
 13.77 4.29224
 13.78 4.921348
 13.79 5.36914
 13.8 5.619675
 13.81 5.685928
 13.82 5.618002
 13.83 5.489002
 13.84 5.348391
 13.85 5.210074
 13.86 5.067095
 13.87 4.893511
 13.88 4.653347
 13.89 4.336072
 13.9 3.959625
 13.91 3.544996
 13.92 3.121491
 13.93 2.732361
 13.94 2.416239
 13.95 2.179
 13.96 1.981194
 13.97 1.766325
 13.98 1.509815
 13.99 1.23542
 14 0.9967371
 14.01 0.8603922
 14.02 0.8818381
 14.03 1.080098
 14.04 1.416686
 14.05 1.803912
 14.06 2.146358
 14.07 2.338201
 14.08 2.283897
 14.09 1.985352
 14.1 1.542179
 14.11 1.070308
 14.12 0.6634404
 14.13 0.4153269
 14.14 0.3915137
 14.15 0.5436787
 14.16 0.7599966
 14.17 0.9839141
 14.18 1.215456
 14.19 1.474864
 14.2 1.786785
 14.21 2.149178
 14.22 2.528899
 14.23 2.88491
 14.24 3.187908
 14.25 3.422566
 14.26 3.578586
 14.27 3.656228
 14.28 3.654423
 14.29 3.563099
 14.3 3.385283
 14.31 3.149635
 14.32 2.898807
 14.33 2.678711
 14.34 2.537198
 14.35 2.506
 14.36 2.586016
 14.37 2.742163
 14.38 2.914338
 14.39 3.045657
 14.4 3.085277
 14.41 3.00228
 14.42 2.805286
 14.43 2.534648
 14.44 2.236551
 14.45 1.931314
 14.46 1.61821
 14.47 1.303426
 14.48 1.006173
 14.49 0.7557549
 14.5 0.5955599
 14.51 0.579961
 14.52 0.7697329
 14.53 1.206326
 14.54 1.866903
 14.55 2.672403
 14.56 3.537447
 14.57 4.395498
 14.58 5.191285
 14.59 5.872453
 14.6 6.415084
 14.61 6.828585
 14.62 7.105518
 14.63 7.223033
 14.64 7.179949
 14.65 6.979645
 14.66 6.623578
 14.67 6.129495
 14.68 5.531534
 14.69 4.884664
 14.7 4.250717
 14.71 3.673298
 14.72 3.177769
 14.73 2.772476
 14.74 2.450784
 14.75 2.182625
 14.76 1.920307
 14.77 1.640902
 14.78 1.354385
 14.79 1.068261
 14.8 0.7814539
 14.81 0.4944597
 14.82 0.19889
 14.83 -0.1326192
 14.84 -0.5468681
 14.85 -1.078453
 14.86 -1.720226
 14.87 -2.446901
 14.88 -3.231965
 14.89 -4.045503
 14.9 -4.863119
 14.91 -5.653748
 14.92 -6.352287
 14.93 -6.848737
 14.94 -7.095376
 14.95 -7.215103
 14.96 -7.358682
 14.97 -7.550845
 14.98 -7.742728
 14.99 -7.879352
 15 -7.88929
 15.01 -7.703663
 15.02 -7.319885
 15.03 -6.811378
 15.04 -6.274089
 15.05 -5.771302
 15.06 -5.317092
 15.07 -4.890598
 15.08 -4.468289
 15.09 -4.052547
 15.1 -3.664001
 15.11 -3.33502
 15.12 -3.115123
 15.13 -3.081841
 15.14 -3.332235
 15.15 -3.915335
 15.16 -4.747411
 15.17 -5.659155
 15.18 -6.504573
 15.19 -7.184711
 15.2 -7.610592
 15.21 -7.713753
 15.22 -7.50948
 15.23 -7.115999
 15.24 -6.716326
 15.25 -6.437358
 15.26 -6.28565
 15.27 -6.202146
 15.28 -6.117931
 15.29 -5.976399
 15.3 -5.760244
 15.31 -5.51243
 15.32 -5.278832
 15.33 -5.060356
 15.34 -4.835905
 15.35 -4.578943
 15.36 -4.281964
 15.37 -3.970153
 15.38 -3.66878
 15.39 -3.381938
 15.4 -3.104893
 15.41 -2.832897
 15.42 -2.55262
 15.43 -2.239661
 15.44 -1.880442
 15.45 -1.480837
 15.46 -1.063329
 15.47 -0.6749552
 15.48 -0.3915146
 15.49 -0.2696517
 15.5 -0.2970087
 15.51 -0.4473762
 15.52 -0.7133552
 15.53 -1.060915
 15.54 -1.434108
 15.55 -1.778537
 15.56 -2.038897
 15.57 -2.147676
 15.58 -2.060918
 15.59 -1.827893
 15.6 -1.545762
 15.61 -1.257373
 15.62 -0.9451436
 15.63 -0.5975715
 15.64 -0.237738
 15.65 0.1041798
 15.66 0.413222
 15.67 0.6920844
 15.68 0.9526195
 15.69 1.18946
 15.7 1.370055
 15.71 1.441446
 15.72 1.350581
 15.73 1.112847
 15.74 0.7952915
 15.75 0.4150219
 15.76 -0.06474378
 15.77 -0.6685862
 15.78 -1.370167
 15.79 -2.114102
 15.8 -2.866847
 15.81 -3.612031
 15.82 -4.318719
 15.83 -4.938544
 15.84 -5.416638
 15.85 -5.711283
 15.86 -5.837513
 15.87 -5.865701
 15.88 -5.846932
 15.89 -5.785766
 15.9 -5.672119
 15.91 -5.488433
 15.92 -5.19928
 15.93 -4.791088
 15.94 -4.304203
 15.95 -3.821548
 15.96 -3.443703
 15.97 -3.251571
 15.98 -3.284651
 15.99 -3.490137
 16 -3.767168
 16.01 -4.075202
 16.02 -4.40192
 16.03 -4.720852
 16.04 -5.00346
 16.05 -5.207019
 16.06 -5.252378
 16.07 -5.072893
 16.08 -4.713952
 16.09 -4.304077
 16.1 -3.927158
 16.11 -3.597722
 16.12 -3.313739
 16.13 -3.082137
 16.14 -2.902737
 16.15 -2.763162
 16.16 -2.660023
 16.17 -2.59685
 16.18 -2.571221
 16.19 -2.56023
 16.2 -2.52483
 16.21 -2.438736
 16.22 -2.290188
 16.23 -2.073744
 16.24 -1.788158
 16.25 -1.43406
 16.26 -1.028337
 16.27 -0.6485974
 16.28 -0.4046418
 16.29 -0.3289053
 16.3 -0.3652243
 16.31 -0.438018
 16.32 -0.5102867
 16.33 -0.6009426
 16.34 -0.7430353
 16.35 -0.9407295
 16.36 -1.175957
 16.37 -1.428032
 16.38 -1.680335
 16.39 -1.927579
 16.4 -2.176896
 16.41 -2.42851
 16.42 -2.666165
 16.43 -2.876484
 16.44 -3.052891
 16.45 -3.175094
 16.46 -3.225043
 16.47 -3.212251
 16.48 -3.157743
 16.49 -3.074561
 16.5 -2.960665
 16.51 -2.80554
 16.52 -2.588553
 16.53 -2.274933
 16.54 -1.857467
 16.55 -1.378606
 16.56 -0.8851266
 16.57 -0.4104438
 16.58 0.0002885123
 16.59 0.2851155
 16.6 0.3671098
 16.61 0.209316
 16.62 -0.0989524
 16.63 -0.4235527
 16.64 -0.707548
 16.65 -0.9472643
 16.66 -1.144498
 16.67 -1.313449
 16.68 -1.485437
 16.69 -1.682822
 16.7 -1.904055
 16.71 -2.140307
 16.72 -2.391677
 16.73 -2.664307
 16.74 -2.972162
 16.75 -3.340404
 16.76 -3.780286
 16.77 -4.264964
 16.78 -4.750481
 16.79 -5.186208
 16.8 -5.494636
 16.81 -5.596408
 16.82 -5.489785
 16.83 -5.253391
 16.84 -4.954614
 16.85 -4.600216
 16.86 -4.161742
 16.87 -3.617171
 16.88 -2.970653
 16.89 -2.246548
 16.9 -1.497327
 16.91 -0.8121641
 16.92 -0.3079975
 16.93 -0.0698421
 16.94 -0.0530935
 16.95 -0.136716
 16.96 -0.2629799
 16.97 -0.4467905
 16.98 -0.7144101
 16.99 -1.068753
 17 -1.485334
 17.01 -1.934754
 17.02 -2.405316
 17.03 -2.908668
 17.04 -3.465183
 17.05 -4.083317
 17.06 -4.746848
 17.07 -5.417719
 17.08 -6.052295
 17.09 -6.607325
 17.1 -7.036213
 17.11 -7.29184
 17.12 -7.36105
 17.13 -7.279516
 17.14 -7.081237
 17.15 -6.786666
 17.16 -6.439638
 17.17 -6.094995
 17.18 -5.783299
 17.19 -5.504878
 17.2 -5.249329
 17.21 -5.005162
 17.22 -4.761058
 17.23 -4.510919
 17.24 -4.252194
 17.25 -3.992715
 17.26 -3.741812
 17.27 -3.495163
 17.28 -3.237617
 17.29 -2.955669
 17.3 -2.642736
 17.31 -2.290552
 17.32 -1.901465
 17.33 -1.497669
 17.34 -1.105412
 17.35 -0.7412945
 17.36 -0.4063388
 17.37 -0.09040853
 17.38 0.2199034
 17.39 0.5327077
 17.4 0.8480178
 17.41 1.15645
 17.42 1.442503
 17.43 1.698646
 17.44 1.929339
 17.45 2.153982
 17.46 2.404786
 17.47 2.701774
 17.48 3.030726
 17.49 3.357668
 17.5 3.655463
 17.51 3.903112
 17.52 4.077044
 17.53 4.164232
 17.54 4.177376
 17.55 4.136188
 17.56 4.047683
 17.57 3.922403
 17.58 3.77982
 17.59 3.634763
 17.6 3.502671
 17.61 3.400402
 17.62 3.350234
 17.63 3.365365
 17.64 3.430054
 17.65 3.529761
 17.66 3.665938
 17.67 3.851599
 17.68 4.109061
 17.69 4.435779
 17.7 4.793838
 17.71 5.143928
 17.72 5.462772
 17.73 5.736556
 17.74 5.957251
 17.75 6.139129
 17.76 6.310232
 17.77 6.468403
 17.78 6.573679
 17.79 6.58716
 17.8 6.496906
 17.81 6.316848
 17.82 6.076739
 17.83 5.809582
 17.84 5.542234
 17.85 5.284895
 17.86 5.034585
 17.87 4.798776
 17.88 4.598423
 17.89 4.453636
 17.9 4.375056
 17.91 4.353296
 17.92 4.399156
 17.93 4.523158
 17.94 4.726097
 17.95 5.016237
 17.96 5.36824
 17.97 5.73272
 17.98 6.050241
 17.99 6.260761
 18 6.342995
 18.01 6.322733
 18.02 6.219049
 18.03 6.040904
 18.04 5.817544
 18.05 5.592909
 18.06 5.41462
 18.07 5.33153
 18.08 5.363913
 18.09 5.485358
 18.1 5.662539
 18.11 5.891314
 18.12 6.184536
 18.13 6.537909
 18.14 6.922336
 18.15 7.303965
 18.16 7.660063
 18.17 7.981993
 18.18 8.273229
 18.19 8.545828
 18.2 8.811393
 18.21 9.071155
 18.22 9.321991
 18.23 9.563758
 18.24 9.79368
 18.25 10.00499
 18.26 10.19009
 18.27 10.33425
 18.28 10.40085
 18.29 10.34306
 18.3 10.13178
 18.31 9.76663
 18.32 9.285737
 18.33 8.753406
 18.34 8.230918
 18.35 7.773561
 18.36 7.431759
 18.37 7.241418
 18.38 7.205025
 18.39 7.274457
 18.4 7.384278
 18.41 7.490016
 18.42 7.559122
 18.43 7.567911
 18.44 7.51255
 18.45 7.40573
 18.46 7.264568
 18.47 7.100022
 18.48 6.914811
 18.49 6.707046
 18.5 6.471651
 18.51 6.197417
 18.52 5.868156
 18.53 5.482104
 18.54 5.056953
 18.55 4.619159
 18.56 4.197804
 18.57 3.820028
 18.58 3.511805
 18.59 3.283743
 18.6 3.129842
 18.61 3.038102
 18.62 2.984086
 18.63 2.941999
 18.64 2.906293
 18.65 2.886594
 18.66 2.888491
 18.67 2.904256
 18.68 2.919164
 18.69 2.925605
 18.7 2.925866
 18.71 2.92564
 18.72 2.927482
 18.73 2.9271
 18.74 2.915363
 18.75 2.87693
 18.76 2.796174
 18.77 2.665965
 18.78 2.483491
 18.79 2.251924
 18.8 1.987613
 18.81 1.713473
 18.82 1.446643
 18.83 1.195646
 18.84 0.9611808
 18.85 0.7389533
 18.86 0.5239754
 18.87 0.3196145
 18.88 0.1411896
 18.89 -0.00175385
 18.9 -0.1112079
 18.91 -0.1939186
 18.92 -0.2599947
 18.93 -0.3122675
 18.94 -0.349726
 18.95 -0.3870971
 18.96 -0.4634729
 18.97 -0.6203495
 18.98 -0.8552849
 18.99 -1.122931
 19 -1.376445
 19.01 -1.574273
 19.02 -1.672946
 19.03 -1.652009
 19.04 -1.54364
 19.05 -1.401987
 19.06 -1.252376
 19.07 -1.100412
 19.08 -0.9566707
 19.09 -0.8316505
 19.1 -0.7268506
 19.11 -0.6374981
 19.12 -0.5596728
 19.13 -0.4975395
 19.14 -0.4679574
 19.15 -0.4906165
 19.16 -0.5714702
 19.17 -0.7024494
 19.18 -0.8726648
 19.19 -1.069466
 19.2 -1.272172
 19.21 -1.458532
 19.22 -1.611264
 19.23 -1.718301
 19.24 -1.775174
 19.25 -1.783878
 19.26 -1.756428
 19.27 -1.714541
 19.28 -1.675574
 19.29 -1.647038
 19.3 -1.630394
 19.31 -1.622231
 19.32 -1.617148
 19.33 -1.613058
 19.34 -1.612976
 19.35 -1.621414
 19.36 -1.639833
 19.37 -1.666094
 19.38 -1.696806
 19.39 -1.729322
 19.4 -1.761903
 19.41 -1.793366
 19.42 -1.822988
 19.43 -1.849965
 19.44 -1.873551
 19.45 -1.893607
 19.46 -1.909863
 19.47 -1.921347
 19.48 -1.926955
 19.49 -1.92585
 19.5 -1.918109
 19.51 -1.904598
 19.52 -1.885683
 19.53 -1.860968
 19.54 -1.83006
 19.55 -1.793703
 19.56 -1.754006
 19.57 -1.71305
 19.58 -1.671795
 19.59 -1.630313
 19.6 -1.588274
 19.61 -1.545215
 19.62 -1.500962
 19.63 -1.455665
 19.64 -1.409508
 19.65 -1.362652
 19.66 -1.315198
 19.67 -1.267126
 19.68 -1.218383
 19.69 -1.168966
 19.7 -1.118918
 19.71 -1.068289
 19.72 -1.017127
 19.73 -0.9654811
 19.74 -0.9133961
 19.75 -0.8608932
 19.76 -0.8079866
 19.77 -0.7546776
 19.78 -0.7009368
 19.79 -0.6467215
 19.8 -0.5920148
 19.81 -0.5368383
 19.82 -0.481234
 19.83 -0.4252488
 19.84 -0.3689295
 19.85 -0.3123214
 19.86 -0.2554687
 19.87 -0.1984147
 19.88 -0.1412027
 19.89 -0.08387609
 19.9 -0.02647931