0	0.101650000000000
0.0200000000000000	0.0274100000000000
0.0400000000000000	-0.0572200000000000
0.0600000000000000	-0.0147800000000000
0.0800000000000000	-0.0467500000000000
0.100000000000000	-0.0314600000000000
0.120000000000000	-0.0261900000000000
0.140000000000000	-0.108630000000000
0.160000000000000	-0.0993200000000000
0.180000000000000	-0.0837000000000000
0.200000000000000	-0.0209700000000000
0.220000000000000	0.0280900000000000
0.240000000000000	0.0240300000000000
0.260000000000000	0.0551000000000000
0.280000000000000	0.0133900000000000
0.300000000000000	0.0164200000000000
0.320000000000000	-0.0222900000000000
0.340000000000000	-0.0324600000000000
0.360000000000000	-0.000500000000000000
0.380000000000000	-0.0171900000000000
0.400000000000000	0.000240000000000000
0.420000000000000	-0.0124300000000000
0.440000000000000	-0.0323500000000000
0.460000000000000	0.00518000000000000
0.480000000000000	-0.0372000000000000
0.500000000000000	0.00110000000000000
0.520000000000000	0.0285500000000000
0.540000000000000	-0.0214100000000000
0.560000000000000	0.0714500000000000
0.580000000000000	0.0809900000000000
0.600000000000000	0.0295900000000000
0.620000000000000	0.0531700000000000
0.640000000000000	0.0249000000000000
0.660000000000000	-0.0473100000000000
0.680000000000000	-0.0895000000000000
0.700000000000000	-0.0270800000000000
0.720000000000000	0.0468000000000000
0.740000000000000	0.0472300000000000
0.760000000000000	-0.0341400000000000
0.780000000000000	-0.115290000000000
0.800000000000000	-0.0349400000000000
0.820000000000000	0.0582900000000000
0.840000000000000	0.0738300000000000
0.860000000000000	0.0678300000000000
0.880000000000000	0.0386900000000000
0.900000000000000	0.122210000000000
0.920000000000000	0.147240000000000
0.940000000000000	0.0167900000000000
0.960000000000000	0.0125200000000000
0.980000000000000	-0.0250900000000000
1	-0.0528300000000000
1.02000000000000	-0.0283600000000000
1.04000000000000	-0.0590000000000000
1.06000000000000	-0.0330800000000000
1.08000000000000	0.0238800000000000
1.10000000000000	0.0262900000000000
1.12000000000000	0.0231500000000000
1.14000000000000	0.00707000000000000
1.16000000000000	0.0131300000000000
1.18000000000000	0.00746000000000000
1.20000000000000	0.124560000000000
1.22000000000000	0.199780000000000
1.24000000000000	0.130360000000000
1.26000000000000	0.0148500000000000
1.28000000000000	-0.144030000000000
1.30000000000000	-0.121620000000000
1.32000000000000	-0.0699700000000000
1.34000000000000	-0.0155300000000000
1.36000000000000	-0.000720000000000000
1.38000000000000	-0.0668600000000000
1.40000000000000	-0.0255000000000000
1.42000000000000	0.104210000000000
1.44000000000000	0.168160000000000
1.46000000000000	0.102280000000000
1.48000000000000	-0.0581000000000000
1.50000000000000	-0.177250000000000
1.52000000000000	-0.104560000000000
1.54000000000000	0.0864800000000000
1.56000000000000	0.187110000000000
1.58000000000000	0.267460000000000
1.60000000000000	0.284660000000000
1.62000000000000	0.177040000000000
1.64000000000000	0.0717000000000000
1.66000000000000	-0.0320400000000000
1.68000000000000	-0.189490000000000
1.70000000000000	-0.393010000000000
1.72000000000000	-0.307130000000000
1.74000000000000	-0.171800000000000
1.76000000000000	-0.0477100000000000
1.78000000000000	0.0913100000000000
1.80000000000000	0.172700000000000
1.82000000000000	0.192340000000000
1.84000000000000	0.109960000000000
1.86000000000000	-0.00732000000000000
1.88000000000000	-0.112280000000000
1.90000000000000	-0.0188900000000000
1.92000000000000	0.0550100000000000
1.94000000000000	-0.0408900000000000
1.96000000000000	-0.0724900000000000
1.98000000000000	-0.0763300000000000
2	-0.0492200000000000
2.02000000000000	-0.0349900000000000
2.04000000000000	0.0110900000000000
2.06000000000000	0.109530000000000
2.08000000000000	0.0814400000000000
2.10000000000000	-0.0118300000000000
2.12000000000000	-0.0361000000000000
2.14000000000000	0.0179400000000000
2.16000000000000	0.142880000000000
2.18000000000000	0.156410000000000
2.20000000000000	0.0726400000000000
2.22000000000000	-0.0325700000000000
2.24000000000000	-0.0280200000000000
2.26000000000000	-0.0635800000000000
2.28000000000000	-0.0845900000000000
2.30000000000000	-0.0206400000000000
2.32000000000000	0.0489700000000000
2.34000000000000	0.0195600000000000
2.36000000000000	-0.101130000000000
2.38000000000000	-0.0913600000000000
2.40000000000000	0.0554900000000000
2.42000000000000	0.155960000000000
2.44000000000000	0.193980000000000
2.46000000000000	0.152240000000000
2.48000000000000	0.118760000000000
2.50000000000000	0.0731200000000000
2.52000000000000	0.0191200000000000
2.54000000000000	0.00215000000000000
2.56000000000000	-0.0699800000000000
2.58000000000000	-0.238780000000000
2.60000000000000	-0.355340000000000
2.62000000000000	-0.209570000000000
2.64000000000000	0.0343700000000000
2.66000000000000	0.118160000000000
2.68000000000000	0.174740000000000
2.70000000000000	0.183710000000000
2.72000000000000	0.285250000000000
2.74000000000000	0.207760000000000
2.76000000000000	-0.0624000000000000
2.78000000000000	-0.263490000000000
2.80000000000000	-0.215630000000000
2.82000000000000	-0.0955000000000000
2.84000000000000	-0.196780000000000
2.86000000000000	-0.301990000000000
2.88000000000000	-0.200420000000000
2.90000000000000	-0.155500000000000
2.92000000000000	-0.0545000000000000
2.94000000000000	-0.0115400000000000
2.96000000000000	-0.0943400000000000
2.98000000000000	0.00233000000000000
3	0.0434100000000000
3.02000000000000	-0.0252100000000000
3.04000000000000	-0.0677400000000000
3.06000000000000	-0.133040000000000
3.08000000000000	-0.136070000000000
3.10000000000000	-0.0912200000000000
3.12000000000000	0.00579000000000000
3.14000000000000	0.0865100000000000
3.16000000000000	0.115390000000000
3.18000000000000	0.0511400000000000
3.20000000000000	0.0235800000000000
3.22000000000000	-0.0155200000000000
3.24000000000000	-0.139240000000000
3.26000000000000	-0.257090000000000
3.28000000000000	-0.250380000000000
3.30000000000000	-0.131250000000000
3.32000000000000	0.184530000000000
3.34000000000000	0.156050000000000
3.36000000000000	-0.0536200000000000
3.38000000000000	-0.000650000000000000
3.40000000000000	0.0356100000000000
3.42000000000000	0.0513200000000000
3.44000000000000	-0.0526000000000000
3.46000000000000	-0.237350000000000
3.48000000000000	-0.292820000000000
3.50000000000000	-0.204550000000000
3.52000000000000	-0.00555000000000000
3.54000000000000	0.0382000000000000
3.56000000000000	0.131680000000000
3.58000000000000	0.150380000000000
3.60000000000000	0.113930000000000
3.62000000000000	0.0661400000000000
3.64000000000000	-0.147440000000000
3.66000000000000	-0.230240000000000
3.68000000000000	-0.174660000000000
3.70000000000000	-0.105360000000000
3.72000000000000	-0.0713900000000000
3.74000000000000	-0.0977900000000000
3.76000000000000	-0.0977800000000000
3.78000000000000	-0.0888400000000000
3.80000000000000	-0.0481900000000000
3.82000000000000	0.00689000000000000
3.84000000000000	0.0142900000000000
3.86000000000000	0.0163600000000000
3.88000000000000	-0.0254600000000000
3.90000000000000	0.0742400000000000
3.92000000000000	0.172190000000000
3.94000000000000	0.220490000000000
3.96000000000000	0.228070000000000
3.98000000000000	-0.0859700000000000
4	-0.282790000000000
4.02000000000000	-0.150700000000000
4.04000000000000	-0.0599800000000000
4.06000000000000	-0.00826000000000000
4.08000000000000	0.0203900000000000
4.10000000000000	-0.00315000000000000
4.12000000000000	0.138820000000000
4.14000000000000	0.105670000000000
4.16000000000000	-0.124840000000000
4.18000000000000	-0.258120000000000
4.20000000000000	-0.289550000000000
4.22000000000000	-0.300200000000000
4.24000000000000	-0.458690000000000
4.26000000000000	-0.537400000000000
4.28000000000000	-0.452070000000000
4.30000000000000	-0.249400000000000
4.32000000000000	0.277570000000000
4.34000000000000	0.654890000000000
4.36000000000000	0.784820000000000
4.38000000000000	0.900420000000000
4.40000000000000	0.970540000000000
4.42000000000000	1.08772000000000
4.44000000000000	0.922690000000000
4.46000000000000	0.429470000000000
4.48000000000000	-0.103160000000000
4.50000000000000	-0.580410000000000
4.52000000000000	-0.921350000000000
4.54000000000000	-1.29281000000000
4.56000000000000	-1.60668000000000
4.58000000000000	-1.56841000000000
4.60000000000000	-0.922070000000000
4.62000000000000	0.124070000000000
4.64000000000000	0.614660000000000
4.66000000000000	0.727080000000000
4.68000000000000	0.648770000000000
4.70000000000000	0.506090000000000
4.72000000000000	0.525850000000000
4.74000000000000	0.520700000000000
4.76000000000000	0.578160000000000
4.78000000000000	0.752320000000000
4.80000000000000	0.765590000000000
4.82000000000000	0.413510000000000
4.84000000000000	-0.496250000000000
4.86000000000000	-0.985050000000000
4.88000000000000	-0.782530000000000
4.90000000000000	-0.834950000000000
4.92000000000000	-0.856750000000000
4.94000000000000	-0.422120000000000
4.96000000000000	-0.00693000000000000
4.98000000000000	0.302030000000000
5	0.662920000000000
5.02000000000000	0.522690000000000
5.04000000000000	0.136670000000000
5.06000000000000	0.0903500000000000
5.08000000000000	0.206980000000000
5.10000000000000	0.249700000000000
5.12000000000000	0.00372000000000000
5.14000000000000	-0.151960000000000
5.16000000000000	0.106970000000000
5.18000000000000	0.492480000000000
5.20000000000000	0.656900000000000
5.22000000000000	0.642970000000000
5.24000000000000	0.497860000000000
5.26000000000000	0.446600000000000
5.28000000000000	0.702550000000000
5.30000000000000	0.734950000000000
5.32000000000000	0.457860000000000
5.34000000000000	0.258540000000000
5.36000000000000	0.130340000000000
5.38000000000000	-0.159410000000000
5.40000000000000	-0.318780000000000
5.42000000000000	-0.576830000000000
5.44000000000000	-0.978710000000000
5.46000000000000	-1.13351000000000
5.48000000000000	-0.964720000000000
5.50000000000000	-0.222900000000000
5.52000000000000	0.770920000000000
5.54000000000000	1.01599000000000
5.56000000000000	0.798450000000000
5.58000000000000	0.502400000000000
5.60000000000000	0.248410000000000
5.62000000000000	-0.0679400000000000
5.64000000000000	-0.219910000000000
5.66000000000000	-0.108810000000000
5.68000000000000	-0.0495100000000000
5.70000000000000	0.0415000000000000
5.72000000000000	0.214150000000000
5.74000000000000	0.0324200000000000
5.76000000000000	-0.299360000000000
5.78000000000000	-0.433290000000000
5.80000000000000	-0.524740000000000
5.82000000000000	-0.430850000000000
5.84000000000000	-0.218310000000000
5.86000000000000	-0.250010000000000
5.88000000000000	-0.341190000000000
5.90000000000000	-0.0675700000000000
5.92000000000000	0.584000000000000
5.94000000000000	1.14489000000000
5.96000000000000	0.944390000000000
5.98000000000000	0.570980000000000
6	0.0521600000000000
6.02000000000000	-0.195980000000000
6.04000000000000	-0.0416000000000000
6.06000000000000	-0.174230000000000
6.08000000000000	-0.405750000000000
6.10000000000000	-0.339850000000000
6.12000000000000	-0.227060000000000
6.14000000000000	-0.270630000000000
6.16000000000000	-0.237980000000000
6.18000000000000	-0.203580000000000
6.20000000000000	-0.317090000000000
6.22000000000000	-0.557320000000000
6.24000000000000	-0.874090000000000
6.26000000000000	-0.949740000000000
6.28000000000000	-0.761960000000000
6.30000000000000	-0.533360000000000
6.32000000000000	0.0332600000000000
6.34000000000000	0.768040000000000
6.36000000000000	0.989870000000000
6.38000000000000	0.921400000000000
6.40000000000000	0.892980000000000
6.42000000000000	0.859610000000000
6.44000000000000	0.597110000000000
6.46000000000000	0.183570000000000
6.48000000000000	-0.240150000000000
6.50000000000000	-0.562380000000000
6.52000000000000	-0.462060000000000
6.54000000000000	-0.114580000000000
6.56000000000000	0.315910000000000
6.58000000000000	0.403810000000000
6.60000000000000	0.0529900000000000
6.62000000000000	-0.449740000000000
6.64000000000000	-0.566360000000000
6.66000000000000	-0.231920000000000
6.68000000000000	-0.179470000000000
6.70000000000000	-0.112530000000000
6.72000000000000	0.251780000000000
6.74000000000000	0.596490000000000
6.76000000000000	0.676790000000000
6.78000000000000	0.844860000000000
6.80000000000000	1.08864000000000
6.82000000000000	1.46511000000000
6.84000000000000	1.52766000000000
6.86000000000000	0.998420000000000
6.88000000000000	0.0934900000000000
6.90000000000000	-0.908500000000000
6.92000000000000	-1.59910000000000
6.94000000000000	-2.05759000000000
6.96000000000000	-2.20489000000000
6.98000000000000	-1.85154000000000
7	-1.20642000000000
7.02000000000000	-0.664040000000000
7.04000000000000	-0.0316100000000000
7.06000000000000	0.373920000000000
7.08000000000000	0.393740000000000
7.10000000000000	0.524860000000000
7.12000000000000	0.851920000000000
7.14000000000000	0.896780000000000
7.16000000000000	0.849990000000000
7.18000000000000	0.565630000000000
7.20000000000000	0.120940000000000
7.22000000000000	0.106300000000000
7.24000000000000	0.284690000000000
7.26000000000000	0.332600000000000
7.28000000000000	0.279670000000000
7.30000000000000	-0.000490000000000000
7.32000000000000	-0.0319200000000000
7.34000000000000	-0.109470000000000
7.36000000000000	-0.837360000000000
7.38000000000000	-1.30639000000000
7.40000000000000	-0.749030000000000
7.42000000000000	0.0616800000000000
7.44000000000000	0.837620000000000
7.46000000000000	1.25789000000000
7.48000000000000	1.05589000000000
7.50000000000000	0.302960000000000
7.52000000000000	-0.571150000000000
7.54000000000000	-1.00084000000000
7.56000000000000	-1.19796000000000
7.58000000000000	-1.28847000000000
7.60000000000000	-1.05620000000000
7.62000000000000	-0.657980000000000
7.64000000000000	-0.127780000000000
7.66000000000000	0.504750000000000
7.68000000000000	0.665430000000000
7.70000000000000	0.705070000000000
7.72000000000000	0.842140000000000
7.74000000000000	0.783950000000000
7.76000000000000	0.719860000000000
7.78000000000000	0.0784200000000000
7.80000000000000	-0.671140000000000
7.82000000000000	-0.799540000000000
7.84000000000000	-0.555540000000000
7.86000000000000	-0.171660000000000
7.88000000000000	0.0259300000000000
7.90000000000000	0.254680000000000
7.92000000000000	0.596720000000000
7.94000000000000	0.651670000000000
7.96000000000000	0.743770000000000
7.98000000000000	0.657940000000000
8	0.403550000000000
8.02000000000000	0.124010000000000
8.04000000000000	0.132810000000000
8.06000000000000	0.213540000000000
8.08000000000000	0.181430000000000
8.10000000000000	0.274200000000000
8.12000000000000	0.344550000000000
8.14000000000000	0.181060000000000
8.16000000000000	0.0102200000000000
8.18000000000000	-0.244170000000000
8.20000000000000	-0.641470000000000
8.22000000000000	-1.06346000000000
8.24000000000000	-1.22594000000000
8.26000000000000	-1.01053000000000
8.28000000000000	-0.610460000000000
8.30000000000000	-0.272730000000000
8.32000000000000	-0.0773300000000000
8.34000000000000	0.0786000000000000
8.36000000000000	0.401460000000000
8.38000000000000	0.889500000000000
8.40000000000000	1.16857000000000
8.42000000000000	0.939350000000000
8.44000000000000	0.462180000000000
8.46000000000000	-0.0595600000000000
8.48000000000000	-0.533930000000000
8.50000000000000	-0.954020000000000
8.52000000000000	-1.02514000000000
8.54000000000000	-0.835100000000000
8.56000000000000	-0.525410000000000
8.58000000000000	-0.0177300000000000
8.60000000000000	0.295460000000000
8.62000000000000	0.287530000000000
8.64000000000000	0.451910000000000
8.66000000000000	0.595030000000000
8.68000000000000	0.462420000000000
8.70000000000000	0.0509100000000000
8.72000000000000	-0.391710000000000
8.74000000000000	-0.692450000000000
8.76000000000000	-1.13437000000000
8.78000000000000	-1.19873000000000
8.80000000000000	-0.559540000000000
8.82000000000000	0.168210000000000
8.84000000000000	0.754760000000000
8.86000000000000	0.993730000000000
8.88000000000000	0.635040000000000
8.90000000000000	0.0338800000000000
8.92000000000000	-0.457140000000000
8.94000000000000	-0.901600000000000
8.96000000000000	-0.979800000000000
8.98000000000000	-0.784970000000000
9	-0.701180000000000
9.02000000000000	-0.662630000000000
9.04000000000000	-0.360620000000000
9.06000000000000	0.461890000000000
9.08000000000000	1.43566000000000
9.10000000000000	1.75199000000000
9.12000000000000	1.39507000000000
9.14000000000000	1.03782000000000
9.16000000000000	0.722150000000000
9.18000000000000	0.272990000000000
9.20000000000000	0.0303800000000000
9.22000000000000	0.0443300000000000
9.24000000000000	-0.294240000000000
9.26000000000000	-1.01070000000000
9.28000000000000	-1.41905000000000
9.30000000000000	-1.44697000000000
9.32000000000000	-1.28651000000000
9.34000000000000	-1.02801000000000
9.36000000000000	-0.382740000000000
9.38000000000000	0.693720000000000
9.40000000000000	1.66649000000000
9.42000000000000	1.92643000000000
9.44000000000000	1.54773000000000
9.46000000000000	0.762570000000000
9.48000000000000	-0.0802000000000000
9.50000000000000	-0.807000000000000
9.52000000000000	-1.31910000000000
9.54000000000000	-1.32368000000000
9.56000000000000	-0.705920000000000
9.58000000000000	0.417600000000000
9.60000000000000	1.12057000000000
9.62000000000000	1.16889000000000
9.64000000000000	1.06066000000000
9.66000000000000	0.718690000000000
9.68000000000000	0.210840000000000
9.70000000000000	-0.184670000000000
9.72000000000000	-0.615610000000000
9.74000000000000	-1.14011000000000
9.76000000000000	-1.25602000000000
9.78000000000000	-0.632740000000000
9.80000000000000	-0.232740000000000
9.82000000000000	-0.398290000000000
9.84000000000000	-0.113470000000000
9.86000000000000	0.0635900000000000
9.88000000000000	-0.179120000000000
9.90000000000000	-0.339360000000000
9.92000000000000	-0.584130000000000
9.94000000000000	-1.03904000000000
9.96000000000000	-1.07857000000000
9.98000000000000	-0.533180000000000
10	-0.0470000000000000
10.0200000000000	0.397520000000000
10.0400000000000	0.967070000000000
10.0600000000000	1.14567000000000
10.0800000000000	0.924710000000000
10.1000000000000	0.574720000000000
10.1200000000000	0.0564800000000000
10.1400000000000	-0.465680000000000
10.1600000000000	-0.584300000000000
10.1800000000000	-0.138490000000000
10.2000000000000	0.481580000000000
10.2200000000000	0.852830000000000
10.2400000000000	0.646250000000000
10.2600000000000	0.253320000000000
10.2800000000000	-0.107040000000000
10.3000000000000	-0.417210000000000
10.3200000000000	-0.430900000000000
10.3400000000000	-0.181240000000000
10.3600000000000	-0.320540000000000
10.3800000000000	-0.689650000000000
10.4000000000000	-0.758190000000000
10.4200000000000	-0.614290000000000
10.4400000000000	-0.317960000000000
10.4600000000000	0.0835700000000000
10.4800000000000	0.165860000000000
10.5000000000000	-0.239110000000000
10.5200000000000	-0.487710000000000
10.5400000000000	-0.232670000000000
10.5600000000000	0.296780000000000
10.5800000000000	0.487270000000000
10.6000000000000	0.244020000000000
10.6200000000000	0.128220000000000
10.6400000000000	0.234690000000000
10.6600000000000	0.233520000000000
10.6800000000000	-0.0687300000000000
10.7000000000000	-0.598480000000000
10.7200000000000	-0.912540000000000
10.7400000000000	-0.885850000000000
10.7600000000000	-0.648050000000000
10.7800000000000	-0.299190000000000
10.8000000000000	-0.131870000000000
10.8200000000000	0.0949000000000000
10.8400000000000	0.0681700000000000
10.8600000000000	-0.262730000000000
10.8800000000000	-0.223810000000000
10.9000000000000	0.235940000000000
10.9200000000000	0.520660000000000
10.9400000000000	0.493030000000000
10.9600000000000	0.417860000000000
10.9800000000000	0.464560000000000
11	0.707320000000000
11.0200000000000	0.686930000000000
11.0400000000000	0.351060000000000
11.0600000000000	0.285500000000000
11.0800000000000	0.406560000000000
11.1000000000000	0.340050000000000
11.1200000000000	0.218320000000000
11.1400000000000	0.0823500000000000
11.1600000000000	0.0344500000000000
11.1800000000000	-0.00218000000000000
11.2000000000000	-0.0435300000000000
11.2200000000000	0.0734900000000000
11.2400000000000	0.348680000000000
11.2600000000000	0.660770000000000
11.2800000000000	0.911370000000000
11.3000000000000	1.07757000000000
11.3200000000000	1.18946000000000
11.3400000000000	1.15475000000000
11.3600000000000	0.822070000000000
11.3800000000000	0.303710000000000
11.4000000000000	-0.0237300000000000
11.4200000000000	-0.246560000000000
11.4400000000000	-0.436770000000000
11.4600000000000	-0.457350000000000
11.4800000000000	-0.455710000000000
11.5000000000000	-0.364350000000000
11.5200000000000	-0.0501600000000000
11.5400000000000	0.366760000000000
11.5600000000000	0.575450000000000
11.5800000000000	0.575970000000000
11.6000000000000	0.604420000000000
11.6200000000000	0.714550000000000
11.6400000000000	0.716800000000000
11.6600000000000	0.467840000000000
11.6800000000000	0.313820000000000
11.7000000000000	0.321700000000000
11.7200000000000	0.260240000000000
11.7400000000000	0.277120000000000
11.7600000000000	0.388140000000000
11.7800000000000	0.641350000000000
11.8000000000000	0.709550000000000
11.8200000000000	0.493840000000000
11.8400000000000	0.500540000000000
11.8600000000000	0.768980000000000
11.8800000000000	0.986670000000000
11.9000000000000	0.927490000000000
11.9200000000000	0.522830000000000
11.9400000000000	0.220680000000000
11.9600000000000	0.298260000000000
11.9800000000000	0.259700000000000
12	0.0937800000000000
12.0200000000000	-0.00511000000000000
12.0400000000000	-0.264360000000000
12.0600000000000	-0.611350000000000
12.0800000000000	-0.751570000000000
12.1000000000000	-0.636950000000000
12.1200000000000	-0.360050000000000
12.1400000000000	-0.0948300000000000
12.1600000000000	-0.194520000000000
12.1800000000000	-0.588690000000000
12.2000000000000	-0.585220000000000
12.2200000000000	-0.0856100000000000
12.2400000000000	0.405280000000000
12.2600000000000	0.623530000000000
12.2800000000000	0.522370000000000
12.3000000000000	0.127400000000000
12.3200000000000	-0.334910000000000
12.3400000000000	-0.624000000000000
12.3600000000000	-0.640880000000000
12.3800000000000	-0.428910000000000
12.4000000000000	-0.233200000000000
12.4200000000000	-0.166100000000000
12.4400000000000	-0.101400000000000
12.4600000000000	-0.358450000000000
12.4800000000000	-0.751220000000000
12.5000000000000	-0.651470000000000
12.5200000000000	-0.182540000000000
12.5400000000000	0.264910000000000
12.5600000000000	0.479870000000000
12.5800000000000	0.343850000000000
12.6000000000000	0.131860000000000
12.6200000000000	0.0595900000000000
12.6400000000000	0.140590000000000
12.6600000000000	0.00475000000000000
12.6800000000000	-0.313860000000000
12.7000000000000	-0.575090000000000
12.7200000000000	-0.638830000000000
12.7400000000000	-0.471050000000000
12.7600000000000	-0.309650000000000
12.7800000000000	-0.332160000000000
12.8000000000000	-0.416780000000000
12.8200000000000	-0.580890000000000
12.8400000000000	-0.732580000000000
12.8600000000000	-0.802060000000000
12.8800000000000	-0.838640000000000
12.9000000000000	-0.873900000000000
12.9200000000000	-0.829000000000000
12.9400000000000	-0.659580000000000
12.9600000000000	-0.463450000000000
12.9800000000000	-0.334030000000000
13	-0.218790000000000
13.0200000000000	-0.000420000000000000
13.0400000000000	0.0175200000000000
13.0600000000000	-0.217630000000000
13.0800000000000	-0.529900000000000
13.1000000000000	-0.694190000000000
13.1200000000000	-0.653780000000000
13.1400000000000	-0.624390000000000
13.1600000000000	-0.633340000000000
13.1800000000000	-0.566280000000000
13.2000000000000	-0.423350000000000
13.2200000000000	-0.211280000000000
13.2400000000000	-0.0830600000000000
13.2600000000000	-0.161750000000000
13.2800000000000	-0.312080000000000
13.3000000000000	-0.363360000000000
13.3200000000000	-0.313870000000000
13.3400000000000	-0.225650000000000
13.3600000000000	-0.0404000000000000
13.3800000000000	0.216780000000000
13.4000000000000	0.385550000000000
13.4200000000000	0.486150000000000
13.4400000000000	0.591290000000000
13.4600000000000	0.598860000000000
13.4800000000000	0.329150000000000
13.5000000000000	-0.00271000000000000
13.5200000000000	-0.172490000000000
13.5400000000000	-0.273690000000000
13.5600000000000	-0.346790000000000
13.5800000000000	-0.352000000000000
13.6000000000000	-0.305720000000000
13.6200000000000	-0.221140000000000
13.6400000000000	-0.160100000000000
13.6600000000000	-0.167420000000000
13.6800000000000	-0.293050000000000
13.7000000000000	-0.381450000000000
13.7200000000000	-0.366400000000000
13.7400000000000	-0.256170000000000
13.7600000000000	-0.120450000000000
13.7800000000000	0.0105900000000000
13.8000000000000	0.131880000000000
13.8200000000000	0.246400000000000
13.8400000000000	0.246700000000000
13.8600000000000	0.168420000000000
13.8800000000000	0.0469900000000000
13.9000000000000	-0.0432200000000000
13.9200000000000	-0.113870000000000
13.9400000000000	-0.219520000000000
13.9600000000000	-0.433580000000000
13.9800000000000	-0.579590000000000
14	-0.580090000000000
14.0200000000000	-0.498550000000000
14.0400000000000	-0.403110000000000
14.0600000000000	-0.310730000000000
14.0800000000000	-0.235090000000000
14.1000000000000	-0.144240000000000
14.1200000000000	-0.0796200000000000
14.1400000000000	-0.0621000000000000
14.1600000000000	-0.0229600000000000
14.1800000000000	-0.0501700000000000
14.2000000000000	-0.204640000000000
14.2200000000000	-0.355080000000000
14.2400000000000	-0.297500000000000
14.2600000000000	-0.113810000000000
14.2800000000000	0.00774000000000000
14.3000000000000	0.00767000000000000
14.3200000000000	-0.0286600000000000
14.3400000000000	-0.102640000000000
14.3600000000000	-0.190590000000000
14.3800000000000	-0.342810000000000
14.4000000000000	-0.479260000000000
14.4200000000000	-0.494050000000000
14.4400000000000	-0.345600000000000
14.4600000000000	-0.0566900000000000
14.4800000000000	0.296010000000000
14.5000000000000	0.507910000000000
14.5200000000000	0.590950000000000
14.5400000000000	0.667820000000000
14.5600000000000	0.748280000000000
14.5800000000000	0.843320000000000
14.6000000000000	0.859150000000000
14.6200000000000	0.822720000000000
14.6400000000000	0.906260000000000
14.6600000000000	0.991960000000000
14.6800000000000	0.965970000000000
14.7000000000000	0.916910000000000
14.7200000000000	0.795710000000000
14.7400000000000	0.629670000000000
14.7600000000000	0.585490000000000
14.7800000000000	0.655580000000000
14.8000000000000	0.705100000000000
14.8200000000000	0.681160000000000
14.8400000000000	0.541390000000000
14.8600000000000	0.357000000000000
14.8800000000000	0.194520000000000
14.9000000000000	0.117680000000000
14.9200000000000	0.167660000000000
14.9400000000000	0.235210000000000
14.9600000000000	0.306730000000000
14.9800000000000	0.442140000000000
15	0.558050000000000
15.0200000000000	0.537710000000000
15.0400000000000	0.425420000000000
15.0600000000000	0.376130000000000
15.0800000000000	0.428350000000000
15.1000000000000	0.514430000000000
15.1200000000000	0.557630000000000
15.1400000000000	0.536660000000000
15.1600000000000	0.521390000000000
15.1800000000000	0.555820000000000
15.2000000000000	0.573230000000000
15.2200000000000	0.527950000000000
15.2400000000000	0.425040000000000
15.2600000000000	0.383170000000000
15.2800000000000	0.396610000000000
15.3000000000000	0.348800000000000
15.3200000000000	0.293790000000000
15.3400000000000	0.239520000000000
15.3600000000000	0.191790000000000
15.3800000000000	0.159490000000000
15.4000000000000	0.161200000000000
15.4200000000000	0.181180000000000
15.4400000000000	0.214120000000000
15.4600000000000	0.248280000000000
15.4800000000000	0.240080000000000
15.5000000000000	0.151970000000000
15.5200000000000	0.00919000000000000
15.5400000000000	-0.186150000000000
15.5600000000000	-0.308450000000000
15.5800000000000	-0.347280000000000
15.6000000000000	-0.320850000000000
15.6200000000000	-0.248500000000000
15.6400000000000	-0.148930000000000
15.6600000000000	-0.113810000000000
15.6800000000000	-0.109780000000000
15.7000000000000	-0.0892700000000000
15.7200000000000	-0.00621000000000000
15.7400000000000	0.0550900000000000
15.7600000000000	0.0244800000000000
15.7800000000000	-0.0689500000000000
15.8000000000000	-0.222610000000000
15.8200000000000	-0.361460000000000
15.8400000000000	-0.423960000000000
15.8600000000000	-0.405190000000000
15.8800000000000	-0.339470000000000
15.9000000000000	-0.249280000000000
15.9200000000000	-0.206690000000000
15.9400000000000	-0.250680000000000
15.9600000000000	-0.245920000000000
15.9800000000000	-0.152860000000000
16	-0.104920000000000
16.0200000000000	-0.108530000000000
16.0400000000000	-0.168060000000000
16.0600000000000	-0.344010000000000
16.0800000000000	-0.449740000000000
16.1000000000000	-0.373560000000000
16.1200000000000	-0.211470000000000
16.1400000000000	-0.0799800000000000
16.1600000000000	-0.0341900000000000
16.1800000000000	-0.0442700000000000
16.2000000000000	-0.0529800000000000
16.2200000000000	-0.162320000000000
16.2400000000000	-0.338590000000000
16.2600000000000	-0.437080000000000
16.2800000000000	-0.472550000000000
16.3000000000000	-0.503410000000000
16.3200000000000	-0.526030000000000
16.3400000000000	-0.521300000000000
16.3600000000000	-0.486880000000000
16.3800000000000	-0.453020000000000
16.4000000000000	-0.448700000000000
16.4200000000000	-0.421130000000000
16.4400000000000	-0.363910000000000
16.4600000000000	-0.294320000000000
16.4800000000000	-0.136060000000000
16.5000000000000	-0.00478000000000000
16.5200000000000	0.0448900000000000
16.5400000000000	0.0658700000000000
16.5600000000000	0.0313100000000000
16.5800000000000	-0.0188500000000000
16.6000000000000	-0.0456500000000000
16.6200000000000	-0.0443400000000000
16.6400000000000	-0.0258100000000000
16.6600000000000	-0.00374000000000000
16.6800000000000	0.0236400000000000
16.7000000000000	0.0901400000000000
16.7200000000000	0.0988500000000000
16.7400000000000	0.0379200000000000
16.7600000000000	-0.0113800000000000
16.7800000000000	-0.0590000000000000
16.8000000000000	-0.0722800000000000
16.8200000000000	-0.0584100000000000
16.8400000000000	-0.0407000000000000
16.8600000000000	-0.101560000000000
16.8800000000000	-0.152300000000000
16.9000000000000	-0.163360000000000
16.9200000000000	-0.210310000000000
16.9400000000000	-0.221410000000000
16.9600000000000	-0.225840000000000
16.9800000000000	-0.236460000000000
17	-0.164900000000000
17.0200000000000	-0.0761700000000000
17.0400000000000	-0.0860800000000000
17.0600000000000	-0.194250000000000
17.0800000000000	-0.362960000000000
17.1000000000000	-0.481490000000000
17.1200000000000	-0.511790000000000
17.1400000000000	-0.394000000000000
17.1600000000000	-0.279130000000000
17.1800000000000	-0.247540000000000
17.2000000000000	-0.276510000000000
17.2200000000000	-0.325600000000000
17.2400000000000	-0.332170000000000
17.2600000000000	-0.313010000000000
17.2800000000000	-0.349610000000000
17.3000000000000	-0.420690000000000
17.3200000000000	-0.423070000000000
17.3400000000000	-0.327110000000000
17.3600000000000	-0.266060000000000
17.3800000000000	-0.210490000000000
17.4000000000000	-0.111590000000000
17.4200000000000	0.00890000000000000
17.4400000000000	0.0125400000000000
17.4600000000000	-0.0717400000000000
17.4800000000000	-0.183670000000000
17.5000000000000	-0.264920000000000
17.5200000000000	-0.269440000000000
17.5400000000000	-0.184880000000000
17.5600000000000	-0.124010000000000
17.5800000000000	-0.124760000000000
17.6000000000000	-0.125860000000000
17.6200000000000	-0.0542600000000000
17.6400000000000	0.128930000000000
17.6600000000000	0.313220000000000
17.6800000000000	0.294520000000000
17.7000000000000	0.203740000000000
17.7200000000000	0.130820000000000
17.7400000000000	0.116740000000000
17.7600000000000	0.112400000000000
17.7800000000000	0.104730000000000
17.8000000000000	0.0348100000000000
17.8200000000000	-0.0634800000000000
17.8400000000000	-0.108520000000000
17.8600000000000	-0.135570000000000
17.8800000000000	-0.0914600000000000
17.9000000000000	0.0418100000000000
17.9200000000000	0.231550000000000
17.9400000000000	0.399630000000000
17.9600000000000	0.457200000000000
17.9800000000000	0.420690000000000
18	0.353630000000000
18.0200000000000	0.376930000000000
18.0400000000000	0.479010000000000
18.0600000000000	0.524990000000000
18.0800000000000	0.531820000000000
18.1000000000000	0.480360000000000
18.1200000000000	0.448180000000000
18.1400000000000	0.469350000000000
18.1600000000000	0.502780000000000
18.1800000000000	0.556340000000000
18.2000000000000	0.644970000000000
18.2200000000000	0.710170000000000
18.2400000000000	0.757660000000000
18.2600000000000	0.790850000000000
18.2800000000000	0.816640000000000
18.3000000000000	0.849190000000000
18.3200000000000	0.870240000000000
18.3400000000000	0.857940000000000
18.3600000000000	0.864700000000000
18.3800000000000	0.816850000000000
18.4000000000000	0.714180000000000
18.4200000000000	0.607280000000000
18.4400000000000	0.498730000000000
18.4600000000000	0.423850000000000
18.4800000000000	0.335600000000000
18.5000000000000	0.199620000000000
18.5200000000000	0.0741000000000000
18.5400000000000	-0.0458400000000000
18.5600000000000	-0.190360000000000
18.5800000000000	-0.266460000000000
18.6000000000000	-0.205890000000000
18.6200000000000	-0.0839500000000000
18.6400000000000	0.0237500000000000
18.6600000000000	0.0546100000000000
18.6800000000000	0.0229300000000000
18.7000000000000	-0.0409400000000000
18.7200000000000	-0.0943700000000000
18.7400000000000	-0.0882900000000000
18.7600000000000	-0.0273900000000000
18.7800000000000	0.000560000000000000
18.8000000000000	-0.0362200000000000
18.8200000000000	-0.108270000000000
18.8400000000000	-0.146500000000000
18.8600000000000	-0.135760000000000
18.8800000000000	-0.174360000000000
18.9000000000000	-0.241560000000000
18.9200000000000	-0.261110000000000
18.9400000000000	-0.290680000000000
18.9600000000000	-0.340530000000000
18.9800000000000	-0.440790000000000
19	-0.537340000000000
19.0200000000000	-0.537240000000000
19.0400000000000	-0.475910000000000
19.0600000000000	-0.445400000000000
19.0800000000000	-0.468350000000000
19.1000000000000	-0.519270000000000
19.1200000000000	-0.603030000000000
19.1400000000000	-0.682360000000000
19.1600000000000	-0.714330000000000
19.1800000000000	-0.654200000000000
19.2000000000000	-0.538840000000000
19.2200000000000	-0.392860000000000
19.2400000000000	-0.255960000000000
19.2600000000000	-0.216060000000000
19.2800000000000	-0.281370000000000
19.3000000000000	-0.313130000000000
19.3200000000000	-0.294780000000000
19.3400000000000	-0.287990000000000
19.3600000000000	-0.324650000000000
19.3800000000000	-0.385830000000000
19.4000000000000	-0.438330000000000
19.4200000000000	-0.483360000000000
19.4400000000000	-0.492630000000000
19.4600000000000	-0.459000000000000
19.4800000000000	-0.402530000000000
19.5000000000000	-0.295290000000000
19.5200000000000	-0.127140000000000
19.5400000000000	0.0498300000000000
19.5600000000000	0.0788300000000000
19.5800000000000	-0.0528300000000000
19.6000000000000	-0.236960000000000
19.6200000000000	-0.370260000000000
19.6400000000000	-0.334230000000000
19.6600000000000	-0.195840000000000
19.6800000000000	-0.0320400000000000
19.7000000000000	0.137780000000000
19.7200000000000	0.271260000000000
19.7400000000000	0.353890000000000
19.7600000000000	0.380890000000000
19.7800000000000	0.351510000000000
19.8000000000000	0.315650000000000
19.8200000000000	0.342400000000000
19.8400000000000	0.390700000000000
19.8600000000000	0.416400000000000
19.8800000000000	0.416420000000000
19.9000000000000	0.371660000000000
19.9200000000000	0.366740000000000
19.9400000000000	0.445270000000000
19.9600000000000	0.484720000000000
19.9800000000000	0.474380000000000
20	0.455260000000000
20.0200000000000	0.406530000000000
20.0400000000000	0.373130000000000
20.0600000000000	0.387590000000000
20.0800000000000	0.419970000000000
20.1000000000000	0.460400000000000
20.1200000000000	0.518770000000000
20.1400000000000	0.594100000000000
20.1600000000000	0.671390000000000
20.1800000000000	0.693810000000000
20.2000000000000	0.638740000000000
20.2200000000000	0.551790000000000
20.2400000000000	0.486020000000000
20.2600000000000	0.492620000000000
20.2800000000000	0.557110000000000
20.3000000000000	0.619990000000000
20.3200000000000	0.670340000000000
20.3400000000000	0.670210000000000
20.3600000000000	0.603240000000000
20.3800000000000	0.469970000000000
20.4000000000000	0.365570000000000
20.4200000000000	0.340690000000000
20.4400000000000	0.323130000000000
20.4600000000000	0.279170000000000
20.4800000000000	0.204860000000000
20.5000000000000	0.127040000000000
20.5200000000000	0.0665400000000000
20.5400000000000	0.0157000000000000
20.5600000000000	-0.0563300000000000
20.5800000000000	-0.180950000000000
20.6000000000000	-0.329880000000000
20.6200000000000	-0.442030000000000
20.6400000000000	-0.506530000000000
20.6600000000000	-0.522020000000000
20.6800000000000	-0.509840000000000
20.7000000000000	-0.498890000000000
20.7200000000000	-0.527580000000000
20.7400000000000	-0.559230000000000
20.7600000000000	-0.555470000000000
20.7800000000000	-0.534010000000000
20.8000000000000	-0.503340000000000
20.8200000000000	-0.490920000000000
20.8400000000000	-0.499980000000000
20.8600000000000	-0.481970000000000
20.8800000000000	-0.461330000000000
20.9000000000000	-0.459810000000000
20.9200000000000	-0.489400000000000
20.9400000000000	-0.501720000000000
20.9600000000000	-0.482640000000000
20.9800000000000	-0.485660000000000
21	-0.559270000000000
21.0200000000000	-0.676690000000000
21.0400000000000	-0.708180000000000
21.0600000000000	-0.594300000000000
21.0800000000000	-0.495610000000000
21.1000000000000	-0.456940000000000
21.1200000000000	-0.404350000000000
21.1400000000000	-0.317180000000000
21.1600000000000	-0.235130000000000
21.1800000000000	-0.204860000000000
21.2000000000000	-0.236460000000000
21.2200000000000	-0.294850000000000
21.2400000000000	-0.282530000000000
21.2600000000000	-0.189860000000000
21.2800000000000	-0.108350000000000
21.3000000000000	-0.0697800000000000
21.3200000000000	-0.00474000000000000
21.3400000000000	0.0142500000000000
21.3600000000000	0.00682000000000000
21.3800000000000	0.0141600000000000
21.4000000000000	0.0590900000000000
21.4200000000000	0.0937900000000000
21.4400000000000	0.0571800000000000
21.4600000000000	-0.0331500000000000
21.4800000000000	-0.0826100000000000
21.5000000000000	-0.0709100000000000
21.5200000000000	-0.0229900000000000
21.5400000000000	0.0274900000000000
21.5600000000000	0.0267800000000000
21.5800000000000	0.0643700000000000
21.6000000000000	0.218880000000000
21.6200000000000	0.328280000000000
21.6400000000000	0.323090000000000
21.6600000000000	0.276960000000000
21.6800000000000	0.254180000000000
21.7000000000000	0.222230000000000
21.7200000000000	0.133040000000000
21.7400000000000	0.0528700000000000
21.7600000000000	0.0278100000000000
21.7800000000000	0.0494300000000000
21.8000000000000	0.0257500000000000
21.8200000000000	-0.0577600000000000
21.8400000000000	-0.160950000000000
21.8600000000000	-0.216350000000000
21.8800000000000	-0.178020000000000
21.9000000000000	-0.0963600000000000
21.9200000000000	0.00102000000000000
21.9400000000000	0.0884100000000000
21.9600000000000	0.143160000000000
21.9800000000000	0.173390000000000
22	0.171490000000000
22.0200000000000	0.139590000000000
22.0400000000000	0.0925500000000000
22.0600000000000	0.0842500000000000
22.0800000000000	0.0933100000000000
22.1000000000000	0.0619900000000000
22.1200000000000	0.0114900000000000
22.1400000000000	-0.00566000000000000
22.1600000000000	0.0318300000000000
22.1800000000000	0.0966900000000000
22.2000000000000	0.144000000000000
22.2200000000000	0.144200000000000
22.2400000000000	0.122690000000000
22.2600000000000	0.139860000000000
22.2800000000000	0.156670000000000
22.3000000000000	0.162450000000000
22.3200000000000	0.233000000000000
22.3400000000000	0.332640000000000
22.3600000000000	0.377370000000000
22.3800000000000	0.356270000000000
22.4000000000000	0.288160000000000
22.4200000000000	0.149000000000000
22.4400000000000	0.00232000000000000
22.4600000000000	-0.0356600000000000
22.4800000000000	-0.0268900000000000
22.5000000000000	-0.0334100000000000
22.5200000000000	-0.0451300000000000
22.5400000000000	-0.114270000000000
22.5600000000000	-0.187490000000000
22.5800000000000	-0.197910000000000
22.6000000000000	-0.190090000000000
22.6200000000000	-0.181150000000000
22.6400000000000	-0.176100000000000
22.6600000000000	-0.221910000000000
22.6800000000000	-0.288220000000000
22.7000000000000	-0.376920000000000
22.7200000000000	-0.404900000000000
22.7400000000000	-0.312760000000000
22.7600000000000	-0.174390000000000
22.7800000000000	-0.0525300000000000
22.8000000000000	0.0110300000000000
22.8200000000000	-0.00207000000000000
22.8400000000000	-0.0286500000000000
22.8600000000000	-0.0299700000000000
22.8800000000000	-0.00752000000000000
22.9000000000000	0.0139400000000000
22.9200000000000	0.0899300000000000
22.9400000000000	0.225340000000000
22.9600000000000	0.328370000000000
22.9800000000000	0.414180000000000
23	0.456720000000000
23.0200000000000	0.425060000000000
23.0400000000000	0.386270000000000
23.0600000000000	0.400460000000000
23.0800000000000	0.429260000000000
23.1000000000000	0.446860000000000
23.1200000000000	0.427040000000000
23.1400000000000	0.393960000000000
23.1600000000000	0.410420000000000
23.1800000000000	0.440100000000000
23.2000000000000	0.416920000000000
23.2200000000000	0.351160000000000
23.2400000000000	0.288280000000000
23.2600000000000	0.223230000000000
23.2800000000000	0.141660000000000
23.3000000000000	0.0806400000000000
23.3200000000000	0.0352400000000000
23.3400000000000	0.0347000000000000
23.3600000000000	0.0630200000000000
23.3800000000000	0.0601800000000000
23.4000000000000	0.0451800000000000
23.4200000000000	0.0485700000000000
23.4400000000000	0.0675700000000000
23.4600000000000	0.0751600000000000
23.4800000000000	0.0424800000000000
23.5000000000000	-0.0415500000000000
23.5200000000000	-0.111980000000000
23.5400000000000	-0.136420000000000
23.5600000000000	-0.171750000000000
23.5800000000000	-0.225880000000000
23.6000000000000	-0.290310000000000
23.6200000000000	-0.321000000000000
23.6400000000000	-0.320550000000000
23.6600000000000	-0.314860000000000
23.6800000000000	-0.278680000000000
23.7000000000000	-0.212340000000000
23.7200000000000	-0.189120000000000
23.7400000000000	-0.216230000000000
23.7600000000000	-0.224480000000000
23.7800000000000	-0.156870000000000
23.8000000000000	-0.0648100000000000
23.8200000000000	-0.00831000000000000
23.8400000000000	0.00619000000000000
23.8600000000000	0.0252500000000000
23.8800000000000	0.0648500000000000
23.9000000000000	0.0800000000000000
23.9200000000000	0.0297200000000000
23.9400000000000	-0.0425000000000000
23.9600000000000	-0.112120000000000
23.9800000000000	-0.148340000000000
24	-0.198830000000000
24.0200000000000	-0.239630000000000
24.0400000000000	-0.270430000000000
24.0600000000000	-0.288850000000000
24.0800000000000	-0.262650000000000
24.1000000000000	-0.215140000000000
24.1200000000000	-0.235800000000000
24.1400000000000	-0.295780000000000
24.1600000000000	-0.347630000000000
24.1800000000000	-0.381300000000000
24.2000000000000	-0.316910000000000
24.2200000000000	-0.200040000000000
24.2400000000000	-0.137500000000000
24.2600000000000	-0.101800000000000
24.2800000000000	-0.0897700000000000
24.3000000000000	-0.0719700000000000
24.3200000000000	-0.0584300000000000
24.3400000000000	-0.0148400000000000
24.3600000000000	0.0565600000000000
24.3800000000000	0.124330000000000
24.4000000000000	0.186320000000000
24.4200000000000	0.198960000000000
24.4400000000000	0.144830000000000
24.4600000000000	0.0827800000000000
24.4800000000000	0.0473800000000000
24.5000000000000	0.0224900000000000
24.5200000000000	0.0262300000000000
24.5400000000000	0.0562000000000000
24.5600000000000	0.111400000000000
24.5800000000000	0.166770000000000
24.6000000000000	0.151770000000000
24.6200000000000	0.0840700000000000
24.6400000000000	0.0181500000000000
24.6600000000000	-0.00584000000000000
24.6800000000000	-0.0128700000000000
24.7000000000000	-0.0298100000000000
24.7200000000000	-0.0281200000000000
24.7400000000000	0.0124000000000000
24.7600000000000	0.0457800000000000
24.7800000000000	0.0409200000000000
24.8000000000000	0.0249100000000000
24.8200000000000	0.0436300000000000
24.8400000000000	0.0729000000000000
24.8600000000000	0.119300000000000
24.8800000000000	0.122810000000000
24.9000000000000	0.0822200000000000
24.9200000000000	0.0703300000000000
24.9400000000000	0.120110000000000
24.9600000000000	0.195020000000000
24.9800000000000	0.262480000000000
25	0.301840000000000
25.0200000000000	0.319520000000000
25.0400000000000	0.332750000000000
25.0600000000000	0.333990000000000
25.0800000000000	0.320120000000000
25.1000000000000	0.296380000000000
25.1200000000000	0.275040000000000
25.1400000000000	0.241690000000000
25.1600000000000	0.189480000000000
25.1800000000000	0.163240000000000
25.2000000000000	0.197360000000000
25.2200000000000	0.248600000000000
25.2400000000000	0.249330000000000
25.2600000000000	0.191380000000000
25.2800000000000	0.0917700000000000
25.3000000000000	-0.0129900000000000
25.3200000000000	-0.0794800000000000
25.3400000000000	-0.101370000000000
25.3600000000000	-0.111260000000000
25.3800000000000	-0.119030000000000
25.4000000000000	-0.134960000000000
25.4200000000000	-0.149730000000000
25.4400000000000	-0.138030000000000
25.4600000000000	-0.100730000000000
25.4800000000000	-0.0483700000000000
25.5000000000000	-0.0213300000000000
25.5200000000000	-0.0367700000000000
25.5400000000000	-0.0587800000000000
25.5600000000000	-0.0674000000000000
25.5800000000000	-0.0406400000000000
25.6000000000000	0.0286700000000000
25.6200000000000	0.0591500000000000
25.6400000000000	0.0483800000000000
25.6600000000000	0.0243600000000000
25.6800000000000	-0.00440000000000000
25.7000000000000	-0.00859000000000000
25.7200000000000	0.0129900000000000
25.7400000000000	0.0397500000000000
25.7600000000000	0.0478700000000000
25.7800000000000	0.0381800000000000
25.8000000000000	0.0307100000000000
25.8200000000000	0.0223300000000000
25.8400000000000	0.00638000000000000
25.8600000000000	-0.000870000000000000
25.8800000000000	-0.0388400000000000
25.9000000000000	-0.110170000000000
25.9200000000000	-0.176190000000000
25.9400000000000	-0.217280000000000
25.9600000000000	-0.229780000000000
25.9800000000000	-0.199470000000000
26	-0.159380000000000
26.0200000000000	-0.131190000000000
26.0400000000000	-0.111610000000000
26.0600000000000	-0.0933900000000000
26.0800000000000	-0.0760800000000000
26.1000000000000	-0.0658000000000000
26.1200000000000	-0.0933300000000000
26.1400000000000	-0.163000000000000
26.1600000000000	-0.211680000000000
26.1800000000000	-0.153000000000000
26.2000000000000	-0.0402500000000000
26.2200000000000	0.0336700000000000
26.2400000000000	0.0730100000000000
26.2600000000000	0.0721800000000000
26.2800000000000	0.0527300000000000
26.3000000000000	0.0342400000000000
26.3200000000000	0.0329100000000000
26.3400000000000	0.0750400000000000
26.3600000000000	0.114860000000000
26.3800000000000	0.115390000000000
26.4000000000000	0.0955600000000000
26.4200000000000	0.0738700000000000
26.4400000000000	0.0731800000000000
26.4600000000000	0.0529000000000000
26.4800000000000	-0.00842000000000000
26.5000000000000	-0.0666000000000000
26.5200000000000	-0.0861600000000000
26.5400000000000	-0.122580000000000
26.5600000000000	-0.135290000000000
26.5800000000000	-0.103200000000000
26.6000000000000	-0.116810000000000
26.6200000000000	-0.149800000000000
26.6400000000000	-0.179740000000000
26.6600000000000	-0.212460000000000
26.6800000000000	-0.239410000000000
26.7000000000000	-0.242970000000000
26.7200000000000	-0.233170000000000
26.7400000000000	-0.218450000000000
26.7600000000000	-0.195210000000000
26.7800000000000	-0.175770000000000
26.8000000000000	-0.188460000000000
26.8200000000000	-0.217820000000000
26.8400000000000	-0.233970000000000
26.8600000000000	-0.212060000000000
26.8800000000000	-0.177740000000000
26.9000000000000	-0.150390000000000
26.9200000000000	-0.140550000000000
26.9400000000000	-0.133530000000000
26.9600000000000	-0.128490000000000
26.9800000000000	-0.131810000000000
27	-0.160330000000000
27.0200000000000	-0.194510000000000
27.0400000000000	-0.203270000000000
27.0600000000000	-0.172350000000000
27.0800000000000	-0.114890000000000
27.1000000000000	-0.0528800000000000
27.1200000000000	0.0100000000000000
27.1400000000000	0.0584400000000000
27.1600000000000	0.0604400000000000
27.1800000000000	0.0372100000000000
27.2000000000000	0.0154500000000000
27.2200000000000	-0.00974000000000000
27.2400000000000	-0.0210800000000000
27.2600000000000	-0.00229000000000000
27.2800000000000	0.0349600000000000
27.3000000000000	0.0707600000000000
27.3200000000000	0.0953100000000000
27.3400000000000	0.0923400000000000
27.3600000000000	0.0881200000000000
27.3800000000000	0.0844400000000000
27.4000000000000	0.0695700000000000
27.4200000000000	0.0172300000000000
27.4400000000000	-0.0527700000000000
27.4600000000000	-0.0839400000000000
27.4800000000000	-0.0736200000000000
27.5000000000000	-0.0592800000000000
27.5200000000000	-0.0268700000000000
27.5400000000000	0.0138900000000000
27.5600000000000	0.0243800000000000
27.5800000000000	0.0422900000000000
27.6000000000000	0.0851700000000000
27.6200000000000	0.109870000000000
27.6400000000000	0.105900000000000
27.6600000000000	0.0767200000000000
27.6800000000000	0.0268500000000000
27.7000000000000	-0.0159400000000000
27.7200000000000	-0.0459600000000000
27.7400000000000	-0.0236800000000000
27.7600000000000	0.0353300000000000
27.7800000000000	0.0811900000000000
27.8000000000000	0.0947700000000000
27.8200000000000	0.0792500000000000
27.8400000000000	0.0270300000000000
27.8600000000000	-0.00720000000000000
27.8800000000000	0.00720000000000000
27.9000000000000	0.0282700000000000
27.9200000000000	0.00799000000000000
27.9400000000000	-0.0313100000000000
27.9600000000000	-0.0540900000000000
27.9800000000000	-0.0266900000000000
28	0.0304300000000000
28.0200000000000	0.0787100000000000
28.0400000000000	0.122530000000000
28.0600000000000	0.164010000000000
28.0800000000000	0.179570000000000
28.1000000000000	0.180560000000000
28.1200000000000	0.203400000000000
28.1400000000000	0.226770000000000
28.1600000000000	0.209720000000000
28.1800000000000	0.158260000000000
28.2000000000000	0.142010000000000
28.2200000000000	0.139370000000000
28.2400000000000	0.157590000000000
28.2600000000000	0.174430000000000
28.2800000000000	0.181870000000000
28.3000000000000	0.191430000000000
28.3200000000000	0.194400000000000
28.3400000000000	0.177070000000000
28.3600000000000	0.162730000000000
28.3800000000000	0.172780000000000
28.4000000000000	0.211530000000000
28.4200000000000	0.264470000000000
28.4400000000000	0.302080000000000
28.4600000000000	0.313690000000000
28.4800000000000	0.317460000000000
28.5000000000000	0.305700000000000
28.5200000000000	0.307390000000000
28.5400000000000	0.311020000000000
28.5600000000000	0.309380000000000
28.5800000000000	0.295600000000000
28.6000000000000	0.254900000000000
28.6200000000000	0.201800000000000
28.6400000000000	0.164530000000000
28.6600000000000	0.153010000000000
28.6800000000000	0.166360000000000
28.7000000000000	0.196710000000000
28.7200000000000	0.205410000000000
28.7400000000000	0.203890000000000
28.7600000000000	0.163550000000000
28.7800000000000	0.0897600000000000
28.8000000000000	0.0278700000000000
28.8200000000000	-0.0291400000000000
28.8400000000000	-0.0728200000000000
28.8600000000000	-0.110630000000000
28.8800000000000	-0.137390000000000
28.9000000000000	-0.141730000000000
28.9200000000000	-0.139180000000000
28.9400000000000	-0.158810000000000
28.9600000000000	-0.179960000000000
28.9800000000000	-0.185440000000000
29	-0.192360000000000
29.0200000000000	-0.212590000000000
29.0400000000000	-0.224820000000000
29.0600000000000	-0.218160000000000
29.0800000000000	-0.207070000000000
29.1000000000000	-0.199420000000000
29.1200000000000	-0.189320000000000
29.1400000000000	-0.166800000000000
29.1600000000000	-0.142350000000000
29.1800000000000	-0.138920000000000
29.2000000000000	-0.147040000000000
29.2200000000000	-0.135150000000000
29.2400000000000	-0.132660000000000
29.2600000000000	-0.153060000000000
29.2800000000000	-0.178400000000000
29.3000000000000	-0.200110000000000
29.3200000000000	-0.199040000000000
29.3400000000000	-0.193860000000000
29.3600000000000	-0.184520000000000
29.3800000000000	-0.147150000000000
29.4000000000000	-0.0938900000000000
29.4200000000000	-0.0674100000000000
29.4400000000000	-0.0503300000000000
29.4600000000000	-0.00693000000000000
29.4800000000000	0.0588700000000000
29.5000000000000	0.0990000000000000
29.5200000000000	0.0569400000000000
29.5400000000000	-0.0171400000000000
29.5600000000000	-0.0650700000000000
29.5800000000000	-0.0938400000000000
29.6000000000000	-0.0885200000000000
29.6200000000000	-0.0460100000000000
29.6400000000000	0.00921000000000000
29.6600000000000	0.0662100000000000
29.6800000000000	0.0974900000000000
29.7000000000000	0.111000000000000
29.7200000000000	0.115340000000000
29.7400000000000	0.104630000000000
29.7600000000000	0.0982800000000000
29.7800000000000	0.0903800000000000
29.8000000000000	0.0846200000000000
29.8200000000000	0.0775200000000000
29.8400000000000	0.0714400000000000
29.8600000000000	0.0623500000000000
29.8800000000000	0.0430300000000000
29.9000000000000	0.0157800000000000
29.9200000000000	-0.00431000000000000
29.9400000000000	-0.0206500000000000
29.9600000000000	-0.0280100000000000
29.9800000000000	-0.0221700000000000
30	0.00351000000000000
30.0200000000000	0.00592000000000000
30.0400000000000	-0.0194100000000000
30.0600000000000	-0.0593800000000000
30.0800000000000	-0.0923700000000000
30.1000000000000	-0.111080000000000
30.1200000000000	-0.0570400000000000
30.1400000000000	-0.0176700000000000
30.1600000000000	-0.0229600000000000
30.1800000000000	-0.0649200000000000
30.2000000000000	-0.122070000000000
30.2200000000000	-0.154690000000000
30.2400000000000	-0.115790000000000
30.2600000000000	-0.0716900000000000
30.2800000000000	-0.0671200000000000
30.3000000000000	-0.0904500000000000
30.3200000000000	-0.0909700000000000
30.3400000000000	-0.0948300000000000
30.3600000000000	-0.101880000000000
30.3800000000000	-0.0905600000000000
30.4000000000000	-0.0423000000000000
30.4200000000000	-0.0117400000000000
30.4400000000000	-0.0240600000000000
30.4600000000000	-0.0722400000000000
30.4800000000000	-0.101460000000000
30.5000000000000	-0.106310000000000
30.5200000000000	-0.116420000000000
30.5400000000000	-0.149770000000000
30.5600000000000	-0.179090000000000
30.5800000000000	-0.178160000000000
30.6000000000000	-0.169790000000000
30.6200000000000	-0.186550000000000
30.6400000000000	-0.191400000000000
30.6600000000000	-0.191960000000000
30.6800000000000	-0.168470000000000
30.7000000000000	-0.148200000000000
30.7200000000000	-0.114900000000000
30.7400000000000	-0.0996600000000000
30.7600000000000	-0.0958900000000000
30.7800000000000	-0.0805400000000000
30.8000000000000	-0.0614500000000000
30.8200000000000	-0.0496300000000000
30.8400000000000	-0.0388400000000000
30.8600000000000	-0.0675700000000000
30.8800000000000	-0.0446800000000000
30.9000000000000	0.00929000000000000
30.9200000000000	0.0562000000000000
30.9400000000000	0.0910200000000000
30.9600000000000	0.0942600000000000
30.9800000000000	0.0884500000000000
31	0.0936600000000000
31.0200000000000	0.0719300000000000
31.0400000000000	0.0476800000000000
31.0600000000000	0.0401800000000000
31.0800000000000	0.0360200000000000
31.1000000000000	0.0337000000000000
31.1200000000000	0.0747900000000000
31.1400000000000	0.120900000000000
31.1600000000000	0.122540000000000
31.1800000000000	0.111210000000000
31.2000000000000	0.0825600000000000
31.2200000000000	0.0620000000000000
31.2400000000000	0.0659000000000000
31.2600000000000	0.0693000000000000
31.2800000000000	0.100690000000000
31.3000000000000	0.104220000000000
31.3200000000000	0.115020000000000
31.3400000000000	0.125340000000000
31.3600000000000	0.107620000000000
31.3800000000000	0.0747900000000000
31.4000000000000	0.0269300000000000
31.4200000000000	-0.0162200000000000
31.4400000000000	-0.0362700000000000
31.4600000000000	-0.0450100000000000
31.4800000000000	-0.0437900000000000
31.5000000000000	-0.0355100000000000
31.5200000000000	-0.0375800000000000
31.5400000000000	-0.0249900000000000
31.5600000000000	-0.0131700000000000
31.5800000000000	0.0229400000000000
31.6000000000000	0.0710400000000000
31.6200000000000	0.107310000000000
31.6400000000000	0.128850000000000
31.6600000000000	0.141780000000000
31.6800000000000	0.128240000000000
31.7000000000000	0.118440000000000
31.7200000000000	0.103040000000000
31.7400000000000	0.0849100000000000
31.7600000000000	0.0866800000000000
31.7800000000000	0.0711300000000000
31.8000000000000	0.0432200000000000
31.8200000000000	0.0384400000000000
31.8400000000000	0.0534100000000000
31.8600000000000	0.0481200000000000
31.8800000000000	0.0505500000000000
31.9000000000000	0.0336500000000000
31.9200000000000	0.00592000000000000
31.9400000000000	-0.0194900000000000
31.9600000000000	-0.0513700000000000
31.9800000000000	-0.0836400000000000
32	-0.0983400000000000
32.0200000000000	-0.0897700000000000
32.0400000000000	-0.0815800000000000
32.0600000000000	-0.0491600000000000
32.0800000000000	-0.0193600000000000
32.1000000000000	0.00104000000000000
32.1200000000000	0.00301000000000000
32.1400000000000	-0.0238300000000000
32.1600000000000	-0.0481100000000000
32.1800000000000	-0.0480000000000000
32.2000000000000	-0.0473000000000000
32.2200000000000	-0.0541900000000000
32.2400000000000	-0.0508400000000000
32.2600000000000	-0.0267500000000000
32.2800000000000	-0.00788000000000000
32.3000000000000	0.00305000000000000
32.3200000000000	0.0135500000000000
32.3400000000000	0.00472000000000000
32.3600000000000	0.00702000000000000
32.3800000000000	0.0257000000000000
32.4000000000000	0.0416000000000000
32.4200000000000	0.0578900000000000
32.4400000000000	0.0715600000000000
32.4600000000000	0.0790000000000000
32.4800000000000	0.0910300000000000
32.5000000000000	0.116030000000000
32.5200000000000	0.114290000000000
32.5400000000000	0.0882500000000000
32.5600000000000	0.0789200000000000
32.5800000000000	0.0780600000000000
32.6000000000000	0.0663600000000000
32.6200000000000	0.0486900000000000
32.6400000000000	0.0495300000000000
32.6600000000000	0.0564000000000000
32.6800000000000	0.0684600000000000
32.7000000000000	0.0718600000000000
32.7200000000000	0.0736900000000000
32.7400000000000	0.0856900000000000
32.7600000000000	0.0930300000000000
32.7800000000000	0.0871900000000000
32.8000000000000	0.0913900000000000
32.8200000000000	0.0994700000000000
32.8400000000000	0.101690000000000
32.8600000000000	0.102060000000000
32.8800000000000	0.110620000000000
32.9000000000000	0.0933500000000000
32.9200000000000	0.0727200000000000
32.9400000000000	0.0491900000000000
32.9600000000000	0.0451500000000000
32.9800000000000	0.0610700000000000
33	0.0656500000000000
33.0200000000000	0.0779500000000000
33.0400000000000	0.104910000000000
33.0600000000000	0.136920000000000
33.0800000000000	0.156750000000000
33.1000000000000	0.159250000000000
33.1200000000000	0.116960000000000
33.1400000000000	0.0498600000000000
33.1600000000000	-0.00732000000000000
33.1800000000000	-0.0357300000000000
33.2000000000000	-0.0131700000000000
33.2200000000000	0.0178000000000000
33.2400000000000	0.00162000000000000
33.2600000000000	-0.0129100000000000
33.2800000000000	-0.0110800000000000
33.3000000000000	-0.0100400000000000
33.3200000000000	-0.00196000000000000
33.3400000000000	-0.0195800000000000
33.3600000000000	-0.0383100000000000
33.3800000000000	-0.0593100000000000
33.4000000000000	-0.0733600000000000
33.4200000000000	-0.0796600000000000
33.4400000000000	-0.117010000000000
33.4600000000000	-0.151680000000000
33.4800000000000	-0.178820000000000
33.5000000000000	-0.166000000000000
33.5200000000000	-0.160140000000000
33.5400000000000	-0.184530000000000
33.5600000000000	-0.190030000000000
33.5800000000000	-0.168380000000000
33.6000000000000	-0.154310000000000
33.6200000000000	-0.149170000000000
33.6400000000000	-0.120770000000000
33.6600000000000	-0.0531200000000000
33.6800000000000	-0.0114700000000000
33.7000000000000	-0.0257500000000000
33.7200000000000	-0.0749800000000000
33.7400000000000	-0.119650000000000
33.7600000000000	-0.168450000000000
33.7800000000000	-0.221020000000000
33.8000000000000	-0.262720000000000
33.8200000000000	-0.263930000000000
33.8400000000000	-0.263900000000000
33.8600000000000	-0.254370000000000
33.8800000000000	-0.226940000000000
33.9000000000000	-0.167520000000000
33.9200000000000	-0.123080000000000
33.9400000000000	-0.0924000000000000
33.9600000000000	-0.0396900000000000
33.9800000000000	-0.0163800000000000
34	-0.0324200000000000
34.0200000000000	-0.0664800000000000
34.0400000000000	-0.0975400000000000
34.0600000000000	-0.100680000000000
34.0800000000000	-0.0388800000000000
34.1000000000000	0.0339300000000000
34.1200000000000	0.0821900000000000
34.1400000000000	0.0923500000000000
34.1600000000000	0.0555900000000000
34.1800000000000	0.00871000000000000
34.2000000000000	-0.0335400000000000
34.2200000000000	-0.0622800000000000
34.2400000000000	-0.0371400000000000
34.2600000000000	-0.00726000000000000
34.2800000000000	-0.00273000000000000
34.3000000000000	0.0173700000000000
34.3200000000000	0.0460600000000000
34.3400000000000	0.0603100000000000
34.3600000000000	0.0414100000000000
34.3800000000000	0.0418900000000000
34.4000000000000	0.00429000000000000
34.4200000000000	-0.0816500000000000
34.4400000000000	-0.0903000000000000
34.4600000000000	0.00937000000000000
34.4800000000000	0.108700000000000
34.5000000000000	0.153120000000000
34.5200000000000	0.211600000000000
34.5400000000000	0.234200000000000
34.5600000000000	0.194920000000000
34.5800000000000	0.161850000000000
34.6000000000000	0.123730000000000
34.6200000000000	0.0781000000000000
34.6400000000000	0.0382400000000000
34.6600000000000	0.0276600000000000
34.6800000000000	0.0380600000000000
34.7000000000000	0.0546500000000000
34.7200000000000	0.0696700000000000
34.7400000000000	0.0775100000000000
34.7600000000000	0.0857600000000000
34.7800000000000	0.0980800000000000
34.8000000000000	0.114850000000000
34.8200000000000	0.127020000000000
34.8400000000000	0.105910000000000
34.8600000000000	0.0724300000000000
34.8800000000000	0.0592600000000000
34.9000000000000	0.0761000000000000
34.9200000000000	0.0558700000000000
34.9400000000000	0.0208400000000000
34.9600000000000	0.0353000000000000
34.9800000000000	0.0763800000000000
35	0.112370000000000
35.0200000000000	0.124520000000000
35.0400000000000	0.0944500000000000
35.0600000000000	0.0601600000000000
35.0800000000000	0.0456500000000000
35.1000000000000	0.0628600000000000
35.1200000000000	0.0744500000000000
35.1400000000000	0.0748200000000000
35.1600000000000	0.0856400000000000
35.1800000000000	0.109410000000000
35.2000000000000	0.132870000000000
35.2200000000000	0.128920000000000
35.2400000000000	0.0908000000000000
35.2600000000000	0.0522600000000000
35.2800000000000	0.0451800000000000
35.3000000000000	0.0684100000000000
35.3200000000000	0.0740700000000000
35.3400000000000	0.0525100000000000
35.3600000000000	0.0332900000000000
35.3800000000000	0.0587600000000000
35.4000000000000	0.0788000000000000
35.4200000000000	0.0614000000000000
35.4400000000000	0.0319200000000000
35.4600000000000	0.00842000000000000
35.4800000000000	-0.00788000000000000
35.5000000000000	-0.0115600000000000
35.5200000000000	-0.0244200000000000
35.5400000000000	-0.0620100000000000
35.5600000000000	-0.104430000000000
35.5800000000000	-0.157030000000000
35.6000000000000	-0.200240000000000
35.6200000000000	-0.189610000000000
35.6400000000000	-0.126880000000000
35.6600000000000	-0.0892100000000000
35.6800000000000	-0.0712800000000000
35.7000000000000	-0.0448000000000000
35.7200000000000	0.0185900000000000
35.7400000000000	0.0578400000000000
35.7600000000000	0.0405600000000000
35.7800000000000	-0.0418400000000000
35.8000000000000	-0.154670000000000
35.8200000000000	-0.253950000000000
35.8400000000000	-0.300320000000000
35.8600000000000	-0.270770000000000
35.8800000000000	-0.214090000000000
35.9000000000000	-0.173480000000000
35.9200000000000	-0.128310000000000
35.9400000000000	-0.0593300000000000
35.9600000000000	-0.00936000000000000
35.9800000000000	-0.0401700000000000
36	-0.123780000000000
36.0200000000000	-0.170860000000000
36.0400000000000	-0.193600000000000
36.0600000000000	-0.158480000000000
36.0800000000000	-0.0841800000000000
36.1000000000000	-0.0604500000000000
36.1200000000000	-0.118440000000000
36.1400000000000	-0.183960000000000
36.1600000000000	-0.190920000000000
36.1800000000000	-0.101210000000000
36.2000000000000	-0.0149000000000000
36.2200000000000	0.00400000000000000
36.2400000000000	-0.0349700000000000
36.2600000000000	-0.0629400000000000
36.2800000000000	-0.0715700000000000
36.3000000000000	-0.0800800000000000
36.3200000000000	-0.0729900000000000
36.3400000000000	-0.0760400000000000
36.3600000000000	-0.0647100000000000
36.3800000000000	-0.0548400000000000
36.4000000000000	-0.0770200000000000
36.4200000000000	-0.130830000000000
36.4400000000000	-0.168040000000000
36.4600000000000	-0.122900000000000
36.4800000000000	-0.0588900000000000
36.5000000000000	-0.0218200000000000
36.5200000000000	0.00609000000000000
36.5400000000000	0.0422600000000000
36.5600000000000	0.0828400000000000
36.5800000000000	0.0887000000000000
36.6000000000000	0.0490900000000000
36.6200000000000	-0.0147000000000000
36.6400000000000	-0.0358600000000000
36.6600000000000	0.0350300000000000
36.6800000000000	0.125900000000000
36.7000000000000	0.165820000000000
36.7200000000000	0.153660000000000
36.7400000000000	0.100120000000000
36.7600000000000	0.0441500000000000
36.7800000000000	0.00192000000000000
36.8000000000000	0.00929000000000000
36.8200000000000	0.0549100000000000
36.8400000000000	0.0833600000000000
36.8600000000000	0.0914700000000000
36.8800000000000	0.0879000000000000
36.9000000000000	0.101720000000000
36.9200000000000	0.151590000000000
36.9400000000000	0.188770000000000
36.9600000000000	0.195060000000000
36.9800000000000	0.201140000000000
37	0.212510000000000
37.0200000000000	0.177800000000000
37.0400000000000	0.121650000000000
37.0600000000000	0.101420000000000
37.0800000000000	0.0851700000000000
37.1000000000000	0.0498400000000000
37.1200000000000	0.0535700000000000
37.1400000000000	0.0907400000000000
37.1600000000000	0.112390000000000
37.1800000000000	0.0879100000000000
37.2000000000000	0.0590500000000000
37.2200000000000	0.0732400000000000
37.2400000000000	0.129830000000000
37.2600000000000	0.178360000000000
37.2800000000000	0.153200000000000
37.3000000000000	0.0794200000000000
37.3200000000000	0.0282200000000000
37.3400000000000	0.0371600000000000
37.3600000000000	0.0744400000000000
37.3800000000000	0.120060000000000
37.4000000000000	0.140390000000000
37.4200000000000	0.128490000000000
37.4400000000000	0.0911500000000000
37.4600000000000	0.0504300000000000
37.4800000000000	0.0392200000000000
37.5000000000000	0.0551900000000000
37.5200000000000	0.0754200000000000
37.5400000000000	0.0682200000000000
37.5600000000000	0.0395400000000000
37.5800000000000	0.00377000000000000
37.6000000000000	-0.0107000000000000
37.6200000000000	-0.000900000000000000
37.6400000000000	0.0147600000000000
37.6600000000000	0.0326300000000000
37.6800000000000	0.0556000000000000
37.7000000000000	0.0703300000000000
37.7200000000000	0.0609500000000000
37.7400000000000	0.0430900000000000
37.7600000000000	0.0233800000000000
37.7800000000000	-0.00386000000000000
37.8000000000000	-0.0234900000000000
37.8200000000000	-0.0269500000000000
37.8400000000000	-0.0292900000000000
37.8600000000000	-0.0381500000000000
37.8800000000000	-0.0585500000000000
37.9000000000000	-0.0842500000000000
37.9200000000000	-0.0847100000000000
37.9400000000000	-0.0871700000000000
37.9600000000000	-0.100560000000000
37.9800000000000	-0.0945700000000000
38	-0.0709400000000000
38.0200000000000	-0.0565400000000000
38.0400000000000	-0.0641700000000000
38.0600000000000	-0.0672600000000000
38.0800000000000	-0.0766400000000000
38.1000000000000	-0.102550000000000
38.1200000000000	-0.105810000000000
38.1400000000000	-0.0968200000000000
38.1600000000000	-0.115010000000000
38.1800000000000	-0.111410000000000
38.2000000000000	-0.0930500000000000
38.2200000000000	-0.0943300000000000
38.2400000000000	-0.104230000000000
38.2600000000000	-0.0995300000000000
38.2800000000000	-0.0896700000000000
38.3000000000000	-0.0581400000000000
38.3200000000000	-0.0472300000000000
38.3400000000000	-0.0437100000000000
38.3600000000000	-0.0232800000000000
38.3800000000000	-0.00833000000000000
38.4000000000000	-0.0177100000000000
38.4200000000000	-0.0486100000000000
38.4400000000000	-0.0993000000000000
38.4600000000000	-0.162480000000000
38.4800000000000	-0.195850000000000
38.5000000000000	-0.162970000000000
38.5200000000000	-0.120180000000000
38.5400000000000	-0.0805300000000000
38.5600000000000	-0.0551300000000000
38.5800000000000	-0.0382300000000000
38.6000000000000	0.00416000000000000
38.6200000000000	0.0418600000000000
38.6400000000000	0.0526700000000000
38.6600000000000	0.0476000000000000
38.6800000000000	0.0147400000000000
38.7000000000000	-0.0136100000000000
38.7200000000000	-0.0284500000000000
38.7400000000000	-0.0394200000000000
38.7600000000000	-0.0407700000000000
38.7800000000000	-0.0289100000000000
38.8000000000000	-0.00853000000000000
38.8200000000000	0.0167800000000000
38.8400000000000	0.0288100000000000
38.8600000000000	0.0309900000000000
38.8800000000000	0.0174600000000000
38.9000000000000	-0.00222000000000000
38.9200000000000	0.00797000000000000
38.9400000000000	0.0226100000000000
38.9600000000000	0.0317500000000000
38.9800000000000	0.0389000000000000
39	0.0471000000000000
39.0200000000000	0.0546100000000000
39.0400000000000	0.0620800000000000
39.0600000000000	0.0683500000000000
39.0800000000000	0.0768800000000000
39.1000000000000	0.0888300000000000
39.1200000000000	0.0887100000000000
39.1400000000000	0.0657400000000000
39.1600000000000	0.0445100000000000
39.1800000000000	0.0187100000000000
39.2000000000000	-0.00182000000000000
39.2200000000000	-0.00783000000000000
39.2400000000000	-0.0173600000000000
39.2600000000000	-0.0319800000000000
39.2800000000000	-0.00312000000000000
39.3000000000000	0.0352400000000000
39.3200000000000	0.0451400000000000
39.3400000000000	0.0483200000000000
39.3600000000000	0.0649200000000000
39.3800000000000	0.0726100000000000
39.4000000000000	0.0683500000000000
39.4200000000000	0.0464200000000000
39.4400000000000	0.0234300000000000
39.4600000000000	0.0185300000000000
39.4800000000000	0.0194500000000000
39.5000000000000	0.0192200000000000
39.5200000000000	0.0107800000000000
39.5400000000000	-0.0188700000000000
39.5600000000000	-0.0471200000000000
39.5800000000000	-0.0388000000000000
39.6000000000000	-0.0202700000000000
39.6200000000000	-0.0187200000000000
39.6400000000000	-0.0239600000000000
39.6600000000000	-0.00896000000000000
39.6800000000000	0.0146900000000000
39.7000000000000	0.0200700000000000
39.7200000000000	0.0166000000000000
39.7400000000000	0.0298500000000000
39.7600000000000	0.0452800000000000
39.7800000000000	0.0189600000000000
39.8000000000000	-0.00697000000000000
39.8200000000000	-0.0142700000000000
39.8400000000000	-0.0159900000000000
39.8600000000000	-0.0147800000000000
39.8800000000000	-0.0143900000000000
39.9000000000000	-0.0277500000000000
39.9200000000000	-0.0733300000000000
39.9400000000000	-0.121390000000000
39.9600000000000	-0.128970000000000
39.9800000000000	-0.0876900000000000
40	-0.0613100000000000
40.0200000000000	-0.0574400000000000
40.0400000000000	-0.0447200000000000
40.0600000000000	-0.0405700000000000
40.0800000000000	-0.0504500000000000
40.1000000000000	-0.0776200000000000
40.1200000000000	-0.0646500000000000
40.1400000000000	-0.000270000000000000
40.1600000000000	0.0613700000000000
40.1800000000000	0.101440000000000
40.2000000000000	0.129850000000000
40.2200000000000	0.124040000000000
40.2400000000000	0.0935600000000000
40.2600000000000	0.0649800000000000
40.2800000000000	0.0610300000000000
40.3000000000000	0.0723400000000000