                   0                   0
   0.020000000000000  -0.062510000000000
   0.040000000000000  -0.057820000000000
   0.060000000000000  -0.038170000000000
   0.080000000000000  -0.017370000000000
   0.100000000000000   0.010080000000000
   0.120000000000000   0.025890000000000
   0.140000000000000   0.012850000000000
   0.160000000000000  -0.000090000000000
   0.180000000000000  -0.009420000000000
   0.200000000000000  -0.029780000000000
   0.220000000000000  -0.054030000000000
   0.240000000000000  -0.065530000000000
   0.260000000000000  -0.058990000000000
   0.280000000000000  -0.028580000000000
   0.300000000000000  -0.024230000000000
   0.320000000000000  -0.034890000000000
   0.340000000000000  -0.068220000000000
   0.360000000000000  -0.104700000000000
   0.380000000000000  -0.108620000000000
   0.400000000000000  -0.104010000000000
   0.420000000000000  -0.081390000000000
   0.440000000000000  -0.128030000000000
   0.460000000000000  -0.211100000000000
   0.480000000000000  -0.321620000000000
   0.500000000000000  -0.445830000000000
   0.520000000000000  -0.511840000000000
   0.540000000000000  -0.532610000000000
   0.560000000000000  -0.446600000000000
   0.580000000000000  -0.419670000000000
   0.600000000000000  -0.429460000000000
   0.620000000000000  -0.454760000000000
   0.640000000000000  -0.477990000000000
   0.660000000000000  -0.563680000000000
   0.680000000000000  -0.713330000000000
   0.700000000000000  -0.727400000000000
   0.720000000000000  -0.688320000000000
   0.740000000000000  -0.467380000000000
   0.760000000000000  -0.103560000000000
   0.780000000000000   0.305120000000000
   0.800000000000000   0.458890000000000
   0.820000000000000   0.510020000000000
   0.840000000000000   0.635400000000000
   0.860000000000000   0.671130000000000
   0.880000000000000   0.484490000000000
   0.900000000000000   0.295350000000000
   0.920000000000000   0.365780000000000
   0.940000000000000   0.400160000000000
   0.960000000000000   0.314280000000000
   0.980000000000000   0.016740000000000
   1.000000000000000  -0.241660000000000
   1.020000000000000  -0.518330000000000
   1.040000000000000  -0.856510000000000
   1.060000000000000  -0.971590000000000
   1.080000000000000  -0.924600000000000
   1.100000000000000  -0.913140000000000
   1.120000000000000  -0.834460000000000
   1.140000000000000  -0.709870000000000
   1.160000000000000  -0.642170000000000
   1.180000000000000  -0.357420000000000
   1.200000000000000  -0.191180000000000
   1.220000000000000  -0.137360000000000
   1.240000000000000  -0.125030000000000
   1.260000000000000  -0.076990000000000
   1.280000000000000   0.121050000000000
   1.300000000000000   0.148100000000000
   1.320000000000000   0.290910000000000
   1.340000000000000   0.777830000000000
   1.360000000000000   0.945730000000000
   1.380000000000000   0.875380000000000
   1.400000000000000   0.966330000000000
   1.420000000000000   1.059520000000000
   1.440000000000000   0.971670000000000
   1.460000000000000   0.731380000000000
   1.480000000000000   0.645030000000000
   1.500000000000000   0.515910000000000
   1.520000000000000   0.233910000000000
   1.540000000000000  -0.348870000000000
   1.560000000000000  -0.991840000000000
   1.580000000000000  -1.156120000000000
   1.600000000000000  -0.877390000000000
   1.620000000000000  -0.139030000000000
   1.640000000000000   0.419090000000000
   1.660000000000000   0.642430000000000
   1.680000000000000   0.754420000000000
   1.700000000000000   0.703240000000000
   1.720000000000000   0.624250000000000
   1.740000000000000   0.583410000000000
   1.760000000000000   0.690590000000000
   1.780000000000000   0.730200000000000
   1.800000000000000   0.467660000000000
   1.820000000000000   0.157950000000000
   1.840000000000000   0.088420000000000
   1.860000000000000   0.158450000000000
   1.880000000000000   0.428460000000000
   1.900000000000000   0.757710000000000
   1.920000000000000   1.015500000000000
   1.940000000000000   0.827220000000000
   1.960000000000000   0.201800000000000
   1.980000000000000   0.092370000000000
   2.000000000000000  -0.016080000000000
   2.020000000000000  -0.367200000000000
   2.040000000000000  -0.123430000000000
   2.060000000000000   0.315180000000000
   2.080000000000000   0.381020000000000
   2.100000000000000   0.525500000000000
   2.120000000000000   0.673260000000000
   2.140000000000000   0.622190000000000
   2.160000000000000   0.593650000000000
   2.180000000000000   0.600570000000000
   2.200000000000000   0.601850000000000
   2.220000000000000   0.479060000000000
   2.240000000000000   0.508880000000000
   2.260000000000000   0.727750000000000
   2.280000000000000   0.832120000000000
   2.300000000000000   0.801940000000000
   2.320000000000000   0.681520000000000
   2.340000000000000   0.591340000000000
   2.360000000000000   0.623850000000000
   2.380000000000000   0.817820000000000
   2.400000000000000   0.881670000000000
   2.420000000000000   0.771410000000000
   2.440000000000000   0.684380000000000
   2.460000000000000   0.689160000000000
   2.480000000000000   0.801720000000000
   2.500000000000000   0.846350000000000
   2.520000000000000   0.720160000000000
   2.540000000000000   0.288380000000000
   2.560000000000000  -0.065050000000000
   2.580000000000000  -0.852310000000000
   2.600000000000000  -1.908140000000000
   2.620000000000000  -2.944200000000000
   2.640000000000000  -2.985800000000000
   2.660000000000000  -2.292790000000000
   2.680000000000000  -0.887940000000000
   2.700000000000000   0.445210000000000
   2.720000000000000   1.365830000000000
   2.740000000000000   1.842560000000000
   2.760000000000000   0.267710000000000
   2.780000000000000  -0.953130000000000
   2.800000000000000  -1.714990000000000
   2.820000000000000  -1.651140000000000
   2.840000000000000  -1.653490000000000
   2.860000000000000  -1.388070000000000
   2.880000000000000  -2.322870000000000
   2.900000000000000  -2.425710000000000
   2.920000000000000  -4.771340000000000
   2.940000000000000  -4.931870000000000
   2.960000000000000  -9.975680000000001
   2.980000000000000  -0.515720000000000
   3.000000000000000  10.193650000000000
   3.020000000000000   3.247430000000000
   3.040000000000000   1.709650000000000
   3.060000000000000   0.705380000000000
   3.080000000000000  -1.314570000000000
   3.100000000000000  -2.839320000000000
   3.120000000000000  -1.277540000000000
   3.140000000000000  -0.116450000000000
   3.160000000000000   0.264700000000000
   3.180000000000000  -1.014130000000000
   3.200000000000000  -1.724950000000000
   3.220000000000000  -2.447720000000000
   3.240000000000000   0.718470000000000
   3.260000000000000   2.276570000000000
   3.280000000000000   1.594980000000000
   3.300000000000000   1.321110000000000
   3.320000000000000   0.288210000000000
   3.340000000000000  -0.138210000000000
   3.360000000000000  -0.110800000000000
   3.380000000000000   1.502440000000000
   3.400000000000000   1.807890000000000
   3.420000000000000  -0.375610000000000
   3.440000000000000  -0.443290000000000
   3.460000000000000  -0.196400000000000
   3.480000000000000  -1.134170000000000
   3.500000000000000  -1.686500000000000
   3.520000000000000   0.063840000000000
   3.540000000000000   1.044640000000000
   3.560000000000000  -0.953830000000000
   3.580000000000000  -1.383690000000000
   3.600000000000000  -0.566940000000000
   3.620000000000000  -0.440590000000000
   3.640000000000000  -0.151410000000000
   3.660000000000000   0.916310000000000
   3.680000000000000   1.581580000000000
   3.700000000000000   2.688880000000000
   3.720000000000000   3.201230000000000
   3.740000000000000   2.979250000000000
   3.760000000000000   2.046050000000000
   3.780000000000000   0.099410000000000
   3.800000000000000  -0.860200000000000
   3.820000000000000  -0.570910000000000
   3.840000000000000  -0.608790000000000
   3.860000000000000  -1.082140000000000
   3.880000000000000  -2.072620000000000
   3.900000000000000  -2.350480000000000
   3.920000000000000  -1.280990000000000
   3.940000000000000  -0.150960000000000
   3.960000000000000   0.428280000000000
   3.980000000000000   0.562100000000000
   4.000000000000000   0.895350000000000
   4.020000000000001   0.526330000000000
   4.040000000000000  -0.152730000000000
   4.060000000000001  -0.199250000000000
   4.080000000000000   0.263180000000000
   4.100000000000000   1.173040000000000
   4.120000000000000   1.967540000000000
   4.140000000000000   2.747520000000000
   4.160000000000000   2.456430000000000
   4.180000000000000   1.800770000000000
   4.200000000000000   1.485120000000000
   4.220000000000000   0.372660000000000
   4.240000000000000   0.093850000000000
   4.260000000000000  -0.743040000000000
   4.280000000000000  -2.191760000000000
   4.300000000000000  -2.403820000000000
   4.320000000000000  -1.627830000000000
   4.340000000000000  -1.334490000000000
   4.360000000000000  -0.597150000000000
   4.380000000000000   1.210790000000000
   4.400000000000000   0.815300000000000
   4.420000000000000   0.916530000000000
   4.440000000000000   0.121930000000000
   4.460000000000000  -1.168070000000000
   4.480000000000000  -1.056520000000000
   4.500000000000000  -0.666860000000000
   4.520000000000001   0.229180000000000
   4.540000000000000   0.931070000000000
   4.560000000000001   1.710660000000000
   4.580000000000000   1.776690000000000
   4.600000000000001   0.893310000000000
   4.620000000000000  -0.229300000000000
   4.640000000000000   0.797110000000000
   4.660000000000000   2.117340000000000
   4.680000000000000   2.461570000000000
   4.700000000000000   1.161960000000000
   4.720000000000000  -0.799430000000000
   4.740000000000000  -1.792110000000000
   4.760000000000000  -2.213690000000000
   4.780000000000000  -1.796740000000000
   4.800000000000000  -1.418820000000000
   4.820000000000000  -1.172720000000000
   4.840000000000000  -0.737490000000000
   4.860000000000000  -0.080520000000000
   4.880000000000000   0.056570000000000
   4.900000000000000   0.037260000000000
   4.920000000000000   0.409900000000000
   4.940000000000000   0.786090000000000
   4.960000000000000   0.027320000000000
   4.980000000000000  -1.072700000000000
   5.000000000000000   0.077950000000000
   5.020000000000001   0.929290000000000
   5.040000000000000   1.056450000000000
   5.060000000000001   0.308310000000000
   5.080000000000000  -0.551640000000000
   5.100000000000001  -1.586330000000000
   5.120000000000000  -1.674270000000000
   5.140000000000000  -0.418950000000000
   5.160000000000000  -0.653270000000000
   5.180000000000000  -0.143150000000000
   5.200000000000000   0.501630000000000
   5.220000000000000   0.939880000000000
   5.240000000000000   1.127060000000000
   5.260000000000000  -0.060560000000000
   5.280000000000000  -1.284200000000000
   5.300000000000000  -1.397230000000000
   5.320000000000000  -0.583000000000000
   5.340000000000000   0.553680000000000
   5.360000000000000   1.697690000000000
   5.380000000000000   2.123360000000000
   5.400000000000000   0.888690000000000
   5.420000000000000   0.186770000000000
   5.440000000000000   0.153080000000000
   5.460000000000000   0.001000000000000
   5.480000000000000  -0.537430000000000
   5.500000000000000  -1.373070000000000
   5.520000000000001  -1.795110000000000
   5.540000000000000  -1.779980000000000
   5.560000000000001  -0.888840000000000
   5.580000000000000   1.123310000000000
   5.600000000000001   2.805890000000000
   5.620000000000000   1.952780000000000
   5.640000000000000  -0.088720000000000
   5.660000000000000  -0.597420000000000
   5.680000000000000  -0.469150000000000
   5.700000000000000  -0.523800000000000
   5.720000000000000  -0.541880000000000
   5.740000000000000  -0.243210000000000
   5.760000000000000   0.223490000000000
   5.780000000000000   0.433580000000000
   5.800000000000000   0.290440000000000
   5.820000000000000   0.171330000000000
   5.840000000000000   0.105900000000000
   5.860000000000000   0.230390000000000
   5.880000000000000  -0.133810000000000
   5.900000000000000  -2.006590000000000
   5.920000000000000  -1.672440000000000
   5.940000000000000  -0.129390000000000
   5.960000000000000   0.713600000000000
   5.980000000000000   0.197450000000000
   6.000000000000000  -0.276660000000000
   6.020000000000001  -0.146580000000000
   6.040000000000000  -0.391930000000000
   6.060000000000001  -0.447020000000000
   6.080000000000000  -0.488220000000000
   6.100000000000001  -0.514010000000000
   6.120000000000000  -0.361540000000000
   6.140000000000001   0.052240000000000
   6.160000000000000   0.056420000000000
   6.180000000000000   0.512110000000000
   6.200000000000000   0.748260000000000
   6.220000000000000   0.816900000000000
   6.240000000000000   0.778910000000000
   6.260000000000000   0.821850000000000
   6.280000000000000   0.467060000000000
   6.300000000000000  -0.546450000000000
   6.320000000000000  -0.682250000000000
   6.340000000000000  -0.874080000000000
   6.360000000000000  -1.861460000000000
   6.380000000000000  -1.421490000000000
   6.400000000000000   0.122210000000000
   6.420000000000000   0.982640000000000
   6.440000000000000  -0.008410000000000
   6.460000000000000  -1.029270000000000
   6.480000000000000  -0.858870000000000
   6.500000000000000  -0.217160000000000
   6.520000000000001   0.416790000000000
   6.540000000000000   0.534930000000000
   6.560000000000001   0.504530000000000
   6.580000000000000   0.459960000000000
   6.600000000000001   0.935770000000000
   6.620000000000000   0.652420000000000
   6.640000000000001  -0.255390000000000
   6.660000000000000  -0.230820000000000
   6.680000000000000   0.693890000000000
   6.700000000000000   2.082710000000000
   6.720000000000000   1.879110000000000
   6.740000000000000   0.605830000000000
   6.760000000000000   0.750440000000000
   6.780000000000000  -0.144000000000000
   6.800000000000000  -1.151210000000000
   6.820000000000000   0.313160000000000
   6.840000000000000   1.706410000000000
   6.860000000000000   2.611200000000000
   6.880000000000000   2.824840000000000
   6.900000000000000   1.600330000000000
   6.920000000000000  -0.146290000000000
   6.940000000000000  -0.845500000000000
   6.960000000000000  -0.951590000000000
   6.980000000000000  -1.384030000000000
   7.000000000000000  -0.916000000000000
   7.020000000000001  -0.199120000000000
   7.040000000000000   0.372480000000000
   7.060000000000001   0.709010000000000
   7.080000000000000   1.435610000000000
   7.100000000000001   1.614060000000000
   7.120000000000000   1.313650000000000
   7.140000000000001   1.019200000000000
   7.160000000000000  -0.093960000000000
   7.180000000000000  -0.881720000000000
   7.200000000000000  -1.526510000000000
   7.220000000000000  -2.385890000000000
   7.240000000000000  -1.783450000000000
   7.260000000000000   0.449890000000000
   7.280000000000000   1.710140000000000
   7.300000000000000   1.316570000000000
   7.320000000000000   0.145640000000000
   7.340000000000000   0.261650000000000
   7.360000000000000   0.896710000000000
   7.380000000000000   1.300340000000000
   7.400000000000000   0.132600000000000
   7.420000000000000  -1.192990000000000
   7.440000000000000  -0.409800000000000
   7.460000000000000  -0.501510000000000
   7.480000000000000  -0.747940000000000
   7.500000000000000  -0.674060000000000
   7.520000000000001   0.080240000000000
   7.540000000000000   0.520590000000000
   7.560000000000001   0.489630000000000
   7.580000000000000  -0.096100000000000
   7.600000000000001  -0.200400000000000
   7.620000000000000   0.122880000000000
   7.640000000000001  -0.027670000000000
   7.660000000000000  -0.421130000000000
   7.680000000000000  -0.789700000000000
   7.700000000000000  -0.737350000000000
   7.720000000000000  -0.724380000000000
   7.740000000000000  -0.471420000000000
   7.760000000000000  -0.149700000000000
   7.780000000000000   0.603140000000000
   7.800000000000000   1.032390000000000
   7.820000000000000   0.692050000000000
   7.840000000000000   0.060240000000000
   7.860000000000000  -0.167300000000000
   7.880000000000000  -0.367780000000000
   7.900000000000000  -0.825780000000000
   7.920000000000000  -0.851480000000000
   7.940000000000000  -0.823230000000000
   7.960000000000000  -0.540560000000000
   7.980000000000000   0.171010000000000
   8.000000000000000   0.571790000000000
   8.020000000000000   0.610680000000000
   8.040000000000001   0.495070000000000
   8.060000000000001   0.354050000000000
   8.080000000000000   0.257620000000000
   8.100000000000000   0.168460000000000
   8.120000000000001   0.403310000000000
   8.140000000000001   0.689860000000000
   8.160000000000000   0.510800000000000
   8.180000000000000   0.222740000000000
   8.199999999999999   0.095020000000000
   8.220000000000001   0.111590000000000
   8.240000000000000   0.292430000000000
   8.260000000000000   0.322500000000000
   8.279999999999999   0.235010000000000
   8.300000000000001   0.058460000000000
   8.320000000000000  -0.467660000000000
   8.340000000000000  -0.838610000000000
   8.359999999999999  -1.039900000000000
   8.380000000000001  -0.777900000000000
   8.400000000000000   0.051340000000000
   8.420000000000000   0.770230000000000
   8.440000000000000   0.833130000000000
   8.460000000000001   0.302250000000000
   8.480000000000000  -0.500230000000000
   8.500000000000000  -1.137050000000000
   8.520000000000000  -1.436810000000000
   8.540000000000001  -1.486490000000000
   8.560000000000001  -0.779810000000000
   8.580000000000000  -0.020170000000000
   8.600000000000000   0.197580000000000
   8.620000000000001   0.243120000000000
   8.640000000000001   0.353020000000000
   8.660000000000000   0.247450000000000
   8.680000000000000  -0.060660000000000
   8.700000000000001  -0.140110000000000
   8.720000000000001  -0.171100000000000
   8.740000000000000  -0.125020000000000
   8.760000000000000   0.045690000000000
   8.779999999999999   0.299940000000000
   8.800000000000001   0.588300000000000
   8.820000000000000   0.589900000000000
   8.840000000000000   0.329950000000000
   8.859999999999999   0.172010000000000
   8.880000000000001   0.168440000000000
   8.900000000000000   0.060070000000000
   8.920000000000000  -0.142700000000000
   8.940000000000000  -0.203320000000000
   8.960000000000001  -0.113860000000000
   8.980000000000000   0.019470000000000
   9.000000000000000  -0.267140000000000
   9.020000000000000  -0.864940000000000
   9.040000000000001  -0.763310000000000
   9.060000000000001  -0.158110000000000
   9.080000000000000   0.270150000000000
   9.100000000000000   0.184240000000000
   9.120000000000001  -0.290360000000000
   9.140000000000001  -0.410120000000000
   9.160000000000000  -0.500130000000000
   9.180000000000000  -0.680030000000000
   9.200000000000001  -0.674060000000000
   9.220000000000001  -0.573980000000000
   9.240000000000000  -0.471860000000000
   9.260000000000000  -0.121900000000000
   9.279999999999999   0.124340000000000
   9.300000000000001   0.001890000000000
   9.320000000000000  -0.135620000000000
   9.340000000000000  -0.301550000000000
   9.359999999999999  -0.378550000000000
   9.380000000000001  -0.378770000000000
   9.400000000000000  -0.432240000000000
   9.420000000000000  -0.543500000000000
   9.440000000000000  -0.508490000000000
   9.460000000000001  -0.328250000000000
   9.480000000000000  -0.242500000000000
   9.500000000000000  -0.101180000000000
   9.520000000000000   0.239320000000000
   9.540000000000001   0.395610000000000
   9.560000000000001   0.498800000000000
   9.580000000000000   0.420160000000000
   9.600000000000000  -0.035550000000000
   9.620000000000001  -0.259080000000000
   9.640000000000001  -0.288720000000000
   9.660000000000000  -0.241530000000000
   9.680000000000000   0.012820000000000
   9.700000000000001   0.260300000000000
   9.720000000000001   0.430230000000000
   9.740000000000000   0.530510000000000
   9.760000000000000   0.342040000000000
   9.779999999999999   0.043550000000000
   9.800000000000001  -0.246770000000000
   9.820000000000000  -0.485210000000000
   9.840000000000000  -0.544580000000000
   9.859999999999999  -0.253660000000000
   9.880000000000001   0.209280000000000
   9.900000000000000   0.314360000000000
   9.920000000000000   0.293960000000000
   9.940000000000000   0.229350000000000
   9.960000000000001   0.136450000000000
   9.980000000000000   0.022390000000000
  10.000000000000000  -0.069800000000000
  10.020000000000000  -0.071260000000000
  10.040000000000001  -0.019190000000000
  10.060000000000000  -0.015000000000000
  10.080000000000000  -0.012770000000000
  10.100000000000000   0.081790000000000
  10.120000000000001   0.118130000000000
  10.140000000000001   0.031410000000000
  10.160000000000000  -0.173430000000000
  10.180000000000000  -0.294100000000000
  10.200000000000001  -0.316450000000000
  10.220000000000001  -0.332630000000000
  10.240000000000000  -0.278900000000000
  10.260000000000000  -0.123810000000000
  10.279999999999999   0.045250000000000
  10.300000000000001   0.124850000000000
  10.320000000000000   0.154740000000000
  10.340000000000000   0.161210000000000
  10.359999999999999   0.160970000000000
  10.380000000000001   0.145120000000000
  10.400000000000000   0.074090000000000
  10.420000000000000  -0.010420000000000
  10.440000000000000  -0.091300000000000
  10.460000000000001  -0.170900000000000
  10.480000000000000  -0.183080000000000
  10.500000000000000  -0.092360000000000
  10.520000000000000   0.013130000000000
  10.540000000000001   0.108490000000000
  10.560000000000000   0.170590000000000
  10.580000000000000   0.122270000000000
  10.600000000000000   0.043120000000000
  10.620000000000001   0.014320000000000
  10.640000000000001   0.040500000000000
  10.660000000000000   0.055790000000000
  10.680000000000000   0.075500000000000
  10.700000000000001   0.094610000000000
  10.720000000000001   0.113910000000000
  10.740000000000000   0.100710000000000
  10.760000000000000   0.029410000000000
  10.779999999999999  -0.029220000000000
  10.800000000000001  -0.044230000000000
  10.820000000000000   0.031640000000000
  10.840000000000000   0.180650000000000
  10.859999999999999   0.305440000000000
  10.880000000000001   0.309000000000000
  10.900000000000000   0.224310000000000
  10.920000000000000   0.161400000000000
  10.940000000000000   0.120250000000000
  10.960000000000001   0.066290000000000
  10.980000000000000   0.002540000000000
  11.000000000000000  -0.015120000000000
  11.020000000000000   0.050030000000000
  11.040000000000001   0.145320000000000
  11.060000000000000   0.171700000000000
  11.080000000000000   0.128300000000000
  11.100000000000000   0.070240000000000
  11.120000000000001   0.082790000000000
  11.140000000000001   0.132140000000000
  11.160000000000000   0.107450000000000
  11.180000000000000   0.029290000000000
  11.200000000000001  -0.044980000000000
  11.220000000000001  -0.036550000000000
  11.240000000000000   0.039500000000000
  11.260000000000000   0.100390000000000
  11.279999999999999   0.142650000000000
  11.300000000000001   0.167060000000000
  11.320000000000000   0.140530000000000
  11.340000000000000   0.147070000000000
  11.359999999999999   0.161430000000000
  11.380000000000001   0.103060000000000
  11.400000000000000   0.003080000000000
  11.420000000000000  -0.126240000000000
  11.440000000000000  -0.225500000000000
  11.460000000000001  -0.269120000000000
  11.480000000000000  -0.233570000000000
  11.500000000000000  -0.136110000000000
  11.520000000000000  -0.019320000000000
  11.540000000000001   0.079190000000000
  11.560000000000000   0.075820000000000
  11.580000000000000  -0.018340000000000
  11.600000000000000  -0.141880000000000
  11.620000000000001  -0.197450000000000
  11.640000000000001  -0.168850000000000
  11.660000000000000  -0.154700000000000
  11.680000000000000  -0.179150000000000
  11.700000000000001  -0.181390000000000
  11.720000000000001  -0.129410000000000
  11.740000000000000  -0.060430000000000
  11.760000000000000   0.005660000000000
  11.779999999999999   0.079620000000000
  11.800000000000001   0.099640000000000
  11.820000000000000   0.066390000000000
  11.840000000000000   0.055130000000000
  11.859999999999999   0.075040000000000
  11.880000000000001   0.168930000000000
  11.900000000000000   0.266440000000000
  11.920000000000000   0.328000000000000
  11.940000000000000   0.341060000000000
  11.960000000000001   0.301380000000000
  11.980000000000000   0.244060000000000
  12.000000000000000   0.178240000000000
  12.020000000000000   0.102370000000000
  12.040000000000001   0.057020000000000
  12.060000000000000   0.057750000000000
  12.080000000000000   0.066390000000000
  12.100000000000000   0.043720000000000
  12.120000000000001   0.047600000000000
  12.140000000000001   0.146640000000000
  12.160000000000000   0.248640000000000
  12.180000000000000   0.237820000000000
  12.200000000000001   0.152330000000000
  12.220000000000001   0.075030000000000
  12.240000000000000   0.048760000000000
  12.260000000000000   0.123900000000000
  12.280000000000001   0.191640000000000
  12.300000000000001   0.166640000000000
  12.320000000000000   0.062830000000000
  12.340000000000000   0.002250000000000
  12.359999999999999   0.021180000000000
  12.380000000000001   0.070690000000000
  12.400000000000000   0.081710000000000
  12.420000000000000   0.064830000000000
  12.440000000000000   0.077560000000000
  12.460000000000001   0.081110000000000
  12.480000000000000   0.096880000000000
  12.500000000000000   0.169550000000000
  12.520000000000000   0.325550000000000
  12.540000000000001   0.427980000000000
  12.560000000000000   0.405050000000000
  12.580000000000000   0.217970000000000
  12.600000000000000   0.011130000000000
  12.620000000000001  -0.094430000000000
  12.640000000000001   0.014000000000000
  12.660000000000000   0.270110000000000
  12.680000000000000   0.344400000000000
  12.700000000000001   0.281670000000000
  12.720000000000001   0.129370000000000
  12.740000000000000   0.011410000000000
  12.760000000000000  -0.056650000000000
  12.780000000000001  -0.087440000000000
  12.800000000000001  -0.050460000000000
  12.820000000000000  -0.000200000000000
  12.840000000000000   0.053840000000000
  12.859999999999999   0.094290000000000
  12.880000000000001   0.135280000000000
  12.900000000000000   0.146840000000000
  12.920000000000000   0.114820000000000
  12.940000000000000   0.095150000000000
  12.960000000000001   0.086220000000000
  12.980000000000000   0.020610000000000
  13.000000000000000  -0.074120000000000
  13.020000000000000  -0.136100000000000
  13.040000000000001  -0.110760000000000
  13.060000000000000  -0.065710000000000
  13.080000000000000  -0.002560000000000
  13.100000000000000   0.079200000000000
  13.120000000000001   0.079790000000000
  13.140000000000001   0.024470000000000
  13.160000000000000  -0.042180000000000
  13.180000000000000  -0.041490000000000
  13.200000000000001   0.009200000000000
  13.220000000000001   0.060490000000000
  13.240000000000000   0.064400000000000
  13.260000000000000   0.042620000000000
  13.280000000000001   0.041090000000000
  13.300000000000001   0.007060000000000
  13.320000000000000  -0.044950000000000
  13.340000000000000  -0.107710000000000
  13.359999999999999  -0.157760000000000
  13.380000000000001  -0.134040000000000
  13.400000000000000  -0.095130000000000
  13.420000000000000  -0.116290000000000
  13.440000000000000  -0.172870000000000
  13.460000000000001  -0.228980000000000
  13.480000000000000  -0.224670000000000
  13.500000000000000  -0.166020000000000
  13.520000000000000  -0.132030000000000
  13.540000000000001  -0.131140000000000
  13.560000000000000  -0.125990000000000
  13.580000000000000  -0.109480000000000
  13.600000000000000  -0.107700000000000
  13.620000000000001  -0.167230000000000
  13.640000000000001  -0.235630000000000
  13.660000000000000  -0.205740000000000
  13.680000000000000  -0.145770000000000
  13.700000000000001  -0.127600000000000
  13.720000000000001  -0.102620000000000
  13.740000000000000  -0.031170000000000
  13.760000000000000   0.024580000000000
  13.780000000000001   0.005050000000000
  13.800000000000001  -0.049660000000000
  13.820000000000000  -0.162420000000000
  13.840000000000000  -0.256840000000000
  13.859999999999999  -0.227290000000000
  13.880000000000001  -0.171790000000000
  13.900000000000000  -0.170970000000000
  13.920000000000000  -0.171780000000000
  13.940000000000000  -0.160210000000000
  13.960000000000001  -0.195540000000000
  13.980000000000000  -0.237490000000000
  14.000000000000000  -0.202940000000000
  14.020000000000000  -0.135430000000000
  14.040000000000001  -0.070520000000000
  14.060000000000000   0.002680000000000
  14.080000000000000   0.010010000000000
  14.100000000000000  -0.044310000000000
  14.120000000000001  -0.099050000000000
  14.140000000000001  -0.089020000000000
  14.160000000000000  -0.018910000000000
  14.180000000000000   0.028720000000000
  14.200000000000001   0.008440000000000
  14.220000000000001  -0.040210000000000
  14.240000000000000  -0.019140000000000
  14.260000000000000   0.016940000000000
  14.280000000000001  -0.001560000000000
  14.300000000000001  -0.042100000000000
  14.320000000000000  -0.072330000000000
  14.340000000000000  -0.069440000000000
  14.359999999999999  -0.101540000000000
  14.380000000000001  -0.131070000000000
  14.400000000000000  -0.102280000000000
  14.420000000000000  -0.092730000000000
  14.440000000000000  -0.151710000000000
  14.460000000000001  -0.247150000000000
  14.480000000000000  -0.282450000000000
  14.500000000000000  -0.247260000000000
  14.520000000000000  -0.167670000000000
  14.540000000000001  -0.080250000000000
  14.560000000000000   0.005310000000000
  14.580000000000000   0.036230000000000
  14.600000000000000  -0.025570000000000
  14.620000000000001  -0.149790000000000
  14.640000000000001  -0.227400000000000
  14.660000000000000  -0.159700000000000
  14.680000000000000  -0.044570000000000
  14.700000000000001  -0.024880000000000
  14.720000000000001  -0.083420000000000
  14.740000000000000  -0.182910000000000
  14.760000000000000  -0.218670000000000
  14.780000000000001  -0.118500000000000
  14.800000000000001  -0.103550000000000
  14.820000000000000  -0.165890000000000
  14.840000000000000  -0.122630000000000
  14.859999999999999   0.000170000000000
  14.880000000000001   0.018480000000000
  14.900000000000000  -0.029300000000000
  14.920000000000000   0.010440000000000
  14.940000000000000   0.267870000000000
  14.960000000000001   0.469160000000000
  14.980000000000000   0.466050000000000
  15.000000000000000   0.218400000000000
  15.020000000000000  -0.076390000000000
  15.040000000000001  -0.138950000000000
  15.060000000000000  -0.151420000000000
  15.080000000000000  -0.145030000000000
  15.100000000000000  -0.133270000000000
  15.120000000000001  -0.093860000000000
  15.140000000000001  -0.021810000000000
  15.160000000000000   0.063980000000000
  15.180000000000000   0.173440000000000
  15.200000000000001   0.249340000000000
  15.220000000000001   0.310540000000000
  15.240000000000000   0.365600000000000
  15.260000000000000   0.271680000000000
  15.280000000000001   0.143710000000000
  15.300000000000001   0.082500000000000
  15.320000000000000   0.107910000000000
  15.340000000000000   0.131170000000000
  15.359999999999999   0.077330000000000
  15.380000000000001   0.066320000000000
  15.400000000000000   0.092220000000000
  15.420000000000000   0.041430000000000
  15.440000000000000   0.089020000000000
  15.460000000000001   0.245100000000000
  15.480000000000000   0.338790000000000
  15.500000000000000   0.241610000000000
  15.520000000000000   0.001590000000000
  15.540000000000001  -0.093030000000000
  15.560000000000000  -0.145110000000000
  15.580000000000000  -0.216210000000000
  15.600000000000000  -0.324940000000000
  15.620000000000001  -0.063870000000000
  15.640000000000001   0.204870000000000
  15.660000000000000   0.152150000000000
  15.680000000000000   0.066640000000000
  15.700000000000001  -0.131320000000000
  15.720000000000001  -0.304230000000000
  15.740000000000000  -0.388500000000000
  15.760000000000000  -0.224770000000000
  15.780000000000001   0.206060000000000
  15.800000000000001   0.418750000000000
  15.820000000000000   0.439430000000000
  15.840000000000000   0.292910000000000
  15.860000000000001  -0.135220000000000
  15.880000000000001  -0.363010000000000
  15.900000000000000  -0.371780000000000
  15.920000000000000  -0.033740000000000
  15.940000000000000   0.191770000000000
  15.960000000000001   0.147580000000000
  15.980000000000000   0.107070000000000
  16.000000000000000   0.093540000000000
  16.020000000000000   0.132560000000000
  16.039999999999999   0.100700000000000
  16.059999999999999  -0.017080000000000
  16.080000000000002  -0.213650000000000
  16.100000000000001  -0.298300000000000
  16.120000000000001  -0.226050000000000
  16.140000000000001  -0.066240000000000
  16.160000000000000   0.122150000000000
  16.180000000000000   0.304600000000000
  16.199999999999999   0.412480000000000
  16.219999999999999   0.480970000000000
  16.240000000000002   0.486240000000000
  16.260000000000002   0.436080000000000
  16.280000000000001   0.367270000000000
  16.300000000000001   0.287450000000000
  16.320000000000000   0.122530000000000
  16.340000000000000  -0.076030000000000
  16.359999999999999  -0.237770000000000
  16.379999999999999  -0.330290000000000
  16.399999999999999  -0.330320000000000
  16.420000000000002  -0.443800000000000
  16.440000000000001  -0.554600000000000
  16.460000000000001  -0.576310000000000
  16.480000000000000  -0.475440000000000
  16.500000000000000  -0.416860000000000
  16.520000000000000  -0.187050000000000
  16.539999999999999   0.196110000000000
  16.559999999999999   0.220130000000000
  16.580000000000002   0.185710000000000
  16.600000000000001   0.155370000000000
  16.620000000000001   0.050850000000000
  16.640000000000001  -0.013140000000000
  16.660000000000000  -0.052540000000000
  16.680000000000000  -0.134840000000000
  16.699999999999999  -0.203040000000000
  16.719999999999999  -0.195910000000000
  16.740000000000002  -0.103870000000000
  16.760000000000002   0.002690000000000
  16.780000000000001   0.011130000000000
  16.800000000000001   0.011820000000000
  16.820000000000000  -0.038570000000000
  16.840000000000000  -0.011990000000000
  16.859999999999999  -0.126910000000000
  16.879999999999999   0.037380000000000
  16.899999999999999   0.315690000000000
  16.920000000000002   0.281330000000000
  16.940000000000001   0.231980000000000
  16.960000000000001   0.313220000000000
  16.980000000000000   0.176970000000000
  17.000000000000000  -0.606160000000000
  17.020000000000000  -0.898560000000000
  17.039999999999999  -0.891750000000000
  17.059999999999999  -0.946500000000000
  17.080000000000002  -0.561380000000000
  17.100000000000001   0.026280000000000
  17.120000000000001   0.110350000000000
  17.140000000000001   0.256010000000000
  17.160000000000000   0.478720000000000
  17.180000000000000   0.429360000000000
  17.199999999999999   0.005440000000000
  17.219999999999999  -0.375250000000000
  17.240000000000002  -0.380380000000000
  17.260000000000002  -0.213280000000000
  17.280000000000001   0.199410000000000
  17.300000000000001   0.364620000000000
  17.320000000000000   0.169780000000000
  17.340000000000000   0.102040000000000
  17.359999999999999   0.408460000000000
  17.379999999999999   0.455270000000000
  17.400000000000002   0.078430000000000
  17.420000000000002  -0.570950000000000
  17.440000000000001  -0.271400000000000
  17.460000000000001   0.329640000000000
  17.480000000000000   0.184290000000000
  17.500000000000000   0.035890000000000
  17.520000000000000  -0.031840000000000
  17.539999999999999  -0.302100000000000
  17.559999999999999  -0.545900000000000
  17.580000000000002  -0.480110000000000
  17.600000000000001  -0.131100000000000
  17.620000000000001   0.341750000000000
  17.640000000000001   0.458010000000000
  17.660000000000000   0.438140000000000
  17.680000000000000   0.394850000000000
  17.699999999999999   0.169760000000000
  17.719999999999999   0.006920000000000
  17.740000000000002  -0.064740000000000
  17.760000000000002  -0.105880000000000
  17.780000000000001  -0.063050000000000
  17.800000000000001  -0.034750000000000
  17.820000000000000  -0.140650000000000
  17.840000000000000  -0.265270000000000
  17.859999999999999  -0.351670000000000
  17.879999999999999  -0.059750000000000
  17.900000000000002   0.385990000000000
  17.920000000000002   0.444460000000000
  17.940000000000001   0.421860000000000
  17.960000000000001   0.359270000000000
  17.980000000000000   0.296140000000000
  18.000000000000000   0.254330000000000
  18.020000000000000   0.268660000000000
  18.039999999999999   0.315780000000000
  18.059999999999999   0.258420000000000
  18.080000000000002   0.136370000000000
  18.100000000000001  -0.006820000000000
  18.120000000000001  -0.116060000000000
  18.140000000000001  -0.093610000000000
  18.160000000000000  -0.021200000000000
  18.180000000000000  -0.060410000000000
  18.199999999999999  -0.089090000000000
  18.219999999999999  -0.036230000000000
  18.240000000000002  -0.038510000000000
  18.260000000000002  -0.114960000000000
  18.280000000000001  -0.087330000000000
  18.300000000000001  -0.067640000000000
  18.320000000000000  -0.145380000000000
  18.340000000000000  -0.213690000000000
  18.359999999999999  -0.215180000000000
  18.379999999999999  -0.222700000000000
  18.400000000000002  -0.186610000000000
  18.420000000000002  -0.087010000000000
  18.440000000000001  -0.072460000000000
  18.460000000000001  -0.030950000000000
  18.480000000000000  -0.004690000000000
  18.500000000000000   0.085320000000000
  18.520000000000000   0.262760000000000
  18.539999999999999   0.413370000000000
  18.559999999999999   0.396470000000000
  18.580000000000002   0.348930000000000
  18.600000000000001   0.084400000000000
  18.620000000000001  -0.344020000000000
  18.640000000000001  -0.430210000000000
  18.660000000000000  -0.276980000000000
  18.680000000000000  -0.048460000000000
  18.699999999999999   0.038220000000000
  18.719999999999999  -0.001610000000000
  18.740000000000002  -0.105220000000000
  18.760000000000002  -0.336690000000000
  18.780000000000001  -0.591040000000000
  18.800000000000001  -0.636580000000000
  18.820000000000000  -0.688940000000000
  18.840000000000000  -0.435390000000000
  18.859999999999999  -0.034480000000000
  18.879999999999999  -0.031740000000000
  18.900000000000002  -0.146250000000000
  18.920000000000002  -0.049130000000000
  18.940000000000001   0.361280000000000
  18.960000000000001   0.697900000000000
  18.980000000000000   0.446420000000000
  19.000000000000000   0.016580000000000
  19.020000000000000   0.161260000000000
  19.039999999999999   0.544640000000000
  19.059999999999999   0.601470000000000
  19.080000000000002  -0.091830000000000
  19.100000000000001  -0.439240000000000
  19.120000000000001  -0.478510000000000
  19.140000000000001  -0.478070000000000
  19.160000000000000   0.138540000000000
  19.180000000000000   0.427930000000000
  19.199999999999999   0.363230000000000
  19.219999999999999   0.217100000000000
  19.240000000000002   0.104140000000000
  19.260000000000002  -0.110700000000000
  19.280000000000001  -0.283890000000000
  19.300000000000001  -0.054700000000000
  19.320000000000000   0.189780000000000
  19.340000000000000   0.298050000000000
  19.359999999999999  -0.165360000000000
  19.379999999999999  -0.771020000000000
  19.400000000000002  -0.877530000000000
  19.420000000000002  -0.182520000000000
  19.440000000000001   0.553520000000000
  19.460000000000001   0.627360000000000
  19.480000000000000   0.681060000000000
  19.500000000000000   0.769740000000000
  19.520000000000000   0.673340000000000
  19.539999999999999   0.234000000000000
  19.559999999999999  -0.400130000000000
  19.580000000000002  -0.747540000000000
  19.600000000000001  -0.582020000000000
  19.620000000000001  -0.055460000000000
  19.640000000000001   0.021970000000000
  19.660000000000000  -0.479490000000000
  19.680000000000000  -0.214330000000000
  19.699999999999999   0.648500000000000
  19.719999999999999   1.140810000000000
  19.740000000000002   0.587540000000000
  19.760000000000002  -0.352210000000000
  19.780000000000001  -1.152780000000000
  19.800000000000001  -1.022370000000000
  19.820000000000000  -0.180070000000000
  19.840000000000000   0.019020000000000
  19.859999999999999   0.059040000000000
  19.879999999999999   0.390530000000000
  19.900000000000002   0.331040000000000
  19.920000000000002  -0.290710000000000
  19.940000000000001  -0.497950000000000
  19.960000000000001  -0.470620000000000
  19.980000000000000  -0.141310000000000
  20.000000000000000   0.382980000000000
  20.020000000000000   0.541680000000000
  20.039999999999999   0.215080000000000
  20.059999999999999  -0.110850000000000
  20.080000000000002  -0.207430000000000
  20.100000000000001  -0.384670000000000
  20.120000000000001  -0.157400000000000
  20.140000000000001   0.242530000000000
  20.160000000000000   0.274530000000000
  20.180000000000000   0.039220000000000
  20.199999999999999  -0.132410000000000
  20.219999999999999  -0.136750000000000
  20.240000000000002  -0.058340000000000
  20.260000000000002   0.050860000000000
  20.280000000000001   0.106410000000000
  20.300000000000001   0.121560000000000
  20.320000000000000   0.079090000000000
  20.340000000000000   0.039490000000000
  20.359999999999999   0.043920000000000
  20.379999999999999   0.055280000000000
  20.400000000000002   0.028280000000000
  20.420000000000002   0.015480000000000
  20.440000000000001   0.052040000000000
  20.460000000000001   0.099980000000000
  20.480000000000000   0.101770000000000
  20.500000000000000   0.105280000000000
  20.520000000000000   0.066070000000000
  20.539999999999999  -0.001100000000000
  20.559999999999999  -0.023730000000000
  20.580000000000002   0.016890000000000
  20.600000000000001   0.150390000000000
  20.620000000000001   0.256500000000000
  20.640000000000001   0.282710000000000
  20.660000000000000   0.192730000000000
  20.680000000000000  -0.018300000000000
  20.699999999999999  -0.203810000000000
  20.719999999999999  -0.242250000000000
  20.740000000000002  -0.151030000000000
  20.760000000000002  -0.075380000000000
  20.780000000000001   0.012780000000000
  20.800000000000001   0.119350000000000
  20.820000000000000   0.179080000000000
  20.840000000000000   0.176080000000000
  20.859999999999999   0.145800000000000
  20.879999999999999   0.146740000000000
  20.900000000000002   0.160590000000000
  20.920000000000002   0.099160000000000
  20.940000000000001   0.001300000000000
  20.960000000000001  -0.077770000000000
  20.980000000000000  -0.078190000000000
  21.000000000000000   0.029360000000000
  21.020000000000000   0.151100000000000
  21.039999999999999   0.210850000000000
  21.059999999999999   0.177140000000000
  21.080000000000002   0.077630000000000
  21.100000000000001   0.068390000000000
  21.120000000000001   0.104170000000000
  21.140000000000001   0.037780000000000
  21.160000000000000  -0.034270000000000
  21.180000000000000  -0.061750000000000
  21.199999999999999  -0.090030000000000
  21.219999999999999  -0.107570000000000
  21.240000000000002  -0.078910000000000
  21.260000000000002  -0.011390000000000
  21.280000000000001   0.031270000000000
  21.300000000000001   0.019830000000000
  21.320000000000000  -0.005820000000000
  21.340000000000000  -0.006250000000000
  21.359999999999999   0.031280000000000
  21.379999999999999   0.067900000000000
  21.400000000000002   0.081980000000000
  21.420000000000002   0.058000000000000
  21.440000000000001   0.033300000000000
  21.460000000000001   0.006300000000000
  21.480000000000000   0.009500000000000
  21.500000000000000   0.020980000000000
  21.520000000000000   0.002430000000000
  21.539999999999999   0.001150000000000
  21.559999999999999  -0.002360000000000
  21.580000000000002   0.017430000000000
  21.600000000000001   0.027160000000000
  21.620000000000001   0.005450000000000
  21.640000000000001  -0.021960000000000
  21.660000000000000  -0.032830000000000
  21.680000000000000  -0.062070000000000
  21.699999999999999  -0.128810000000000
  21.719999999999999  -0.167790000000000
  21.740000000000002  -0.117040000000000
  21.760000000000002  -0.060820000000000
  21.780000000000001  -0.092490000000000
  21.800000000000001  -0.120670000000000
  21.820000000000000  -0.116350000000000
  21.840000000000000  -0.072450000000000
  21.859999999999999  -0.028100000000000
  21.879999999999999   0.014400000000000
  21.900000000000002   0.011570000000000
  21.920000000000002  -0.022380000000000
  21.940000000000001  -0.028960000000000
  21.960000000000001  -0.020540000000000
  21.980000000000000   0.029250000000000
  22.000000000000000   0.077120000000000
  22.020000000000000   0.044350000000000
  22.039999999999999  -0.004180000000000
  22.059999999999999   0.038180000000000
  22.080000000000002   0.079910000000000
  22.100000000000001   0.088430000000000
  22.120000000000001   0.048760000000000
  22.140000000000001   0.004990000000000
  22.160000000000000   0.000630000000000
  22.180000000000000   0.000310000000000
  22.199999999999999  -0.000130000000000
  22.219999999999999   0.002290000000000
  22.240000000000002   0.022450000000000
  22.260000000000002   0.005650000000000
  22.280000000000001  -0.018220000000000
  22.300000000000001  -0.068200000000000
  22.320000000000000  -0.095320000000000
  22.340000000000000  -0.084970000000000
  22.359999999999999  -0.038980000000000
  22.379999999999999   0.050940000000000
  22.400000000000002   0.122420000000000
  22.420000000000002   0.147730000000000
  22.440000000000001   0.102210000000000
  22.460000000000001   0.037080000000000
  22.480000000000000  -0.021270000000000
  22.500000000000000  -0.067720000000000
  22.520000000000000  -0.085920000000000
  22.539999999999999  -0.029400000000000
  22.559999999999999   0.076940000000000
  22.580000000000002   0.186850000000000
  22.600000000000001   0.225840000000000
  22.620000000000001   0.182890000000000
  22.640000000000001   0.051100000000000
  22.660000000000000  -0.088880000000000
  22.680000000000000  -0.105370000000000
  22.699999999999999  -0.060910000000000
  22.719999999999999  -0.007130000000000
  22.740000000000002   0.019350000000000
  22.760000000000002  -0.002830000000000
  22.780000000000001  -0.054440000000000
  22.800000000000001  -0.077200000000000
  22.820000000000000  -0.033800000000000
  22.840000000000000   0.008460000000000
  22.859999999999999   0.004580000000000
  22.879999999999999  -0.010980000000000
  22.900000000000002  -0.003600000000000
  22.920000000000002   0.009190000000000
  22.940000000000001  -0.003200000000000
  22.960000000000001  -0.084200000000000
  22.980000000000000  -0.160010000000000
  23.000000000000000  -0.160790000000000
  23.020000000000000  -0.086390000000000
  23.039999999999999  -0.002430000000000
  23.059999999999999  -0.009620000000000
  23.080000000000002  -0.025540000000000
  23.100000000000001  -0.031640000000000
  23.120000000000001  -0.008280000000000
  23.140000000000001   0.013630000000000
  23.160000000000000   0.006580000000000
  23.180000000000000   0.047660000000000
  23.199999999999999   0.063200000000000
  23.219999999999999   0.028500000000000
  23.240000000000002   0.003100000000000
  23.260000000000002  -0.040700000000000
  23.280000000000001  -0.024460000000000
  23.300000000000001  -0.040270000000000
  23.320000000000000  -0.061500000000000
  23.340000000000000  -0.022210000000000
  23.359999999999999   0.030810000000000
  23.379999999999999   0.087460000000000
  23.400000000000002   0.099020000000000
  23.420000000000002   0.107110000000000
  23.440000000000001   0.107920000000000
  23.460000000000001   0.093880000000000
  23.480000000000000   0.084750000000000
  23.500000000000000   0.092850000000000
  23.520000000000000   0.117030000000000
  23.539999999999999   0.131370000000000
  23.559999999999999   0.120350000000000
  23.580000000000002   0.080390000000000
  23.600000000000001   0.034070000000000
  23.620000000000001   0.012500000000000
  23.640000000000001   0.003000000000000
  23.660000000000000   0.013770000000000
  23.680000000000000  -0.014210000000000
  23.699999999999999  -0.032760000000000
  23.719999999999999  -0.030890000000000
  23.740000000000002   0.003960000000000
  23.760000000000002   0.045070000000000
  23.780000000000001   0.054450000000000
  23.800000000000001   0.050070000000000
  23.820000000000000   0.003180000000000
  23.840000000000000  -0.016780000000000
  23.859999999999999  -0.014460000000000
  23.879999999999999  -0.011740000000000
  23.900000000000002  -0.001740000000000
  23.920000000000002  -0.017380000000000
  23.940000000000001  -0.056750000000000
  23.960000000000001  -0.058680000000000
  23.980000000000000  -0.102650000000000
  24.000000000000000  -0.106960000000000
  24.020000000000000  -0.055380000000000
  24.039999999999999  -0.039210000000000
  24.060000000000002  -0.011570000000000
  24.080000000000002   0.000800000000000
  24.100000000000001  -0.007960000000000
  24.120000000000001  -0.015130000000000
  24.140000000000001  -0.012990000000000
  24.160000000000000  -0.022720000000000
  24.180000000000000  -0.022090000000000
  24.199999999999999  -0.036310000000000
  24.219999999999999  -0.078040000000000
  24.240000000000002  -0.085880000000000
  24.260000000000002  -0.058430000000000
  24.280000000000001  -0.024400000000000
  24.300000000000001   0.054000000000000
  24.320000000000000   0.062740000000000
  24.340000000000000   0.044110000000000
  24.359999999999999   0.033040000000000
  24.379999999999999  -0.009310000000000
  24.400000000000002   0.007390000000000
  24.420000000000002   0.046410000000000
  24.440000000000001   0.087020000000000
  24.460000000000001   0.118050000000000
  24.480000000000000   0.115300000000000
  24.500000000000000   0.068580000000000
  24.520000000000000   0.031630000000000
  24.539999999999999   0.008960000000000
  24.560000000000002  -0.013910000000000
  24.580000000000002  -0.009300000000000
  24.600000000000001   0.015450000000000
  24.620000000000001   0.034380000000000
  24.640000000000001   0.035160000000000
  24.660000000000000   0.027810000000000
  24.680000000000000   0.034120000000000
  24.699999999999999   0.009950000000000
  24.719999999999999  -0.009150000000000
  24.740000000000002   0.012140000000000
  24.760000000000002   0.040010000000000
  24.780000000000001   0.043480000000000
  24.800000000000001   0.017370000000000
  24.820000000000000   0.037000000000000
  24.840000000000000   0.073530000000000
  24.859999999999999   0.096580000000000
  24.879999999999999   0.080980000000000
  24.900000000000002   0.053680000000000
  24.920000000000002   0.063690000000000
  24.940000000000001   0.054270000000000
  24.960000000000001   0.019710000000000
  24.980000000000000  -0.003080000000000
  25.000000000000000   0.015950000000000
  25.020000000000000   0.040580000000000
  25.039999999999999   0.046040000000000
  25.060000000000002   0.065140000000000
  25.080000000000002   0.089720000000000
  25.100000000000001   0.083020000000000
  25.120000000000001   0.062140000000000
  25.140000000000001   0.029030000000000
  25.160000000000000   0.002290000000000
  25.180000000000000   0.020040000000000
  25.199999999999999   0.018570000000000
  25.219999999999999  -0.024760000000000
  25.240000000000002  -0.027800000000000
  25.260000000000002   0.031420000000000
  25.280000000000001   0.093250000000000
  25.300000000000001   0.118370000000000
  25.320000000000000   0.089800000000000
  25.340000000000000   0.086630000000000
  25.359999999999999   0.081340000000000
  25.379999999999999   0.039980000000000
  25.400000000000002  -0.060350000000000
  25.420000000000002  -0.043260000000000
  25.440000000000001   0.070210000000000
  25.460000000000001   0.042020000000000
  25.480000000000000   0.042580000000000
  25.500000000000000   0.074090000000000
  25.520000000000000   0.108290000000000
  25.539999999999999   0.083780000000000
  25.560000000000002   0.014020000000000
  25.580000000000002  -0.027870000000000
  25.600000000000001  -0.039130000000000
  25.620000000000001  -0.018170000000000
  25.640000000000001   0.010140000000000
  25.660000000000000   0.081120000000000
  25.680000000000000   0.103530000000000
  25.699999999999999   0.064250000000000
  25.719999999999999   0.018660000000000
  25.740000000000002  -0.015650000000000
  25.760000000000002  -0.043340000000000
  25.780000000000001  -0.050680000000000
  25.800000000000001  -0.046720000000000
  25.820000000000000  -0.044430000000000
  25.840000000000000  -0.021640000000000
  25.859999999999999  -0.009710000000000
  25.879999999999999  -0.015560000000000
  25.900000000000002  -0.011640000000000
  25.920000000000002  -0.029260000000000
  25.940000000000001  -0.058310000000000
  25.960000000000001  -0.077970000000000
  25.980000000000000  -0.071020000000000
  26.000000000000000  -0.048120000000000
  26.020000000000000  -0.026700000000000
  26.039999999999999  -0.026450000000000
  26.060000000000002  -0.051190000000000
  26.080000000000002  -0.045350000000000
  26.100000000000001  -0.064290000000000
  26.120000000000001  -0.081390000000000
  26.140000000000001  -0.082650000000000
  26.160000000000000  -0.097110000000000
  26.180000000000000  -0.072450000000000
  26.199999999999999  -0.052440000000000
  26.219999999999999  -0.065280000000000
  26.240000000000002  -0.076120000000000
  26.260000000000002  -0.074400000000000
  26.280000000000001  -0.077950000000000
  26.300000000000001  -0.086280000000000
  26.320000000000000  -0.082940000000000
  26.340000000000000  -0.053050000000000
  26.359999999999999  -0.019800000000000
  26.379999999999999  -0.009420000000000
  26.400000000000002  -0.041290000000000
  26.420000000000002  -0.066980000000000
  26.440000000000001  -0.062800000000000
  26.460000000000001  -0.075190000000000
  26.480000000000000  -0.073050000000000
  26.500000000000000  -0.097830000000000
  26.520000000000000  -0.127490000000000
  26.539999999999999  -0.164460000000000
  26.560000000000002  -0.231150000000000
  26.580000000000002  -0.279590000000000
  26.600000000000001  -0.189920000000000
  26.620000000000001   0.010010000000000
  26.640000000000001   0.147960000000000
  26.660000000000000   0.241050000000000
  26.680000000000000   0.229340000000000
  26.699999999999999   0.124920000000000
  26.719999999999999  -0.041280000000000
  26.740000000000002  -0.204900000000000
  26.760000000000002  -0.268920000000000
  26.780000000000001  -0.124750000000000
  26.800000000000001   0.021090000000000
  26.820000000000000   0.082020000000000
  26.840000000000000   0.183370000000000
  26.859999999999999   0.185180000000000
  26.879999999999999   0.067860000000000
  26.900000000000002  -0.076800000000000
  26.920000000000002  -0.184820000000000
  26.940000000000001  -0.208560000000000
  26.960000000000001  -0.039490000000000
  26.980000000000000   0.182760000000000
  27.000000000000000   0.236210000000000
  27.020000000000000   0.116130000000000
  27.039999999999999  -0.054610000000000
  27.060000000000002  -0.202140000000000
  27.080000000000002  -0.291280000000000
  27.100000000000001  -0.262650000000000
  27.120000000000001  -0.153190000000000
  27.140000000000001  -0.071850000000000
  27.160000000000000  -0.044460000000000
  27.180000000000000   0.057590000000000
  27.199999999999999   0.166810000000000
  27.219999999999999   0.193810000000000
  27.240000000000002   0.115690000000000
  27.260000000000002  -0.065320000000000
  27.280000000000001  -0.183800000000000
  27.300000000000001  -0.192160000000000
  27.320000000000000  -0.144700000000000
  27.340000000000000  -0.028510000000000
  27.359999999999999   0.045270000000000
  27.379999999999999   0.059120000000000
  27.400000000000002   0.013750000000000
  27.420000000000002  -0.035980000000000
  27.440000000000001  -0.024580000000000
  27.460000000000001   0.003090000000000
  27.480000000000000   0.099290000000000
  27.500000000000000   0.137710000000000
  27.520000000000000   0.069140000000000
  27.539999999999999  -0.080950000000000
  27.560000000000002  -0.153980000000000
  27.580000000000002  -0.189220000000000
  27.600000000000001  -0.114780000000000
  27.620000000000001   0.112780000000000
  27.640000000000001   0.299840000000000
  27.660000000000000   0.369080000000000
  27.680000000000000   0.240360000000000
  27.699999999999999   0.076180000000000
  27.719999999999999  -0.120510000000000
  27.740000000000002  -0.275160000000000
  27.760000000000002  -0.248410000000000
  27.780000000000001  -0.109130000000000
  27.800000000000001   0.047090000000000
  27.820000000000000   0.153380000000000
  27.840000000000000   0.142590000000000
  27.859999999999999   0.056210000000000
  27.879999999999999  -0.007340000000000
  27.900000000000002  -0.046880000000000
  27.920000000000002  -0.052690000000000
  27.940000000000001  -0.023530000000000
  27.960000000000001  -0.006180000000000
  27.980000000000000   0.027000000000000
  28.000000000000000   0.065960000000000
  28.020000000000000   0.046300000000000
  28.039999999999999   0.027040000000000
  28.060000000000002   0.029180000000000
  28.080000000000002   0.045910000000000
  28.100000000000001   0.046220000000000
  28.120000000000001   0.025720000000000
  28.140000000000001   0.017760000000000
  28.160000000000000   0.019330000000000
  28.180000000000000   0.014370000000000
  28.199999999999999   0.021370000000000
  28.219999999999999   0.049220000000000
  28.240000000000002   0.043840000000000
  28.260000000000002   0.006330000000000
  28.280000000000001  -0.049390000000000
  28.300000000000001  -0.064580000000000
  28.320000000000000  -0.024830000000000
  28.340000000000000   0.011890000000000
  28.359999999999999   0.033950000000000
  28.379999999999999   0.030810000000000
  28.400000000000002  -0.017090000000000
  28.420000000000002  -0.063810000000000
  28.440000000000001  -0.075050000000000
  28.460000000000001  -0.042760000000000
  28.480000000000000  -0.021470000000000
  28.500000000000000  -0.044400000000000
  28.520000000000000  -0.035060000000000
  28.539999999999999   0.008520000000000
  28.560000000000002   0.054680000000000
  28.580000000000002   0.091950000000000
  28.600000000000001   0.081030000000000
  28.620000000000001   0.021340000000000
  28.640000000000001  -0.030020000000000
  28.660000000000000  -0.051870000000000
  28.680000000000000  -0.021910000000000
  28.699999999999999   0.013720000000000
  28.719999999999999   0.006300000000000
  28.740000000000002   0.032920000000000
  28.760000000000002   0.050090000000000
  28.780000000000001   0.038190000000000
  28.800000000000001   0.058440000000000
  28.820000000000000   0.073520000000000
  28.840000000000000   0.070310000000000
  28.859999999999999   0.040120000000000
  28.879999999999999   0.004270000000000
  28.900000000000002  -0.048130000000000
  28.920000000000002  -0.055510000000000
  28.940000000000001   0.010940000000000
  28.960000000000001   0.063680000000000
  28.980000000000000   0.049950000000000
  29.000000000000000   0.024310000000000
  29.020000000000000  -0.022560000000000
  29.039999999999999  -0.046450000000000
  29.060000000000002  -0.057540000000000
  29.080000000000002  -0.071970000000000
  29.100000000000001  -0.050780000000000
  29.120000000000001   0.014970000000000
  29.140000000000001   0.028060000000000
  29.160000000000000  -0.017090000000000
  29.180000000000000  -0.031390000000000
  29.199999999999999  -0.065340000000000
  29.219999999999999  -0.074740000000000
  29.240000000000002  -0.052380000000000
  29.260000000000002  -0.044810000000000
  29.280000000000001  -0.025270000000000
  29.300000000000001  -0.018620000000000
  29.320000000000000  -0.019480000000000
  29.340000000000000  -0.022120000000000
  29.359999999999999  -0.021160000000000
  29.379999999999999  -0.022450000000000
  29.400000000000002  -0.006010000000000
  29.420000000000002   0.012210000000000
  29.440000000000001  -0.006830000000000
  29.460000000000001  -0.026840000000000
  29.480000000000000  -0.013350000000000
  29.500000000000000   0.002100000000000
  29.520000000000000   0.015710000000000
  29.539999999999999   0.026510000000000
  29.560000000000002   0.016870000000000
  29.580000000000002  -0.004130000000000
  29.600000000000001  -0.003540000000000
  29.620000000000001   0.000340000000000
  29.640000000000001   0.005380000000000
  29.660000000000000  -0.004010000000000
  29.680000000000000   0.002850000000000
  29.699999999999999   0.023040000000000
  29.719999999999999  -0.004550000000000
  29.740000000000002  -0.001470000000000
  29.760000000000002  -0.014160000000000
  29.780000000000001  -0.021900000000000
  29.800000000000001  -0.070680000000000
  29.820000000000000  -0.113020000000000
  29.840000000000000  -0.100140000000000
  29.859999999999999  -0.103400000000000
  29.879999999999999  -0.092490000000000
  29.900000000000002  -0.038810000000000
  29.920000000000002  -0.029230000000000
  29.940000000000001  -0.035960000000000
  29.960000000000001  -0.024280000000000
  29.980000000000000  -0.018590000000000