                   0                   0
   0.020000000000000  -0.056600000000000
   0.040000000000000   0.020800000000000
   0.060000000000000   0.012600000000000
   0.080000000000000  -0.011200000000000
   0.100000000000000  -0.004600000000000
   0.120000000000000  -0.058700000000000
   0.140000000000000   0.017300000000000
   0.160000000000000  -0.052000000000000
   0.180000000000000   0.070100000000000
   0.200000000000000  -0.056200000000000
   0.220000000000000  -0.030900000000000
   0.240000000000000   0.059800000000000
   0.260000000000000  -0.079100000000000
   0.280000000000000  -0.055300000000000
   0.300000000000000   0.013800000000000
   0.320000000000000   0.099500000000000
   0.340000000000000   0.037300000000000
   0.360000000000000  -0.107800000000000
   0.380000000000000  -0.051000000000000
   0.400000000000000   0.107700000000000
   0.420000000000000   0.063700000000000
   0.440000000000000  -0.058000000000000
   0.460000000000000   0.028900000000000
   0.480000000000000   0.019600000000000
   0.500000000000000   0.096600000000000
   0.520000000000000  -0.054200000000000
   0.540000000000000   0.004100000000000
   0.560000000000000   0.082000000000000
   0.580000000000000  -0.035400000000000
   0.600000000000000   0.004100000000000
   0.620000000000000  -0.000700000000000
   0.640000000000000  -0.011000000000000
   0.660000000000000   0.112600000000000
   0.680000000000000   0.046500000000000
   0.700000000000000  -0.107600000000000
   0.720000000000000  -0.025200000000000
   0.740000000000000   0.018100000000000
   0.760000000000000  -0.003400000000000
   0.780000000000000   0.056600000000000
   0.800000000000000   0.072700000000000
   0.820000000000000  -0.035600000000000
   0.840000000000000  -0.031000000000000
   0.860000000000000  -0.064300000000000
   0.880000000000000   0.014600000000000
   0.900000000000000   0.017800000000000
   0.920000000000000   0.109600000000000
   0.940000000000000   0.002800000000000
   0.960000000000000  -0.089200000000000
   0.980000000000000  -0.055800000000000
   1.000000000000000   0.047000000000000
   1.020000000000000   0.048100000000000
   1.040000000000000  -0.125800000000000
   1.060000000000000   0.073100000000000
   1.080000000000000  -0.029300000000000
   1.100000000000000  -0.059600000000000
   1.120000000000000  -0.040600000000000
   1.140000000000000   0.011400000000000
   1.160000000000000   0.062700000000000
   1.180000000000000   0.001600000000000
   1.200000000000000  -0.080900000000000
   1.220000000000000   0.037400000000000
   1.240000000000000  -0.008600000000000
   1.260000000000000  -0.075500000000000
   1.280000000000000   0.054300000000000
   1.300000000000000  -0.010000000000000
   1.320000000000000   0.033100000000000
   1.340000000000000  -0.084400000000000
   1.360000000000000  -0.057000000000000
   1.380000000000000   0.065400000000000
   1.400000000000000   0.032400000000000
   1.420000000000000  -0.078800000000000
   1.440000000000000  -0.069900000000000
   1.460000000000000  -0.037000000000000
   1.480000000000000  -0.049100000000000
   1.500000000000000   0.136100000000000
   1.520000000000000   0.108300000000000
   1.540000000000000   0.110200000000000
   1.560000000000000  -0.081900000000000
   1.580000000000000  -0.150400000000000
   1.600000000000000   0.001100000000000
   1.620000000000000  -0.043200000000000
   1.640000000000000  -0.163400000000000
   1.660000000000000  -0.042100000000000
   1.680000000000000   0.173800000000000
   1.700000000000000   0.299400000000000
   1.720000000000000   0.331700000000000
   1.740000000000000  -0.141500000000000
   1.760000000000000  -0.253900000000000
   1.780000000000000  -0.106900000000000
   1.800000000000000  -0.046600000000000
   1.820000000000000   0.229900000000000
   1.840000000000000   0.682400000000000
   1.860000000000000   0.419900000000000
   1.880000000000000  -0.040500000000000
   1.900000000000000  -0.009600000000000
   1.920000000000000  -0.219800000000000
   1.940000000000000  -0.751500000000000
   1.960000000000000  -0.412800000000000
   1.980000000000000   0.121500000000000
   2.000000000000000  -0.111200000000000
   2.020000000000000   0.089800000000000
   2.040000000000000   0.154200000000000
   2.060000000000000  -0.421200000000000
   2.080000000000000  -0.290500000000000
   2.100000000000000   0.203300000000000
   2.120000000000000   0.407000000000000
   2.140000000000000   0.062000000000000
   2.160000000000000  -0.421500000000000
   2.180000000000000  -0.313900000000000
   2.200000000000000   0.702400000000000
   2.220000000000000   0.929300000000000
   2.240000000000000   0.314700000000000
   2.260000000000000  -0.301200000000000
   2.280000000000000   0.222200000000000
   2.300000000000000   0.719900000000000
   2.320000000000000   0.305500000000000
   2.340000000000000  -0.718200000000000
   2.360000000000000  -1.346700000000000
   2.380000000000000  -0.665100000000000
   2.400000000000000   0.003200000000000
   2.420000000000000   0.011000000000000
   2.440000000000000  -0.270900000000000
   2.460000000000000   0.156700000000000
   2.480000000000000   0.298700000000000
   2.500000000000000  -0.172100000000000
   2.520000000000000  -0.270800000000000
   2.540000000000000   0.266800000000000
   2.560000000000000   0.222500000000000
   2.580000000000000   0.006400000000000
   2.600000000000000   0.101400000000000
   2.620000000000000   0.287600000000000
   2.640000000000000   0.123200000000000
   2.660000000000000  -0.225600000000000
   2.680000000000000  -0.129100000000000
   2.700000000000000  -0.086600000000000
   2.720000000000000  -0.387500000000000
   2.740000000000000  -0.190600000000000
   2.760000000000000   0.506600000000000
   2.780000000000000   0.918500000000000
   2.800000000000000   0.619800000000000
   2.820000000000000  -0.004200000000000
   2.840000000000000  -0.650200000000000
   2.860000000000000  -0.622700000000000
   2.880000000000000  -0.326300000000000
   2.900000000000000  -0.106000000000000
   2.920000000000000   0.567900000000000
   2.940000000000000   0.351200000000000
   2.960000000000000  -0.295600000000000
   2.980000000000000  -0.480300000000000
   3.000000000000000  -0.168500000000000
   3.020000000000000   0.008800000000000
   3.040000000000000   0.170400000000000
   3.060000000000000   0.213600000000000
   3.080000000000000  -0.139100000000000
   3.100000000000000  -0.260500000000000
   3.120000000000000  -0.051400000000000
   3.140000000000000  -0.045100000000000
   3.160000000000000   0.054700000000000
   3.180000000000000   0.318600000000000
   3.200000000000000   0.297600000000000
   3.220000000000000   0.174100000000000
   3.240000000000000   0.078500000000000
   3.260000000000000  -0.157700000000000
   3.280000000000000  -0.097400000000000
   3.300000000000000   0.175900000000000
   3.320000000000000   0.131500000000000
   3.340000000000000  -0.069200000000000
   3.360000000000000  -0.136600000000000
   3.380000000000000  -0.247700000000000
   3.400000000000000  -0.252600000000000
   3.420000000000000   0.033300000000000
   3.440000000000000   0.140200000000000
   3.460000000000000   0.059800000000000
   3.480000000000000   0.083300000000000
   3.500000000000000   0.032500000000000
   3.520000000000000  -0.126400000000000
   3.540000000000000  -0.049800000000000
   3.560000000000000   0.063900000000000
   3.580000000000000   0.115800000000000
   3.600000000000000  -0.000700000000000
   3.620000000000000  -0.199000000000000
   3.640000000000000  -0.063500000000000
   3.660000000000000   0.200200000000000
   3.680000000000000   0.201100000000000
   3.700000000000000   0.019300000000000
   3.720000000000000  -0.179100000000000
   3.740000000000000  -0.059800000000000
   3.760000000000000   0.023500000000000
   3.780000000000000   0.002800000000000
   3.800000000000000   0.037700000000000
   3.820000000000000   0.173000000000000
   3.840000000000000   0.088200000000000
   3.860000000000000  -0.140400000000000
   3.880000000000000  -0.148500000000000
   3.900000000000000  -0.026300000000000
   3.920000000000000   0.005500000000000
   3.940000000000000   0.026000000000000
   3.960000000000000   0.053000000000000
   3.980000000000000  -0.038900000000000
   4.000000000000000  -0.021600000000000
   4.020000000000001   0.068300000000000
   4.040000000000000  -0.056200000000000
   4.060000000000001  -0.148500000000000
   4.080000000000000  -0.098000000000000
   4.100000000000000   0.002100000000000
   4.120000000000000   0.045300000000000
   4.140000000000000   0.213500000000000
   4.160000000000000   0.143300000000000
   4.180000000000000   0.019200000000000
   4.200000000000000  -0.019800000000000
   4.220000000000000  -0.019900000000000
   4.240000000000000  -0.083100000000000
   4.260000000000000  -0.039400000000000
   4.280000000000000   0.084200000000000
   4.300000000000000   0.109200000000000
   4.320000000000000   0.038900000000000
   4.340000000000000  -0.027300000000000
   4.360000000000000  -0.076300000000000
   4.380000000000000  -0.059000000000000
   4.400000000000000   0.084000000000000
   4.420000000000000   0.071800000000000
   4.440000000000000  -0.046400000000000
   4.460000000000000  -0.013500000000000
   4.480000000000000   0.011500000000000
   4.500000000000000   0.025600000000000
   4.520000000000001  -0.014000000000000
   4.540000000000000  -0.066600000000000
   4.560000000000001  -0.042400000000000
   4.580000000000000   0.079200000000000
   4.600000000000001   0.055100000000000
   4.620000000000000  -0.117800000000000
   4.640000000000000  -0.127900000000000
   4.660000000000000  -0.035400000000000
   4.680000000000000   0.091900000000000
   4.700000000000000   0.088100000000000
   4.720000000000000   0.047600000000000
   4.740000000000000  -0.026600000000000
   4.760000000000000  -0.084100000000000
   4.780000000000000  -0.049000000000000
   4.800000000000000   0.058100000000000
   4.820000000000000   0.095900000000000
   4.840000000000000   0.099100000000000
   4.860000000000000   0.000700000000000
   4.880000000000000  -0.081100000000000
   4.900000000000000  -0.010100000000000
   4.920000000000000   0.015200000000000
   4.940000000000000  -0.044000000000000
   4.960000000000000  -0.009200000000000
   4.980000000000000   0.010700000000000
   5.000000000000000  -0.139700000000000
   5.020000000000001  -0.156400000000000
   5.040000000000000   0.004900000000000
   5.060000000000001   0.086600000000000
   5.080000000000000   0.111300000000000
   5.100000000000001   0.029800000000000
   5.120000000000000  -0.077400000000000
   5.140000000000000   0.044300000000000
   5.160000000000000   0.010600000000000
   5.180000000000000  -0.064700000000000
   5.200000000000000  -0.084600000000000
   5.220000000000000  -0.083700000000000
   5.240000000000000  -0.056500000000000
   5.260000000000000   0.004100000000000
   5.280000000000000   0.096600000000000
   5.300000000000000   0.114800000000000
   5.320000000000000   0.087300000000000
   5.340000000000000   0.059000000000000
   5.360000000000000   0.027800000000000
   5.380000000000000  -0.021000000000000
   5.400000000000000  -0.059600000000000
   5.420000000000000  -0.087800000000000
   5.440000000000000  -0.030200000000000
   5.460000000000000  -0.001500000000000
   5.480000000000000   0.042900000000000
   5.500000000000000   0.053700000000000
   5.520000000000001   0.060400000000000
   5.540000000000000   0.010800000000000
   5.560000000000001  -0.056800000000000
   5.580000000000000  -0.042800000000000
   5.600000000000001   0.066800000000000
   5.620000000000000   0.076400000000000
   5.640000000000000   0.003700000000000
   5.660000000000000  -0.050200000000000
   5.680000000000000   0.037700000000000
   5.700000000000000   0.030300000000000
   5.720000000000000  -0.080700000000000
   5.740000000000000  -0.011800000000000
   5.760000000000000   0.030700000000000
   5.780000000000000  -0.031700000000000
   5.800000000000000  -0.081300000000000
   5.820000000000000  -0.078300000000000
   5.840000000000000   0.053000000000000
   5.860000000000000   0.096300000000000
   5.880000000000000   0.065800000000000
   5.900000000000000   0.010900000000000
   5.920000000000000  -0.020800000000000
   5.940000000000000  -0.004600000000000
   5.960000000000000   0.014100000000000
   5.980000000000000  -0.010100000000000
   6.000000000000000  -0.040100000000000
   6.020000000000000   0.003100000000000
   6.040000000000000   0.044000000000000
   6.060000000000000   0.039800000000000
   6.080000000000000   0.008300000000000
   6.100000000000000  -0.046500000000000
   6.120000000000000   0.002100000000000
   6.140000000000000   0.077200000000000
   6.160000000000000   0.019100000000000
   6.180000000000000  -0.052400000000000
   6.200000000000000  -0.031600000000000
   6.220000000000000   0.040300000000000
   6.240000000000000   0.004800000000000
   6.260000000000000  -0.042900000000000
   6.280000000000000   0.003400000000000
   6.300000000000000  -0.001000000000000
   6.320000000000000  -0.027600000000000
   6.340000000000000   0.065000000000000
   6.360000000000000   0.057200000000000
   6.380000000000000  -0.039100000000000
   6.400000000000000  -0.077500000000000
   6.420000000000000  -0.017700000000000
   6.440000000000000   0.042600000000000
   6.460000000000000  -0.007800000000000
   6.480000000000000  -0.057900000000000
   6.500000000000000  -0.021800000000000
   6.520000000000000   0.035300000000000
   6.540000000000000   0.054700000000000
   6.560000000000000  -0.018500000000000
   6.580000000000000  -0.054500000000000
   6.600000000000000  -0.081200000000000
   6.620000000000000  -0.025600000000000
   6.640000000000000   0.018700000000000
   6.660000000000000   0.034400000000000
   6.680000000000000  -0.019900000000000
   6.700000000000000  -0.083000000000000
   6.720000000000000  -0.055900000000000
   6.740000000000000   0.055900000000000
   6.760000000000000   0.017500000000000
   6.780000000000000  -0.023000000000000
   6.800000000000000   0.038500000000000
   6.820000000000000   0.035400000000000
   6.840000000000000  -0.011400000000000
   6.860000000000000  -0.009400000000000
   6.880000000000000   0.066300000000000
   6.900000000000000   0.016000000000000
   6.920000000000000  -0.022100000000000
   6.940000000000000  -0.047100000000000
   6.960000000000000  -0.047700000000000
   6.980000000000000   0.016800000000000
   7.000000000000000  -0.022300000000000
   7.020000000000000  -0.068700000000000
   7.040000000000000   0.011700000000000
   7.060000000000000   0.067500000000000
   7.080000000000000   0.066900000000000
   7.100000000000000   0.022000000000000
   7.120000000000000  -0.017800000000000
   7.140000000000000   0.037400000000000
   7.160000000000000   0.018500000000000
   7.180000000000000  -0.024700000000000
   7.200000000000000  -0.007600000000000
   7.220000000000000  -0.011100000000000
   7.240000000000000  -0.068100000000000
   7.260000000000000  -0.070500000000000
   7.280000000000000  -0.012600000000000
   7.300000000000000   0.072400000000000
   7.320000000000000   0.052500000000000
   7.340000000000000  -0.012100000000000
   7.360000000000000   0.020000000000000
   7.380000000000000   0.006700000000000
   7.400000000000000   0.011200000000000
   7.420000000000000   0.019000000000000
   7.440000000000000  -0.044800000000000
   7.460000000000000   0.016400000000000
   7.480000000000000   0.028900000000000
   7.500000000000000  -0.047300000000000
   7.520000000000000  -0.019100000000000
   7.540000000000000   0.046000000000000
   7.560000000000000   0.027000000000000
   7.580000000000000  -0.013800000000000
   7.600000000000000   0.035700000000000
   7.620000000000000  -0.034000000000000
   7.640000000000000  -0.008100000000000
   7.660000000000000   0.031900000000000
   7.680000000000000   0.010000000000000
   7.700000000000000   0.003200000000000
   7.720000000000000   0.017500000000000
   7.740000000000000   0.004400000000000
   7.760000000000000   0.011900000000000
   7.780000000000000   0.026300000000000
   7.800000000000000  -0.028300000000000
   7.820000000000000  -0.055700000000000
   7.840000000000000  -0.013900000000000
   7.860000000000000   0.058800000000000
   7.880000000000000   0.029600000000000
   7.900000000000000  -0.020200000000000
   7.920000000000000  -0.035700000000000
   7.940000000000000   0.031100000000000
   7.960000000000000   0.032700000000000
   7.980000000000000  -0.034900000000000
   8.000000000000000  -0.048600000000000
   8.020000000000000   0.027800000000000
   8.039999999999999  -0.008400000000000
   8.060000000000001   0.001300000000000
   8.080000000000000   0.016400000000000
   8.100000000000000  -0.064500000000000
   8.120000000000001  -0.083800000000000
   8.140000000000001   0.009500000000000
   8.160000000000000   0.075000000000000
   8.180000000000000   0.052000000000000
   8.199999999999999  -0.023900000000000
   8.219999999999999  -0.069000000000000
   8.240000000000000  -0.002900000000000
   8.260000000000000   0.086700000000000
   8.279999999999999   0.077500000000000
   8.300000000000001   0.015700000000000
   8.320000000000000  -0.022300000000000
   8.340000000000000  -0.046100000000000
   8.359999999999999  -0.030300000000000
   8.379999999999999  -0.001700000000000
   8.400000000000000   0.003400000000000
   8.420000000000000  -0.023900000000000
   8.440000000000000  -0.045200000000000
   8.460000000000001  -0.045000000000000
   8.480000000000000   0.027200000000000
   8.500000000000000   0.077900000000000
   8.520000000000000   0.025300000000000
   8.539999999999999  -0.026200000000000
   8.560000000000001  -0.007700000000000
   8.580000000000000   0.031000000000000
   8.600000000000000  -0.036700000000000
   8.620000000000001  -0.061000000000000
   8.640000000000001   0.032700000000000
   8.660000000000000   0.075900000000000
   8.680000000000000   0.028600000000000
   8.699999999999999  -0.005900000000000
   8.719999999999999   0.002000000000000
   8.740000000000000   0.029200000000000
   8.760000000000000   0.019500000000000
   8.779999999999999  -0.048200000000000
   8.800000000000001  -0.076500000000000
   8.820000000000000  -0.061800000000000
   8.840000000000000  -0.026700000000000
   8.859999999999999   0.011400000000000
   8.879999999999999   0.025000000000000
   8.900000000000000   0.022500000000000
   8.920000000000000   0.021600000000000
   8.940000000000000   0.017300000000000
   8.960000000000001   0.018600000000000
   8.980000000000000   0.038100000000000
   9.000000000000000   0.033700000000000
   9.020000000000000  -0.020500000000000
   9.039999999999999  -0.065600000000000
   9.060000000000001  -0.046900000000000
   9.080000000000000   0.010500000000000
   9.100000000000000   0.027700000000000
   9.120000000000001   0.023700000000000
   9.140000000000001   0.006300000000000
   9.160000000000000  -0.023600000000000
   9.180000000000000  -0.039100000000000
   9.199999999999999  -0.019600000000000
   9.219999999999999   0.015100000000000
   9.240000000000000   0.029200000000000
   9.260000000000000   0.012700000000000
   9.279999999999999  -0.028700000000000
   9.300000000000001  -0.062400000000000
   9.320000000000000  -0.026500000000000
   9.340000000000000   0.004700000000000
   9.359999999999999   0.016500000000000
   9.379999999999999   0.022000000000000
   9.400000000000000   0.000400000000000
   9.420000000000000  -0.006800000000000
   9.440000000000000   0.032700000000000
   9.460000000000001   0.014200000000000
   9.480000000000000  -0.012300000000000
   9.500000000000000  -0.022000000000000
   9.520000000000000  -0.018800000000000
   9.539999999999999   0.016400000000000
   9.560000000000001   0.034300000000000
   9.580000000000000  -0.017800000000000
   9.600000000000000  -0.050900000000000
   9.620000000000001  -0.028200000000000
   9.640000000000001  -0.007400000000000
   9.660000000000000   0.023400000000000
   9.680000000000000   0.051700000000000
   9.699999999999999   0.048000000000000
   9.719999999999999  -0.000500000000000
   9.740000000000000  -0.031900000000000
   9.760000000000000  -0.042200000000000
   9.779999999999999   0.025300000000000
   9.800000000000001   0.020500000000000
   9.820000000000000  -0.002000000000000
   9.840000000000000  -0.005100000000000
   9.859999999999999   0.033600000000000
   9.879999999999999   0.021100000000000
   9.900000000000000  -0.005500000000000
   9.920000000000000  -0.027500000000000
   9.940000000000000   0.017300000000000
   9.960000000000001   0.038000000000000
   9.980000000000000   0.020600000000000
  10.000000000000000   0.003900000000000
  10.020000000000000  -0.012400000000000
  10.039999999999999  -0.019800000000000
  10.060000000000000   0.033100000000000
  10.080000000000000   0.016600000000000
  10.100000000000000  -0.004100000000000
  10.119999999999999   0.002300000000000
  10.140000000000001   0.046100000000000
  10.160000000000000  -0.014600000000000
  10.180000000000000  -0.004800000000000
  10.199999999999999   0.016000000000000
  10.220000000000001  -0.008800000000000
  10.240000000000000  -0.015300000000000
  10.260000000000000  -0.007900000000000
  10.279999999999999   0.022700000000000
  10.300000000000001   0.020300000000000
  10.320000000000000  -0.015900000000000
  10.340000000000000  -0.027300000000000
  10.359999999999999   0.005200000000000
  10.379999999999999   0.004100000000000
  10.400000000000000  -0.026400000000000
  10.420000000000000  -0.068600000000000
  10.440000000000000  -0.069200000000000
  10.460000000000001  -0.026400000000000
  10.480000000000000   0.027500000000000
  10.500000000000000   0.056100000000000
  10.520000000000000  -0.006800000000000
  10.539999999999999  -0.008800000000000
  10.560000000000000  -0.006000000000000
  10.580000000000000   0.003900000000000
  10.600000000000000   0.000500000000000
  10.619999999999999   0.004400000000000
  10.640000000000001  -0.014900000000000
  10.660000000000000  -0.023100000000000
  10.680000000000000  -0.007100000000000
  10.699999999999999   0.011700000000000
  10.720000000000001   0.019300000000000
  10.740000000000000   0.027000000000000
  10.760000000000000   0.030200000000000
  10.779999999999999   0.010100000000000
  10.800000000000001  -0.012800000000000
  10.820000000000000  -0.032900000000000
  10.840000000000000  -0.014200000000000
  10.859999999999999   0.017100000000000
  10.879999999999999   0.036400000000000
  10.900000000000000   0.002400000000000
  10.920000000000000   0.001100000000000
  10.940000000000000  -0.013200000000000
  10.960000000000001  -0.024600000000000
  10.980000000000000  -0.035300000000000
  11.000000000000000  -0.034200000000000
  11.020000000000000  -0.033300000000000
  11.039999999999999  -0.016800000000000
  11.060000000000000   0.013400000000000
  11.080000000000000   0.048900000000000
  11.100000000000000   0.053800000000000
  11.119999999999999   0.009300000000000
  11.140000000000001  -0.023300000000000
  11.160000000000000  -0.003000000000000
  11.180000000000000   0.006900000000000
  11.199999999999999  -0.005000000000000
  11.220000000000001  -0.031000000000000
  11.240000000000000  -0.023900000000000
  11.260000000000000  -0.002600000000000
  11.279999999999999   0.006100000000000
  11.300000000000001   0.001800000000000
  11.320000000000000  -0.004500000000000
  11.340000000000000   0.030400000000000
  11.359999999999999   0.046400000000000
  11.380000000000001   0.038000000000000
  11.400000000000000   0.005900000000000
  11.420000000000000  -0.012700000000000
  11.440000000000000  -0.001100000000000
  11.460000000000001   0.015700000000000
  11.480000000000000   0.021700000000000
  11.500000000000000   0.025200000000000
  11.520000000000000   0.007500000000000
  11.539999999999999  -0.015500000000000
  11.560000000000000  -0.041300000000000
  11.580000000000000  -0.044600000000000
  11.600000000000000  -0.031900000000000
  11.619999999999999   0.011900000000000
  11.640000000000001   0.034200000000000
  11.660000000000000   0.030800000000000
  11.680000000000000   0.003200000000000
  11.699999999999999  -0.020700000000000
  11.720000000000001   0.025600000000000
  11.740000000000000   0.033400000000000
  11.760000000000000   0.000300000000000
  11.779999999999999  -0.012900000000000
  11.800000000000001   0.028000000000000
  11.820000000000000   0.027900000000000
  11.840000000000000   0.010100000000000
  11.859999999999999  -0.014500000000000
  11.880000000000001   0.008100000000000
  11.900000000000000   0.033000000000000
  11.920000000000000  -0.001300000000000
  11.940000000000000  -0.028000000000000
  11.960000000000001  -0.027700000000000
  11.980000000000000   0.006000000000000
  12.000000000000000                   0