                   0                   0
   0.020000000000000   0.009480000000000
   0.040000000000000   0.010350000000000
   0.060000000000000   0.011110000000000
   0.080000000000000   0.011850000000000
   0.100000000000000   0.012600000000000
   0.120000000000000   0.013330000000000
   0.140000000000000   0.014060000000000
   0.160000000000000   0.014820000000000
   0.180000000000000   0.015550000000000
   0.200000000000000   0.016300000000000
   0.220000000000000   0.017030000000000
   0.240000000000000   0.017780000000000
   0.260000000000000   0.018500000000000
   0.280000000000000   0.019250000000000
   0.300000000000000   0.019980000000000
   0.320000000000000   0.020720000000000
   0.340000000000000   0.021420000000000
   0.360000000000000   0.021710000000000
   0.380000000000000   0.020990000000000
   0.400000000000000   0.020210000000000
   0.420000000000000   0.019490000000000
   0.440000000000000   0.018750000000000
   0.460000000000000   0.018000000000000
   0.480000000000000   0.017260000000000
   0.500000000000000   0.016520000000000
   0.520000000000000   0.015780000000000
   0.540000000000000   0.015050000000000
   0.560000000000000   0.014270000000000
   0.580000000000000   0.013590000000000
   0.600000000000000   0.012770000000000
   0.620000000000000   0.012120000000000
   0.640000000000000   0.011110000000000
   0.660000000000000   0.010320000000000
   0.680000000000000   0.009200000000000
   0.700000000000000   0.008490000000000
   0.720000000000000   0.007300000000000
   0.740000000000000   0.006660000000000
   0.760000000000000   0.005420000000000
   0.780000000000000   0.004800000000000
   0.800000000000000   0.003540000000000
   0.820000000000000   0.003290000000000
   0.840000000000000   0.003140000000000
   0.860000000000000   0.003810000000000
   0.880000000000000   0.004840000000000
   0.900000000000000   0.006860000000000
   0.920000000000000  -0.006630000000000
   0.940000000000000  -0.024620000000000
   0.960000000000000  -0.000490000000000
   0.980000000000000   0.031230000000000
   1.000000000000000   0.011070000000000
   1.020000000000000  -0.000110000000000
   1.040000000000000   0.007370000000000
   1.060000000000000   0.039460000000000
   1.080000000000000   0.053060000000000
   1.100000000000000   0.029920000000000
   1.120000000000000  -0.010600000000000
   1.140000000000000  -0.014370000000000
   1.160000000000000  -0.009860000000000
   1.180000000000000  -0.008190000000000
   1.200000000000000  -0.006070000000000
   1.220000000000000  -0.003880000000000
   1.240000000000000  -0.001910000000000
   1.260000000000000   0.000290000000000
   1.280000000000000   0.002250000000000
   1.300000000000000   0.004440000000000
   1.320000000000000   0.006410000000000
   1.340000000000000   0.008580000000000
   1.360000000000000   0.010590000000000
   1.380000000000000   0.012700000000000
   1.400000000000000   0.014730000000000
   1.420000000000000   0.015960000000000
   1.440000000000000   0.015500000000000
   1.460000000000000   0.014920000000000
   1.480000000000000   0.014550000000000
   1.500000000000000   0.013910000000000
   1.520000000000000   0.013680000000000
   1.540000000000000   0.012860000000000
   1.560000000000000   0.012840000000000
   1.580000000000000   0.011760000000000
   1.600000000000000   0.012030000000000
   1.620000000000000   0.010580000000000
   1.640000000000000   0.009770000000000
   1.660000000000000   0.003740000000000
   1.680000000000000   0.000390000000000
   1.700000000000000  -0.005950000000000
   1.720000000000000  -0.010040000000000
   1.740000000000000  -0.018510000000000
   1.760000000000000  -0.007110000000000
   1.780000000000000   0.009800000000000
   1.800000000000000   0.038710000000000
   1.820000000000000   0.063210000000000
   1.840000000000000  -0.049930000000000
   1.860000000000000  -0.122220000000000
   1.880000000000000   0.030620000000000
   1.900000000000000   0.037630000000000
   1.920000000000000   0.031340000000000
   1.940000000000000   0.039860000000000
   1.960000000000000  -0.018690000000000
   1.980000000000000  -0.052920000000000
   2.000000000000000   0.026060000000000
   2.020000000000000  -0.007260000000000
   2.040000000000000  -0.017400000000000
   2.060000000000000  -0.020680000000000
   2.080000000000000  -0.004170000000000
   2.100000000000000   0.008190000000000
   2.120000000000000   0.028870000000000
   2.140000000000000   0.038710000000000
   2.160000000000000   0.026790000000000
   2.180000000000000  -0.053730000000000
   2.200000000000000  -0.025870000000000
   2.220000000000000   0.025580000000000
   2.240000000000000   0.009690000000000
   2.260000000000000  -0.013550000000000
   2.280000000000000  -0.030290000000000
   2.300000000000000  -0.011590000000000
   2.320000000000000   0.010480000000000
   2.340000000000000   0.005370000000000
   2.360000000000000  -0.057730000000000
   2.380000000000000  -0.071790000000000
   2.400000000000000   0.013650000000000
   2.420000000000000   0.001080000000000
   2.440000000000000  -0.069040000000000
   2.460000000000000  -0.094620000000000
   2.480000000000000  -0.007150000000000
   2.500000000000000   0.034100000000000
   2.520000000000000   0.025680000000000
   2.540000000000000  -0.068860000000000
   2.560000000000000  -0.102750000000000
   2.580000000000000  -0.061700000000000
   2.600000000000000  -0.184140000000000
   2.620000000000000   0.141510000000000
   2.640000000000000   0.022140000000000
   2.660000000000000  -0.108850000000000
   2.680000000000000  -0.048050000000000
   2.700000000000000  -0.130770000000000
   2.720000000000000   0.082460000000000
   2.740000000000000  -0.157750000000000
   2.760000000000000  -0.087890000000000
   2.780000000000000  -0.136660000000000
   2.800000000000000  -0.007530000000000
   2.820000000000000  -0.167720000000000
   2.840000000000000   0.024720000000000
   2.860000000000000   0.002730000000000
   2.880000000000000  -0.138050000000000
   2.900000000000000   0.178940000000000
   2.920000000000000   0.019950000000000
   2.940000000000000  -0.160120000000000
   2.960000000000000  -0.133520000000000
   2.980000000000000   0.012010000000000
   3.000000000000000  -0.191040000000000
   3.020000000000000  -0.163060000000000
   3.040000000000000  -0.024470000000000
   3.060000000000000  -0.234790000000000
   3.080000000000000  -0.302180000000000
   3.100000000000000  -0.297390000000000
   3.120000000000000  -0.090320000000000
   3.140000000000000   0.150190000000000
   3.160000000000000  -0.468580000000000
   3.180000000000000  -0.048380000000000
   3.200000000000000   0.112600000000000
   3.220000000000000  -0.101250000000000
   3.240000000000000   0.031980000000000
   3.260000000000000  -0.154900000000000
   3.280000000000000  -0.333090000000000
   3.300000000000000   0.014780000000000
   3.320000000000000  -0.370950000000000
   3.340000000000000  -0.044620000000000
   3.360000000000000  -0.256010000000000
   3.380000000000000  -0.355380000000000
   3.400000000000000  -0.096600000000000
   3.420000000000000  -0.062710000000000
   3.440000000000000   0.148620000000000
   3.460000000000000  -0.036150000000000
   3.480000000000000  -0.078950000000000
   3.500000000000000  -0.208700000000000
   3.520000000000000  -0.260740000000000
   3.540000000000000   0.076320000000000
   3.560000000000000  -0.085590000000000
   3.580000000000000  -0.308240000000000
   3.600000000000000  -0.023610000000000
   3.620000000000000   0.226200000000000
   3.640000000000000  -0.223010000000000
   3.660000000000000   0.047710000000000
   3.680000000000000  -0.267330000000000
   3.700000000000000   0.140190000000000
   3.720000000000000   0.062850000000000
   3.740000000000000  -0.300240000000000
   3.760000000000000   0.199040000000000
   3.780000000000000   0.061020000000000
   3.800000000000000  -0.122090000000000
   3.820000000000000  -0.177940000000000
   3.840000000000000  -0.043170000000000
   3.860000000000000   0.006330000000000
   3.880000000000000  -0.011150000000000
   3.900000000000000   0.286120000000000
   3.920000000000000   0.054470000000000
   3.940000000000000   0.072670000000000
   3.960000000000000  -0.020780000000000
   3.980000000000000   0.016030000000000
   4.000000000000000   0.148850000000000
   4.020000000000001  -0.139360000000000
   4.040000000000000  -0.496560000000000
   4.060000000000001  -0.231890000000000
   4.080000000000000  -0.166900000000000
   4.100000000000000  -0.474420000000000
   4.120000000000000   0.250090000000000
   4.140000000000000   0.285270000000000
   4.160000000000000  -0.404290000000000
   4.180000000000000  -0.283630000000000
   4.200000000000000  -0.077630000000000
   4.220000000000000  -0.386470000000000
   4.240000000000000  -0.489420000000000
   4.260000000000000  -0.268750000000000
   4.280000000000000   0.171880000000000
   4.300000000000000   0.774520000000000
   4.320000000000000   0.134540000000000
   4.340000000000000  -0.608710000000000
   4.360000000000000  -0.436210000000000
   4.380000000000000   0.113170000000000
   4.400000000000000  -0.141490000000000
   4.420000000000000  -0.602730000000000
   4.440000000000000  -0.791210000000000
   4.460000000000000  -0.165930000000000
   4.480000000000000  -0.064570000000000
   4.500000000000000  -0.539900000000000
   4.520000000000001  -0.485850000000000
   4.540000000000000  -0.214670000000000
   4.560000000000001  -0.393040000000000
   4.580000000000000  -0.260680000000000
   4.600000000000001  -0.593120000000000
   4.620000000000000  -0.534000000000000
   4.640000000000000  -0.083460000000000
   4.660000000000000   0.540110000000000
   4.680000000000000   0.846190000000000
   4.700000000000000  -0.050500000000000
   4.720000000000000  -0.294770000000000
   4.740000000000000   0.402050000000000
   4.760000000000000  -0.080720000000000
   4.780000000000000  -0.659310000000000
   4.800000000000000  -0.524400000000000
   4.820000000000000  -0.098180000000000
   4.840000000000000   0.049410000000000
   4.860000000000000   0.233280000000000
   4.880000000000000  -0.093190000000000
   4.900000000000000  -0.107060000000000
   4.920000000000000   0.048090000000000
   4.940000000000000  -0.318110000000000
   4.960000000000000  -0.210900000000000
   4.980000000000000  -0.008420000000000
   5.000000000000000  -0.133590000000000
   5.020000000000001   0.042290000000000
   5.040000000000000  -0.399100000000000
   5.060000000000001  -0.109200000000000
   5.080000000000000  -0.043790000000000
   5.100000000000001  -0.177370000000000
   5.120000000000000   0.109750000000000
   5.140000000000000   0.194190000000000
   5.160000000000000   0.117160000000000
   5.180000000000000  -0.204240000000000
   5.200000000000000   0.052730000000000
   5.220000000000000   0.578550000000000
   5.240000000000000  -0.028700000000000
   5.260000000000000  -0.313260000000000
   5.280000000000000   0.208150000000000
   5.300000000000000   0.585000000000000
   5.320000000000000   1.414460000000000
   5.340000000000000   1.917500000000000
   5.360000000000000   0.285910000000000
   5.380000000000000  -2.103340000000000
   5.400000000000000  -2.001360000000000
   5.420000000000000  -1.250110000000000
   5.440000000000000  -1.095740000000000
   5.460000000000000  -1.516250000000000
   5.480000000000000  -1.283920000000000
   5.500000000000000  -1.838320000000000
   5.520000000000001  -1.859780000000000
   5.540000000000000  -2.318740000000000
   5.560000000000001  -2.787310000000000
   5.580000000000000  -1.290750000000000
   5.600000000000001   0.158190000000000
   5.620000000000000   0.327810000000000
   5.640000000000000   1.914830000000000
   5.660000000000000   5.158800000000000
   5.680000000000000   5.996660000000000
   5.700000000000000   4.479110000000000
   5.720000000000000   1.895340000000000
   5.740000000000000   0.969300000000000
   5.760000000000000   0.213380000000000
   5.780000000000000   0.044960000000000
   5.800000000000000   0.734940000000000
   5.820000000000000   2.104790000000000
   5.840000000000000   2.551640000000000
   5.860000000000000   2.402450000000000
   5.880000000000000   2.220610000000000
   5.900000000000000   1.500460000000000
   5.920000000000000   0.083330000000000
   5.940000000000000  -0.187790000000000
   5.960000000000000  -0.009480000000000
   5.980000000000000   0.103420000000000
   6.000000000000000   0.369110000000000
   6.020000000000001   0.901840000000000
   6.040000000000000   1.650560000000000
   6.060000000000001   1.553800000000000
   6.080000000000000   0.751410000000000
   6.100000000000001   0.603610000000000
   6.120000000000000   0.422310000000000
   6.140000000000001   0.306340000000000
   6.160000000000000   0.055770000000000
   6.180000000000000  -0.235550000000000
   6.200000000000000  -0.530880000000000
   6.220000000000000  -0.579320000000000
   6.240000000000000   0.102110000000000
   6.260000000000000   0.909390000000000
   6.280000000000000   1.240920000000000
   6.300000000000000   1.530880000000000
   6.320000000000000   1.718650000000000
   6.340000000000000   1.274120000000000
   6.360000000000000   0.841650000000000
   6.380000000000000   0.753990000000000
   6.400000000000000   0.725040000000000
   6.420000000000000   1.026550000000000
   6.440000000000000   1.353690000000000
   6.460000000000000   0.912370000000000
   6.480000000000000   0.359500000000000
   6.500000000000000   0.352410000000000
   6.520000000000001   0.358210000000000
   6.540000000000000   0.298120000000000
   6.560000000000001   0.036740000000000
   6.580000000000000  -0.079290000000000
   6.600000000000001  -0.311930000000000
   6.620000000000000  -0.717860000000000
   6.640000000000001  -1.469740000000000
   6.660000000000000  -2.399200000000000
   6.680000000000000  -2.413270000000000
   6.700000000000000  -1.388160000000000
   6.720000000000000  -0.823600000000000
   6.740000000000000  -1.368380000000000
   6.760000000000000  -2.404570000000000
   6.780000000000000  -2.477680000000000
   6.800000000000000  -2.420340000000000
   6.820000000000000  -1.503380000000000
   6.840000000000000  -0.650670000000000
   6.860000000000000  -0.304510000000000
   6.880000000000000  -1.107950000000000
   6.900000000000000  -1.586800000000000
   6.920000000000000  -1.354210000000000
   6.940000000000000  -1.132360000000000
   6.960000000000000  -0.145960000000000
   6.980000000000000   0.220030000000000
   7.000000000000000  -0.425300000000000
   7.020000000000001  -0.255470000000000
   7.040000000000000  -0.785580000000000
   7.060000000000001  -0.452690000000000
   7.080000000000000   1.125100000000000
   7.100000000000001   1.619180000000000
   7.120000000000000   1.188420000000000
   7.140000000000001   0.510690000000000
   7.160000000000000  -0.315250000000000
   7.180000000000000  -0.644610000000000
   7.200000000000000  -0.500940000000000
   7.220000000000000  -0.037500000000000
   7.240000000000000  -0.244810000000000
   7.260000000000000  -0.914890000000000
   7.280000000000000  -0.969360000000000
   7.300000000000000  -0.408970000000000
   7.320000000000000  -0.147240000000000
   7.340000000000000   0.087580000000000
   7.360000000000000   0.416200000000000
   7.380000000000000   0.961140000000000
   7.400000000000000   1.559890000000000
   7.420000000000000   1.640170000000000
   7.440000000000000   1.388960000000000
   7.460000000000000   1.351560000000000
   7.480000000000000   1.711620000000000
   7.500000000000000   1.986310000000000
   7.520000000000001   1.780140000000000
   7.540000000000000   1.899990000000000
   7.560000000000001   2.640310000000000
   7.580000000000000   2.832100000000000
   7.600000000000001   2.769800000000000
   7.620000000000000   2.400250000000000
   7.640000000000001   0.412810000000000
   7.660000000000000  -2.558810000000000
   7.680000000000000  -1.874230000000000
   7.700000000000000  -0.909760000000000
   7.720000000000000  -0.412080000000000
   7.740000000000000  -0.252410000000000
   7.760000000000000  -1.827090000000000
   7.780000000000000  -1.949470000000000
   7.800000000000000   0.430710000000000
   7.820000000000000   1.640430000000000
   7.840000000000000  -0.205690000000000
   7.860000000000000  -2.597450000000000
   7.880000000000000  -2.981680000000000
   7.900000000000000  -1.520140000000000
   7.920000000000000   1.068470000000000
   7.940000000000000   1.663130000000000
   7.960000000000000   0.470290000000000
   7.980000000000000   0.049440000000000
   8.000000000000000  -1.050090000000000
   8.020000000000000  -1.106300000000000
   8.040000000000001   0.327840000000000
   8.060000000000001   0.460010000000000
   8.080000000000000  -0.180010000000000
   8.100000000000000  -1.100790000000000
   8.120000000000001  -1.840640000000000
   8.140000000000001  -1.006190000000000
   8.160000000000000   0.730150000000000
   8.180000000000000   0.505940000000000
   8.199999999999999  -1.101740000000000
   8.220000000000001  -0.653940000000000
   8.240000000000000   0.686970000000000
   8.260000000000000   0.665830000000000
   8.279999999999999  -0.164940000000000
   8.300000000000001  -1.850920000000000
   8.320000000000000  -1.816970000000000
   8.340000000000000  -0.259330000000000
   8.359999999999999   1.559840000000000
   8.380000000000001   1.073770000000000
   8.400000000000000  -2.003820000000000
   8.420000000000000  -1.788920000000000
   8.440000000000000  -1.084830000000000
   8.460000000000001  -0.376060000000000
   8.480000000000000   1.184100000000000
   8.500000000000000   1.194370000000000
   8.520000000000000   1.158980000000000
   8.540000000000001   1.601540000000000
   8.560000000000001   0.193510000000000
   8.580000000000000  -1.296610000000000
   8.600000000000000  -0.981820000000000
   8.620000000000001  -0.309010000000000
   8.640000000000001  -1.215740000000000
   8.660000000000000  -1.446700000000000
   8.680000000000000   0.656410000000000
   8.700000000000001   1.852520000000000
   8.720000000000001   1.551550000000000
   8.740000000000000   1.354110000000000
   8.760000000000000   0.929020000000000
   8.779999999999999   0.639760000000000
   8.800000000000001   0.842530000000000
   8.820000000000000   1.348130000000000
   8.840000000000000   1.751150000000000
   8.859999999999999   1.865390000000000
   8.880000000000001   1.455010000000000
   8.900000000000000   0.612150000000000
   8.920000000000000   0.041780000000000
   8.940000000000000   0.559240000000000
   8.960000000000001   0.866750000000000
   8.980000000000000   0.223590000000000
   9.000000000000000  -0.297920000000000
   9.020000000000000  -0.502100000000000
   9.040000000000001   0.019620000000000
   9.060000000000001   0.860450000000000
   9.080000000000000   1.082640000000000
   9.100000000000000   0.437840000000000
   9.120000000000001  -0.000660000000000
   9.140000000000001   0.307490000000000
   9.160000000000000  -0.397970000000000
   9.180000000000000  -1.451620000000000
   9.200000000000001  -1.702000000000000
   9.220000000000001  -1.788600000000000
   9.240000000000000  -0.384730000000000
   9.260000000000000   0.415510000000000
   9.279999999999999  -0.585470000000000
   9.300000000000001  -1.372900000000000
   9.320000000000000  -2.046220000000000
   9.340000000000000  -2.124910000000000
   9.359999999999999  -1.520570000000000
   9.380000000000001  -1.422830000000000
   9.400000000000000  -1.513770000000000
   9.420000000000000  -1.194940000000000
   9.440000000000000  -0.809090000000000
   9.460000000000001  -0.610060000000000
   9.480000000000000  -0.753240000000000
   9.500000000000000  -0.793930000000000
   9.520000000000000  -0.246590000000000
   9.540000000000001  -0.132410000000000
   9.560000000000001  -0.421290000000000
   9.580000000000000  -0.307720000000000
   9.600000000000000  -0.291120000000000
   9.620000000000001  -0.682930000000000
   9.640000000000001  -0.718970000000000
   9.660000000000000  -0.233020000000000
   9.680000000000000   0.162910000000000
   9.700000000000001  -0.105590000000000
   9.720000000000001  -0.230370000000000
   9.740000000000000   0.043370000000000
   9.760000000000000   0.064060000000000
   9.779999999999999   0.322630000000000
   9.800000000000001   0.592180000000000
   9.820000000000000   0.063470000000000
   9.840000000000000  -0.522580000000000
   9.859999999999999  -0.439600000000000
   9.880000000000001   0.035710000000000
   9.900000000000000   0.173290000000000
   9.920000000000000  -0.399270000000000
   9.940000000000000  -0.419930000000000
   9.960000000000001   0.170590000000000
   9.980000000000000   0.436820000000000
  10.000000000000000   0.468420000000000
  10.020000000000000  -0.046310000000000
  10.040000000000001  -0.661380000000000
  10.060000000000000  -0.069370000000000
  10.080000000000000   0.720560000000000
  10.100000000000000   0.646700000000000
  10.120000000000001  -0.010680000000000
  10.140000000000001  -0.490930000000000
  10.160000000000000   0.088630000000000
  10.180000000000000   0.124030000000000
  10.200000000000001  -0.022080000000000
  10.220000000000001   0.192270000000000
  10.240000000000000   0.242290000000000
  10.260000000000000   0.171180000000000
  10.279999999999999   0.119950000000000
  10.300000000000001   0.564720000000000
  10.320000000000000   0.549140000000000
  10.340000000000000  -0.517670000000000
  10.359999999999999  -1.364070000000000
  10.380000000000001  -0.493510000000000
  10.400000000000000   0.062080000000000
  10.420000000000000   0.134980000000000
  10.440000000000000   0.314890000000000
  10.460000000000001   0.425140000000000
  10.480000000000000  -0.161530000000000
  10.500000000000000  -0.928880000000000
  10.520000000000000  -0.604090000000000
  10.540000000000001   0.411720000000000
  10.560000000000000   0.016440000000000
  10.580000000000000  -0.960230000000000
  10.600000000000000  -0.989230000000000
  10.620000000000001  -0.717560000000000
  10.640000000000001   0.288920000000000
  10.660000000000000   0.904270000000000
  10.680000000000000   0.757110000000000
  10.700000000000001   0.671150000000000
  10.720000000000001   0.635150000000000
  10.740000000000000   0.569990000000000
  10.760000000000000   0.778490000000000
  10.779999999999999   0.925460000000000
  10.800000000000001   0.702130000000000
  10.820000000000000   0.533500000000000
  10.840000000000000   0.152580000000000
  10.859999999999999  -0.168850000000000
  10.880000000000001   0.189740000000000
  10.900000000000000   0.235270000000000
  10.920000000000000  -0.097460000000000
  10.940000000000000  -0.443900000000000
  10.960000000000001  -0.164680000000000
  10.980000000000000   0.492970000000000
  11.000000000000000   0.359340000000000
  11.020000000000000  -0.266740000000000
  11.040000000000001  -0.534740000000000
  11.060000000000000  -0.426750000000000
  11.080000000000000  -0.092690000000000
  11.100000000000000   0.258470000000000
  11.120000000000001   0.594920000000000
  11.140000000000001   0.582560000000000
  11.160000000000000   0.824530000000000
  11.180000000000000   0.887920000000000
  11.200000000000001   0.603110000000000
  11.220000000000001   0.232720000000000
  11.240000000000000   0.084820000000000
  11.260000000000000   0.152370000000000
  11.279999999999999   0.223220000000000
  11.300000000000001   0.228180000000000
  11.320000000000000   0.206220000000000
  11.340000000000000   0.078470000000000
  11.359999999999999  -0.111190000000000
  11.380000000000001  -0.119680000000000
  11.400000000000000  -0.467160000000000
  11.420000000000000  -0.789700000000000
  11.440000000000000  -0.541750000000000
  11.460000000000001  -0.007440000000000
  11.480000000000000  -0.000380000000000
  11.500000000000000  -0.012380000000000
  11.520000000000000  -0.033100000000000
  11.540000000000001  -0.260030000000000
  11.560000000000000  -0.640830000000000
  11.580000000000000  -0.719640000000000
  11.600000000000000  -0.074780000000000
  11.620000000000001   0.635520000000000
  11.640000000000001   0.514510000000000
  11.660000000000000   0.032700000000000
  11.680000000000000  -0.007940000000000
  11.700000000000001   0.085320000000000
  11.720000000000001  -0.044000000000000
  11.740000000000000  -0.203240000000000
  11.760000000000000  -0.065190000000000
  11.779999999999999  -0.062950000000000
  11.800000000000001  -0.229450000000000
  11.820000000000000  -0.259350000000000
  11.840000000000000  -0.390100000000000
  11.859999999999999  -0.558500000000000
  11.880000000000001  -0.534670000000000
  11.900000000000000  -0.286710000000000
  11.920000000000000   0.051900000000000
  11.940000000000000   0.347490000000000
  11.960000000000001   0.495930000000000
  11.980000000000000   0.291860000000000
  12.000000000000000  -0.474740000000000
  12.020000000000000  -0.828570000000000
  12.040000000000001  -0.399240000000000
  12.060000000000000  -0.131300000000000
  12.080000000000000  -0.172030000000000
  12.100000000000000  -0.261030000000000
  12.120000000000001  -0.056720000000000
  12.140000000000001   0.215870000000000
  12.160000000000000   0.367200000000000
  12.180000000000000   0.494060000000000
  12.200000000000001   0.185440000000000
  12.220000000000001  -0.597470000000000
  12.240000000000000  -0.736540000000000
  12.260000000000000  -0.274470000000000
  12.280000000000001   0.204580000000000
  12.300000000000001   0.147560000000000
  12.320000000000000  -0.237470000000000
  12.340000000000000  -0.373210000000000
  12.359999999999999  -0.255000000000000
  12.380000000000001  -0.179940000000000
  12.400000000000000  -0.414790000000000
  12.420000000000000  -0.487300000000000
  12.440000000000000  -0.216540000000000
  12.460000000000001  -0.071370000000000
  12.480000000000000  -0.204060000000000
  12.500000000000000  -0.615150000000000
  12.520000000000000  -0.828210000000000
  12.540000000000001  -0.598090000000000
  12.560000000000000  -0.451470000000000
  12.580000000000000  -0.191900000000000
  12.600000000000000   0.018320000000000
  12.620000000000001   0.180810000000000
  12.640000000000001   0.310500000000000
  12.660000000000000   0.176290000000000
  12.680000000000000   0.025290000000000
  12.700000000000001   0.035130000000000
  12.720000000000001   0.154590000000000
  12.740000000000000   0.083390000000000
  12.760000000000000  -0.335250000000000
  12.780000000000001  -0.640700000000000
  12.800000000000001  -0.555960000000000
  12.820000000000000  -0.308730000000000
  12.840000000000000  -0.206510000000000
  12.859999999999999  -0.167700000000000
  12.880000000000001  -0.080090000000000
  12.900000000000000  -0.143990000000000
  12.920000000000000  -0.257500000000000
  12.940000000000000  -0.269420000000000
  12.960000000000001  -0.088620000000000
  12.980000000000000   0.015020000000000
  13.000000000000000  -0.177890000000000
  13.020000000000000  -0.431360000000000
  13.040000000000001  -0.311570000000000
  13.060000000000000  -0.225930000000000
  13.080000000000000  -0.205890000000000
  13.100000000000000  -0.194250000000000
  13.120000000000001  -0.309850000000000
  13.140000000000001  -0.193530000000000
  13.160000000000000   0.088110000000000
  13.180000000000000   0.277780000000000
  13.200000000000001   0.311230000000000
  13.220000000000001   0.172630000000000
  13.240000000000000   0.032990000000000
  13.260000000000000   0.047190000000000
  13.280000000000001  -0.036260000000000
  13.300000000000001  -0.115710000000000
  13.320000000000000  -0.118310000000000
  13.340000000000000   0.216770000000000
  13.359999999999999   0.414410000000000
  13.380000000000001   0.309230000000000
  13.400000000000000   0.162920000000000
  13.420000000000000  -0.024240000000000
  13.440000000000000  -0.122890000000000
  13.460000000000001  -0.039550000000000
  13.480000000000000   0.114890000000000
  13.500000000000000   0.169560000000000
  13.520000000000000   0.111320000000000
  13.540000000000001   0.098180000000000
  13.560000000000000   0.071740000000000
  13.580000000000000  -0.007100000000000
  13.600000000000000  -0.037780000000000
  13.620000000000001  -0.004930000000000
  13.640000000000001   0.077600000000000
  13.660000000000000   0.189170000000000
  13.680000000000000   0.333500000000000
  13.700000000000001   0.435020000000000
  13.720000000000001   0.393310000000000
  13.740000000000000   0.357980000000000
  13.760000000000000   0.313620000000000
  13.780000000000001   0.209880000000000
  13.800000000000001   0.079150000000000
  13.820000000000000   0.154850000000000
  13.840000000000000   0.299560000000000
  13.859999999999999   0.399610000000000
  13.880000000000001   0.524030000000000
  13.900000000000000   0.563850000000000
  13.920000000000000   0.401610000000000
  13.940000000000000   0.075180000000000
  13.960000000000001  -0.127970000000000
  13.980000000000000  -0.121840000000000
  14.000000000000000  -0.147150000000000
  14.020000000000000  -0.139220000000000
  14.040000000000001   0.064400000000000
  14.060000000000000   0.085330000000000
  14.080000000000000  -0.092440000000000
  14.100000000000000  -0.085270000000000
  14.120000000000001   0.055050000000000
  14.140000000000001   0.131760000000000
  14.160000000000000   0.268470000000000
  14.180000000000000   0.518520000000000
  14.200000000000001   0.650830000000000
  14.220000000000001   0.561860000000000
  14.240000000000000   0.383450000000000
  14.260000000000000   0.254210000000000
  14.280000000000001   0.180910000000000
  14.300000000000001   0.171580000000000
  14.320000000000000   0.164660000000000
  14.340000000000000   0.098740000000000
  14.359999999999999   0.000850000000000
  14.380000000000001  -0.057540000000000
  14.400000000000000   0.023290000000000
  14.420000000000000   0.138180000000000
  14.440000000000000   0.199370000000000
  14.460000000000001   0.192140000000000
  14.480000000000000   0.242370000000000
  14.500000000000000   0.347500000000000
  14.520000000000000   0.292330000000000
  14.540000000000001   0.286130000000000
  14.560000000000000   0.317760000000000
  14.580000000000000   0.422790000000000
  14.600000000000000   0.489940000000000
  14.620000000000001   0.319100000000000
  14.640000000000001  -0.008660000000000
  14.660000000000000  -0.234280000000000
  14.680000000000000  -0.234210000000000
  14.700000000000001  -0.194430000000000
  14.720000000000001  -0.148980000000000
  14.740000000000000  -0.029120000000000
  14.760000000000000   0.221810000000000
  14.780000000000001   0.356980000000000
  14.800000000000001   0.397850000000000
  14.820000000000000   0.445730000000000
  14.840000000000000   0.441440000000000
  14.859999999999999   0.421410000000000
  14.880000000000001   0.390840000000000
  14.900000000000000   0.329260000000000
  14.920000000000000   0.241840000000000
  14.940000000000000   0.187990000000000
  14.960000000000001   0.092820000000000
  14.980000000000000                   0
  15.000000000000000  -0.021020000000000
  15.020000000000000  -0.054890000000000
  15.040000000000001  -0.066850000000000
  15.060000000000000  -0.092950000000000
  15.080000000000000  -0.065310000000000
  15.100000000000000  -0.085960000000000
  15.120000000000001  -0.033410000000000
  15.140000000000001   0.055060000000000
  15.160000000000000   0.002160000000000
  15.180000000000000   0.064040000000000
  15.200000000000001   0.136530000000000
  15.220000000000001   0.192810000000000
  15.240000000000000   0.264630000000000
  15.260000000000000   0.342070000000000
  15.280000000000001   0.332590000000000
  15.300000000000001   0.324200000000000
  15.320000000000000   0.330830000000000
  15.340000000000000   0.287250000000000
  15.359999999999999   0.136950000000000
  15.380000000000001  -0.014750000000000
  15.400000000000000  -0.028510000000000
  15.420000000000000   0.103730000000000
  15.440000000000000   0.154280000000000
  15.460000000000001   0.045720000000000
  15.480000000000000   0.079860000000000
  15.500000000000000   0.185250000000000
  15.520000000000000   0.184930000000000
  15.540000000000001   0.191200000000000
  15.560000000000000   0.172260000000000
  15.580000000000000   0.112630000000000
  15.600000000000000   0.101290000000000
  15.620000000000001  -0.086840000000000
  15.640000000000001  -0.216640000000000
  15.660000000000000  -0.244070000000000
  15.680000000000000  -0.278160000000000
  15.700000000000001  -0.342890000000000
  15.720000000000001  -0.415950000000000
  15.740000000000000  -0.436740000000000
  15.760000000000000  -0.450450000000000
  15.780000000000001  -0.456260000000000
  15.800000000000001  -0.434550000000000
  15.820000000000000  -0.475920000000000
  15.840000000000000  -0.487600000000000
  15.860000000000001  -0.319200000000000
  15.880000000000001  -0.122650000000000
  15.900000000000000  -0.082510000000000
  15.920000000000000  -0.110040000000000
  15.940000000000000  -0.180970000000000
  15.960000000000001  -0.191760000000000
  15.980000000000000  -0.107950000000000
  16.000000000000000  -0.044800000000000
  16.020000000000000   0.000550000000000
  16.039999999999999  -0.047800000000000
  16.059999999999999  -0.096740000000000
  16.080000000000002  -0.016590000000000
  16.100000000000001   0.020400000000000
  16.120000000000001  -0.034300000000000
  16.140000000000001  -0.037070000000000
  16.160000000000000   0.104930000000000
  16.180000000000000   0.127130000000000
  16.199999999999999   0.002100000000000
  16.219999999999999  -0.172840000000000
  16.240000000000002  -0.255750000000000
  16.260000000000002  -0.008170000000000
  16.280000000000001   0.228130000000000
  16.300000000000001   0.132280000000000
  16.320000000000000  -0.054450000000000
  16.340000000000000  -0.146990000000000
  16.359999999999999  -0.181940000000000
  16.379999999999999  -0.194980000000000
  16.399999999999999  -0.110860000000000
  16.420000000000002   0.023260000000000
  16.440000000000001   0.012790000000000
  16.460000000000001   0.001780000000000
  16.480000000000000  -0.040250000000000
  16.500000000000000   0.013250000000000
  16.520000000000000   0.129800000000000
  16.539999999999999   0.161180000000000
  16.559999999999999   0.106250000000000
  16.580000000000002   0.029410000000000
  16.600000000000001  -0.063070000000000
  16.620000000000001  -0.151790000000000
  16.640000000000001  -0.187760000000000
  16.660000000000000  -0.162530000000000
  16.680000000000000  -0.073710000000000
  16.699999999999999  -0.086220000000000
  16.719999999999999  -0.185260000000000
  16.740000000000002  -0.176810000000000
  16.760000000000002  -0.118890000000000
  16.780000000000001  -0.046380000000000
  16.800000000000001  -0.023030000000000
  16.820000000000000  -0.014470000000000
  16.840000000000000  -0.036600000000000
  16.859999999999999  -0.112490000000000
  16.879999999999999  -0.203060000000000
  16.899999999999999  -0.179350000000000
  16.920000000000002  -0.069140000000000
  16.940000000000001   0.025450000000000
  16.960000000000001   0.109110000000000
  16.980000000000000   0.075810000000000
  17.000000000000000  -0.010380000000000
  17.020000000000000  -0.052020000000000
  17.039999999999999  -0.051290000000000
  17.059999999999999   0.015260000000000
  17.080000000000002   0.099420000000000
  17.100000000000001   0.063390000000000
  17.120000000000001  -0.057400000000000
  17.140000000000001  -0.165910000000000
  17.160000000000000  -0.204450000000000
  17.180000000000000  -0.254430000000000
  17.199999999999999  -0.266890000000000
  17.219999999999999  -0.174110000000000
  17.240000000000002  -0.022800000000000
  17.260000000000002   0.046210000000000
  17.280000000000001   0.109090000000000
  17.300000000000001   0.223590000000000
  17.320000000000000   0.194680000000000
  17.340000000000000   0.113210000000000
  17.359999999999999   0.071960000000000
  17.379999999999999   0.074040000000000
  17.400000000000002   0.139750000000000
  17.420000000000002   0.079330000000000
  17.440000000000001  -0.105390000000000
  17.460000000000001  -0.246890000000000
  17.480000000000000  -0.245000000000000
  17.500000000000000  -0.151080000000000
  17.520000000000000  -0.056510000000000
  17.539999999999999  -0.038940000000000
  17.559999999999999  -0.118130000000000
  17.580000000000002  -0.171130000000000
  17.600000000000001  -0.122430000000000
  17.620000000000001  -0.042720000000000
  17.640000000000001   0.051710000000000
  17.660000000000000   0.067470000000000
  17.680000000000000   0.021960000000000
  17.699999999999999  -0.014750000000000
  17.719999999999999  -0.053190000000000
  17.740000000000002  -0.073440000000000
  17.760000000000002  -0.047180000000000
  17.780000000000001  -0.040640000000000
  17.800000000000001  -0.114850000000000
  17.820000000000000  -0.249510000000000
  17.840000000000000  -0.251210000000000
  17.859999999999999  -0.105900000000000
  17.879999999999999  -0.023510000000000
  17.900000000000002  -0.029960000000000
  17.920000000000002  -0.088190000000000
  17.940000000000001  -0.075220000000000
  17.960000000000001  -0.070260000000000
  17.980000000000000  -0.046190000000000
  18.000000000000000  -0.018320000000000
  18.020000000000000   0.054740000000000
  18.039999999999999   0.165640000000000
  18.059999999999999   0.201150000000000
  18.080000000000002   0.157670000000000
  18.100000000000001   0.110370000000000
  18.120000000000001   0.133820000000000
  18.140000000000001   0.173240000000000
  18.160000000000000   0.229910000000000
  18.180000000000000   0.235310000000000
  18.199999999999999   0.158560000000000
  18.219999999999999  -0.030170000000000
  18.240000000000002  -0.203860000000000
  18.260000000000002  -0.128970000000000
  18.280000000000001  -0.012960000000000
  18.300000000000001   0.055090000000000
  18.320000000000000   0.160000000000000
  18.340000000000000   0.126770000000000
  18.359999999999999   0.055160000000000
  18.379999999999999   0.013070000000000
  18.400000000000002   0.005230000000000
  18.420000000000002  -0.005660000000000
  18.440000000000001  -0.029190000000000
  18.460000000000001  -0.018690000000000
  18.480000000000000  -0.042920000000000
  18.500000000000000  -0.168580000000000
  18.520000000000000  -0.323180000000000
  18.539999999999999  -0.346850000000000
  18.559999999999999  -0.272430000000000
  18.580000000000002  -0.185000000000000
  18.600000000000001  -0.139060000000000
  18.620000000000001  -0.156180000000000
  18.640000000000001  -0.149830000000000
  18.660000000000000  -0.090100000000000
  18.680000000000000   0.035810000000000
  18.699999999999999   0.151130000000000
  18.719999999999999   0.110980000000000
  18.740000000000002   0.027350000000000
  18.760000000000002  -0.007650000000000
  18.780000000000001  -0.057890000000000
  18.800000000000001  -0.056150000000000
  18.820000000000000  -0.105670000000000
  18.840000000000000  -0.225020000000000
  18.859999999999999  -0.325340000000000
  18.879999999999999  -0.347610000000000
  18.899999999999999  -0.298570000000000
  18.919999999999998  -0.258820000000000
  18.939999999999998  -0.256440000000000
  18.959999999999997  -0.265280000000000
  18.979999999999997  -0.244760000000000
  18.999999999999996  -0.173970000000000
  19.019999999999996  -0.154460000000000
  19.039999999999999  -0.109940000000000
  19.059999999999999   0.017400000000000
  19.079999999999998   0.099410000000000
  19.099999999999998   0.119690000000000
  19.119999999999997   0.097900000000000
  19.139999999999997   0.116960000000000
  19.159999999999997   0.181770000000000
  19.179999999999996   0.200960000000000
  19.199999999999999   0.193510000000000
  19.219999999999999   0.186280000000000
  19.239999999999998   0.148500000000000
  19.259999999999998   0.130450000000000
  19.279999999999998   0.115080000000000
  19.299999999999997   0.064200000000000
  19.319999999999997   0.132950000000000
  19.339999999999996   0.254580000000000
  19.359999999999996   0.272810000000000
  19.379999999999999   0.216300000000000
  19.399999999999999   0.136950000000000
  19.419999999999998   0.152700000000000
  19.439999999999998   0.221540000000000
  19.459999999999997   0.169750000000000
  19.479999999999997   0.080880000000000
  19.499999999999996   0.073650000000000
  19.519999999999996   0.059050000000000
  19.539999999999999   0.015290000000000
  19.559999999999999  -0.029480000000000
  19.579999999999998  -0.096400000000000
  19.599999999999998  -0.157290000000000
  19.619999999999997  -0.179130000000000
  19.639999999999997  -0.177570000000000
  19.659999999999997  -0.135670000000000
  19.679999999999996  -0.063300000000000
  19.699999999999999   0.031510000000000
  19.719999999999999   0.126830000000000
  19.739999999999998   0.160780000000000
  19.759999999999998   0.014330000000000
  19.779999999999998  -0.184700000000000
  19.799999999999997  -0.096900000000000
  19.819999999999997   0.001410000000000
  19.839999999999996  -0.056500000000000
  19.859999999999996  -0.218930000000000
  19.879999999999999  -0.237290000000000
  19.899999999999999  -0.143140000000000
  19.919999999999998  -0.048270000000000
  19.939999999999998   0.028450000000000
  19.959999999999997  -0.021210000000000
  19.979999999999997  -0.049910000000000
  19.999999999999996  -0.094510000000000
  20.019999999999996  -0.006450000000000
  20.039999999999999   0.078400000000000
  20.059999999999999   0.060060000000000
  20.079999999999998  -0.005480000000000
  20.099999999999998  -0.018050000000000
  20.119999999999997  -0.011830000000000
  20.139999999999997   0.016760000000000
  20.159999999999997   0.056110000000000
  20.179999999999996   0.088880000000000
  20.199999999999999   0.097120000000000
  20.219999999999999   0.055100000000000
  20.239999999999998  -0.005400000000000
  20.259999999999998  -0.001680000000000
  20.279999999999998   0.016950000000000
  20.299999999999997   0.106560000000000
  20.319999999999997   0.247840000000000
  20.339999999999996   0.346260000000000
  20.359999999999996   0.398250000000000
  20.379999999999999   0.283360000000000
  20.399999999999999   0.175260000000000
  20.419999999999998   0.180520000000000
  20.439999999999998   0.187340000000000
  20.459999999999997   0.232000000000000
  20.479999999999997   0.254510000000000
  20.499999999999996   0.286030000000000
  20.519999999999996   0.264150000000000
  20.539999999999999   0.073810000000000
  20.559999999999999  -0.105640000000000
  20.579999999999998  -0.078080000000000
  20.599999999999998   0.070720000000000
  20.619999999999997   0.103020000000000
  20.639999999999997   0.071610000000000
  20.659999999999997   0.091670000000000
  20.679999999999996   0.090670000000000
  20.699999999999999   0.036960000000000
  20.719999999999999  -0.007940000000000
  20.739999999999998  -0.043930000000000
  20.759999999999998  -0.105660000000000
  20.779999999999998  -0.179320000000000
  20.799999999999997  -0.180950000000000
  20.819999999999997  -0.122760000000000
  20.839999999999996  -0.122350000000000
  20.859999999999999  -0.137290000000000
  20.879999999999999  -0.185120000000000
  20.899999999999999  -0.152510000000000
  20.919999999999998  -0.087830000000000
  20.939999999999998  -0.060760000000000
  20.959999999999997  -0.031450000000000
  20.979999999999997   0.006490000000000
  20.999999999999996   0.046320000000000
  21.019999999999996   0.063600000000000
  21.039999999999999  -0.019220000000000
  21.059999999999999  -0.099240000000000
  21.079999999999998  -0.097830000000000
  21.099999999999998  -0.031320000000000
  21.119999999999997   0.038350000000000
  21.139999999999997   0.001380000000000
  21.159999999999997  -0.052480000000000
  21.179999999999996  -0.081300000000000
  21.199999999999999  -0.076510000000000
  21.219999999999999  -0.007240000000000
  21.239999999999998   0.089290000000000
  21.259999999999998   0.133850000000000
  21.279999999999998   0.120100000000000
  21.299999999999997   0.096350000000000
  21.319999999999997   0.086080000000000
  21.339999999999996   0.079670000000000
  21.359999999999999   0.160590000000000
  21.379999999999999   0.306690000000000
  21.399999999999999   0.371990000000000
  21.419999999999998   0.333880000000000
  21.439999999999998   0.229420000000000
  21.459999999999997   0.161490000000000
  21.479999999999997   0.174160000000000
  21.499999999999996   0.189010000000000
  21.519999999999996   0.159800000000000
  21.539999999999999   0.181690000000000
  21.559999999999999   0.174680000000000
  21.579999999999998   0.088200000000000
  21.599999999999998   0.025280000000000
  21.619999999999997   0.055430000000000
  21.639999999999997   0.058920000000000
  21.659999999999997   0.107400000000000
  21.679999999999996   0.123160000000000
  21.699999999999999   0.083120000000000
  21.719999999999999   0.012030000000000
  21.739999999999998  -0.047540000000000
  21.759999999999998  -0.044330000000000
  21.779999999999998   0.022290000000000
  21.799999999999997   0.075660000000000
  21.820000000000000   0.107640000000000
  21.839999999999996   0.011000000000000
  21.859999999999999  -0.058200000000000
  21.879999999999995   0.019430000000000
  21.899999999999999   0.068290000000000
  21.919999999999998   0.019060000000000
  21.939999999999998  -0.062940000000000
  21.959999999999997  -0.114340000000000
  21.979999999999997  -0.115910000000000
  22.000000000000000  -0.074800000000000
  22.019999999999996  -0.003550000000000
  22.039999999999999   0.036940000000000
  22.059999999999995   0.018010000000000
  22.079999999999998  -0.065040000000000
  22.099999999999998  -0.136730000000000
  22.119999999999997  -0.149970000000000
  22.139999999999997  -0.071680000000000
  22.159999999999997  -0.007590000000000
  22.180000000000000   0.013640000000000
  22.199999999999996  -0.030640000000000
  22.219999999999999  -0.138800000000000
  22.239999999999998  -0.224090000000000
  22.259999999999998  -0.296370000000000
  22.279999999999998  -0.301480000000000
  22.299999999999997  -0.237080000000000
  22.320000000000000  -0.151610000000000
  22.339999999999996  -0.094140000000000
  22.359999999999999  -0.073000000000000
  22.379999999999995  -0.120240000000000
  22.399999999999999  -0.171630000000000
  22.419999999999998  -0.210680000000000
  22.439999999999998  -0.207680000000000
  22.459999999999997  -0.191770000000000
  22.479999999999997  -0.149730000000000
  22.500000000000000  -0.078620000000000
  22.519999999999996  -0.120420000000000
  22.539999999999999  -0.137980000000000
  22.559999999999995  -0.078630000000000
  22.579999999999998  -0.049140000000000
  22.599999999999998  -0.065770000000000
  22.619999999999997  -0.070830000000000
  22.639999999999997   0.010380000000000
  22.659999999999997   0.046530000000000
  22.680000000000000  -0.013260000000000
  22.699999999999996  -0.056820000000000
  22.719999999999999  -0.081450000000000
  22.739999999999998  -0.108820000000000
  22.759999999999998  -0.159050000000000
  22.779999999999998  -0.170450000000000
  22.799999999999997  -0.052890000000000
  22.820000000000000   0.005920000000000
  22.839999999999996  -0.012150000000000
  22.859999999999999  -0.059010000000000
  22.879999999999995  -0.094870000000000
  22.899999999999999  -0.115970000000000
  22.919999999999998  -0.048080000000000
  22.939999999999998   0.039370000000000
  22.959999999999997   0.053250000000000
  22.979999999999997   0.081780000000000
  23.000000000000000   0.097790000000000
  23.019999999999996   0.075880000000000
  23.039999999999999   0.119770000000000
  23.059999999999995   0.204740000000000
  23.079999999999998   0.188100000000000
  23.099999999999998   0.027600000000000
  23.119999999999997  -0.113820000000000
  23.139999999999997  -0.098710000000000
  23.159999999999997  -0.037420000000000
  23.180000000000000  -0.042850000000000
  23.199999999999996  -0.115890000000000
  23.219999999999999  -0.210060000000000
  23.239999999999998  -0.232690000000000
  23.259999999999998  -0.249750000000000
  23.279999999999998  -0.273050000000000
  23.299999999999997  -0.270580000000000
  23.320000000000000  -0.217500000000000
  23.339999999999996  -0.202080000000000
  23.359999999999999  -0.147930000000000
  23.379999999999995  -0.085040000000000
  23.399999999999999  -0.023330000000000
  23.419999999999998  -0.003870000000000
  23.439999999999998  -0.041280000000000
  23.459999999999997   0.014670000000000
  23.479999999999997   0.159490000000000
  23.500000000000000   0.196780000000000
  23.519999999999996   0.079580000000000
  23.539999999999999  -0.062040000000000
  23.559999999999995  -0.096240000000000
  23.579999999999998   0.023550000000000
  23.599999999999998   0.097670000000000
  23.619999999999997   0.100500000000000
  23.639999999999997   0.095290000000000
  23.659999999999997   0.064960000000000
  23.680000000000000   0.100810000000000
  23.699999999999996   0.198720000000000
  23.719999999999999   0.223370000000000
  23.739999999999998   0.222560000000000
  23.759999999999998   0.236760000000000
  23.779999999999998   0.223380000000000
  23.799999999999997   0.201550000000000
  23.820000000000000   0.143010000000000
  23.839999999999996   0.078410000000000
  23.859999999999999   0.034750000000000
  23.879999999999995   0.007070000000000
  23.899999999999999   0.016010000000000
  23.919999999999998   0.062160000000000
  23.939999999999998   0.054380000000000
  23.959999999999997   0.004270000000000
  23.979999999999997  -0.041940000000000
  24.000000000000000  -0.103220000000000
  24.019999999999996  -0.127480000000000
  24.039999999999999  -0.095690000000000
  24.059999999999995  -0.062910000000000
  24.079999999999998  -0.031770000000000
  24.099999999999998  -0.048930000000000
  24.119999999999997  -0.021310000000000
  24.139999999999997   0.053920000000000
  24.159999999999997   0.048710000000000
  24.180000000000000   0.027340000000000
  24.199999999999996   0.026810000000000
  24.219999999999999   0.039220000000000
  24.239999999999998   0.050030000000000
  24.259999999999998   0.014060000000000
  24.279999999999998   0.015820000000000
  24.299999999999997   0.037320000000000
  24.320000000000000   0.005880000000000
  24.339999999999996  -0.018770000000000
  24.359999999999999  -0.025420000000000
  24.379999999999995  -0.051790000000000
  24.399999999999999  -0.103610000000000
  24.419999999999998  -0.121340000000000
  24.439999999999998  -0.082490000000000
  24.459999999999997  -0.056640000000000
  24.479999999999997  -0.043200000000000
  24.500000000000000  -0.014100000000000
  24.519999999999996  -0.031450000000000
  24.539999999999999  -0.049160000000000
  24.559999999999995  -0.046150000000000
  24.579999999999998  -0.016450000000000
  24.599999999999998   0.015610000000000
  24.619999999999997   0.018170000000000
  24.639999999999997   0.032250000000000
  24.659999999999997   0.052880000000000
  24.680000000000000   0.111520000000000
  24.699999999999996   0.163450000000000
  24.719999999999999   0.179550000000000
  24.739999999999998   0.175520000000000
  24.759999999999998   0.092110000000000
  24.779999999999998   0.027510000000000
  24.799999999999997   0.056710000000000
  24.820000000000000   0.130100000000000
  24.839999999999996   0.169980000000000
  24.859999999999999   0.176540000000000
  24.879999999999995   0.157440000000000
  24.899999999999999   0.135330000000000
  24.919999999999998   0.169260000000000
  24.939999999999998   0.157000000000000
  24.959999999999997   0.117100000000000
  24.979999999999997   0.105420000000000
  25.000000000000000   0.103770000000000
  25.019999999999996   0.129330000000000
  25.039999999999999   0.125270000000000
  25.059999999999995   0.070780000000000
  25.079999999999998   0.076530000000000
  25.099999999999998   0.119890000000000
  25.119999999999997   0.121070000000000
  25.139999999999997   0.065940000000000
  25.159999999999997   0.043190000000000
  25.180000000000000   0.083690000000000
  25.199999999999996   0.108370000000000
  25.219999999999999   0.079690000000000
  25.239999999999998   0.029940000000000
  25.259999999999998  -0.003670000000000
  25.279999999999998  -0.039010000000000
  25.299999999999997  -0.051130000000000
  25.320000000000000  -0.045650000000000
  25.339999999999996  -0.066840000000000
  25.359999999999999  -0.074770000000000
  25.379999999999995  -0.053120000000000
  25.399999999999999  -0.036380000000000
  25.419999999999998  -0.030620000000000
  25.439999999999998   0.040700000000000
  25.459999999999997   0.076180000000000
  25.479999999999997   0.065230000000000
  25.500000000000000   0.094510000000000
  25.519999999999996   0.119570000000000
  25.539999999999999   0.129440000000000
  25.559999999999995   0.103920000000000
  25.579999999999998   0.058210000000000
  25.599999999999998   0.004800000000000
  25.619999999999997   0.002680000000000
  25.639999999999997   0.062170000000000
  25.659999999999997   0.065910000000000
  25.680000000000000   0.047530000000000
  25.699999999999996   0.062000000000000
  25.719999999999999   0.096130000000000
  25.739999999999998   0.113010000000000
  25.759999999999998   0.093030000000000
  25.779999999999998   0.114570000000000
  25.799999999999997   0.145850000000000
  25.820000000000000   0.169560000000000
  25.839999999999996   0.173410000000000
  25.859999999999999   0.115970000000000
  25.879999999999995   0.037930000000000
  25.899999999999999  -0.028170000000000
  25.919999999999998  -0.045810000000000
  25.939999999999998  -0.038820000000000
  25.959999999999997  -0.027640000000000
  25.979999999999997   0.018520000000000
  26.000000000000000   0.085000000000000
  26.019999999999996   0.096750000000000
  26.039999999999999   0.050370000000000
  26.059999999999995   0.029270000000000
  26.079999999999998   0.032030000000000
  26.099999999999998   0.025440000000000
  26.119999999999997   0.006970000000000
  26.139999999999997   0.001780000000000
  26.159999999999997   0.010970000000000
  26.180000000000000   0.030630000000000
  26.199999999999996   0.002600000000000
  26.219999999999999  -0.024540000000000
  26.239999999999998  -0.093430000000000
  26.259999999999998  -0.175200000000000
  26.279999999999998  -0.172510000000000
  26.299999999999997  -0.125610000000000
  26.320000000000000  -0.077210000000000
  26.339999999999996  -0.061860000000000
  26.359999999999999  -0.035350000000000
  26.379999999999995   0.030150000000000
  26.399999999999999   0.066880000000000
  26.419999999999998   0.066220000000000
  26.439999999999998   0.091350000000000
  26.459999999999997   0.110250000000000
  26.479999999999997   0.111950000000000
  26.500000000000000   0.111640000000000
  26.519999999999996   0.061950000000000
  26.539999999999999   0.029740000000000
  26.559999999999995   0.004970000000000
  26.579999999999998  -0.010870000000000
  26.599999999999998  -0.064340000000000
  26.619999999999997  -0.138550000000000
  26.639999999999997  -0.180360000000000
  26.659999999999997  -0.175240000000000
  26.680000000000000  -0.127750000000000
  26.699999999999996  -0.086800000000000
  26.719999999999999  -0.082690000000000
  26.739999999999998  -0.103550000000000
  26.759999999999998  -0.127020000000000
  26.779999999999998  -0.140690000000000
  26.799999999999997  -0.136760000000000
  26.820000000000000  -0.133330000000000
  26.839999999999996  -0.139570000000000
  26.859999999999999  -0.126390000000000
  26.879999999999995  -0.124810000000000
  26.899999999999999  -0.148230000000000
  26.919999999999998  -0.175260000000000
  26.939999999999998  -0.186080000000000
  26.959999999999997  -0.191210000000000
  26.979999999999997  -0.201120000000000
  27.000000000000000  -0.217310000000000
  27.019999999999996  -0.215590000000000
  27.039999999999999  -0.197260000000000
  27.059999999999995  -0.190940000000000
  27.079999999999998  -0.179960000000000
  27.099999999999998  -0.165210000000000
  27.119999999999997  -0.134680000000000
  27.139999999999997  -0.091360000000000
  27.159999999999997  -0.083860000000000
  27.180000000000000  -0.087710000000000
  27.199999999999996  -0.081340000000000
  27.219999999999999  -0.075280000000000
  27.239999999999998  -0.062050000000000
  27.259999999999998  -0.071350000000000
  27.279999999999998  -0.081740000000000
  27.299999999999997  -0.069140000000000
  27.320000000000000  -0.053460000000000
  27.339999999999996  -0.048900000000000
  27.359999999999999  -0.086170000000000
  27.379999999999995  -0.127170000000000
  27.399999999999999  -0.164860000000000
  27.419999999999998  -0.160680000000000
  27.439999999999998  -0.088350000000000
  27.459999999999997  -0.040460000000000
  27.479999999999997  -0.070010000000000
  27.500000000000000  -0.068810000000000
  27.519999999999996  -0.043300000000000
  27.539999999999999  -0.001260000000000
  27.559999999999995   0.038520000000000
  27.579999999999998   0.075520000000000
  27.599999999999998   0.102960000000000
  27.619999999999997   0.064560000000000
  27.639999999999997   0.022440000000000
  27.659999999999997  -0.002830000000000
  27.680000000000000  -0.052330000000000
  27.699999999999996  -0.042970000000000
  27.719999999999999  -0.006560000000000
  27.739999999999998   0.020400000000000
  27.759999999999998   0.025420000000000
  27.779999999999998  -0.001150000000000
  27.799999999999997   0.000560000000000
  27.820000000000000   0.045200000000000
  27.839999999999996   0.067190000000000
  27.859999999999999   0.053540000000000
  27.879999999999995   0.015980000000000
  27.899999999999999  -0.012140000000000
  27.919999999999998  -0.016130000000000
  27.939999999999998  -0.027190000000000
  27.959999999999997  -0.003150000000000
  27.979999999999997   0.038760000000000
  28.000000000000000   0.033750000000000
  28.019999999999996  -0.000120000000000
  28.039999999999999  -0.019090000000000
  28.059999999999995  -0.031490000000000
  28.079999999999998  -0.037590000000000
  28.099999999999998  -0.046610000000000
  28.119999999999997  -0.039340000000000
  28.139999999999997  -0.013150000000000
  28.159999999999997   0.009370000000000
  28.180000000000000   0.018510000000000
  28.199999999999996   0.027440000000000
  28.219999999999999   0.040080000000000
  28.239999999999998   0.024910000000000
  28.259999999999998   0.004550000000000
  28.279999999999998  -0.027600000000000
  28.299999999999997  -0.032430000000000
  28.320000000000000  -0.033840000000000
  28.339999999999996  -0.073060000000000
  28.359999999999999  -0.076290000000000
  28.379999999999995  -0.037760000000000
  28.399999999999999  -0.037840000000000
  28.419999999999998  -0.049120000000000
  28.439999999999998  -0.038470000000000
  28.459999999999997   0.010350000000000
  28.479999999999997   0.056520000000000
  28.500000000000000   0.049330000000000
  28.519999999999996   0.022070000000000
  28.539999999999999  -0.012640000000000
  28.559999999999995  -0.049240000000000
  28.579999999999998  -0.073510000000000
  28.599999999999998  -0.030600000000000
  28.619999999999997   0.004770000000000
  28.639999999999997   0.020500000000000
  28.659999999999997   0.017170000000000
  28.680000000000000   0.017310000000000
  28.699999999999996   0.012420000000000
  28.719999999999999  -0.013610000000000
  28.739999999999998  -0.042470000000000
  28.759999999999998  -0.034330000000000
  28.779999999999998  -0.009610000000000
  28.799999999999997   0.002150000000000
  28.820000000000000   0.026820000000000
  28.839999999999996   0.032890000000000
  28.859999999999999   0.032000000000000
  28.879999999999995   0.022020000000000
  28.899999999999999   0.021590000000000
  28.919999999999998   0.006790000000000
  28.939999999999998   0.003690000000000
  28.959999999999997   0.014490000000000
  28.979999999999997  -0.017830000000000
  29.000000000000000  -0.041820000000000
  29.019999999999996  -0.027200000000000
  29.039999999999999  -0.021770000000000
  29.059999999999995  -0.023500000000000
  29.079999999999998   0.007370000000000
  29.099999999999998   0.036800000000000
  29.119999999999997   0.031430000000000
  29.139999999999997   0.059050000000000
  29.159999999999997   0.103710000000000
  29.180000000000000   0.092030000000000
  29.199999999999996   0.038450000000000
  29.219999999999999  -0.003650000000000
  29.239999999999998  -0.000710000000000
  29.259999999999998   0.001770000000000
  29.279999999999998  -0.019560000000000
  29.299999999999997   0.001450000000000
  29.320000000000000  -0.002240000000000
  29.339999999999996  -0.004490000000000
  29.359999999999999   0.003490000000000
  29.379999999999995  -0.016540000000000
  29.399999999999999  -0.001530000000000
  29.419999999999998   0.012280000000000
  29.439999999999998   0.040480000000000
  29.459999999999997   0.021900000000000
  29.479999999999997  -0.009830000000000
  29.500000000000000   0.004920000000000
  29.519999999999996  -0.002520000000000
  29.539999999999999   0.002370000000000
  29.559999999999999  -0.007890000000000
  29.579999999999998   0.005970000000000
  29.599999999999998   0.032850000000000
  29.619999999999997   0.045990000000000
  29.639999999999997   0.053470000000000
  29.659999999999997   0.032090000000000
  29.680000000000000   0.043840000000000
  29.699999999999996   0.081380000000000
  29.719999999999999   0.120740000000000
  29.739999999999998   0.122740000000000
  29.759999999999998   0.076140000000000
  29.779999999999998   0.072140000000000
  29.799999999999997   0.117080000000000
  29.819999999999997   0.124190000000000
  29.839999999999996   0.103890000000000
  29.859999999999999   0.060520000000000
  29.879999999999999   0.027590000000000
  29.899999999999999   0.015220000000000
  29.919999999999998   0.044450000000000
  29.939999999999998   0.101320000000000
  29.959999999999997   0.131720000000000
  29.979999999999997   0.091480000000000
  30.000000000000000   0.082880000000000
  30.019999999999996   0.094800000000000
  30.039999999999999   0.121640000000000
  30.059999999999999   0.117960000000000
  30.079999999999998   0.122940000000000
  30.099999999999998   0.140810000000000
  30.119999999999997   0.122220000000000
  30.139999999999997   0.101930000000000
  30.159999999999997   0.067400000000000
  30.180000000000000   0.054090000000000
  30.199999999999996   0.052430000000000
  30.219999999999999   0.062030000000000
  30.239999999999998   0.070750000000000
  30.259999999999998   0.083850000000000
  30.279999999999998   0.087400000000000
  30.299999999999997   0.052770000000000
  30.319999999999997   0.049350000000000
  30.339999999999996   0.051280000000000
  30.359999999999999   0.031840000000000
  30.379999999999999   0.015480000000000
  30.399999999999999   0.012430000000000
  30.419999999999998   0.005340000000000
  30.439999999999998  -0.006300000000000
  30.459999999999997  -0.018550000000000
  30.479999999999997   0.003130000000000
  30.500000000000000   0.036600000000000
  30.519999999999996   0.018100000000000
  30.539999999999999  -0.027890000000000
  30.559999999999999  -0.012840000000000
  30.579999999999998   0.023650000000000
  30.599999999999998   0.024100000000000
  30.619999999999997  -0.006100000000000
  30.639999999999997  -0.022020000000000
  30.659999999999997  -0.028740000000000
  30.680000000000000  -0.035850000000000
  30.699999999999996  -0.030520000000000
  30.719999999999999  -0.043950000000000
  30.739999999999998  -0.042360000000000
  30.759999999999998  -0.028760000000000
  30.779999999999998  -0.001890000000000
  30.799999999999997  -0.005660000000000
  30.819999999999997  -0.051160000000000
  30.839999999999996  -0.059840000000000
  30.859999999999999  -0.021410000000000
  30.879999999999999  -0.000400000000000
  30.899999999999999  -0.007290000000000
  30.919999999999998  -0.000180000000000
  30.939999999999998   0.018450000000000
  30.959999999999997   0.032330000000000
  30.979999999999997   0.031280000000000
  31.000000000000000   0.027030000000000
  31.019999999999996   0.004270000000000
  31.039999999999999  -0.014380000000000
  31.059999999999999   0.002290000000000
  31.079999999999998   0.043870000000000
  31.099999999999998   0.058610000000000
  31.119999999999997   0.040680000000000
  31.139999999999997   0.038850000000000
  31.159999999999997   0.045900000000000
  31.180000000000000   0.030970000000000
  31.199999999999996   0.000300000000000
  31.219999999999999  -0.009080000000000
  31.239999999999998   0.026880000000000
  31.259999999999998   0.048290000000000
  31.279999999999998  -0.010290000000000
  31.299999999999997  -0.057870000000000
  31.319999999999997  -0.077500000000000
  31.339999999999996  -0.051990000000000
  31.359999999999999  -0.038380000000000
  31.379999999999999  -0.086880000000000
  31.399999999999999  -0.115760000000000
  31.419999999999998  -0.087490000000000
  31.439999999999998  -0.016750000000000
  31.459999999999997  -0.023850000000000
  31.479999999999997  -0.029480000000000
  31.500000000000000  -0.014300000000000
  31.519999999999996  -0.000440000000000
  31.539999999999999   0.006630000000000
  31.559999999999999  -0.025590000000000
  31.579999999999998  -0.026140000000000
  31.599999999999998  -0.036820000000000
  31.619999999999997  -0.015150000000000
  31.639999999999997   0.014400000000000
  31.659999999999997  -0.013240000000000
  31.680000000000000  -0.051300000000000
  31.699999999999996  -0.062690000000000
  31.719999999999999  -0.072780000000000
  31.739999999999998  -0.058450000000000
  31.759999999999998  -0.017790000000000
  31.779999999999998   0.006070000000000
  31.799999999999997   0.028310000000000
  31.819999999999997  -0.008900000000000
  31.839999999999996  -0.072790000000000
  31.859999999999999  -0.047740000000000
  31.879999999999999  -0.002990000000000
  31.899999999999999  -0.011520000000000
  31.919999999999998  -0.034130000000000
  31.939999999999998  -0.068790000000000
  31.959999999999997  -0.099210000000000
  31.979999999999997  -0.072080000000000
  32.000000000000000  -0.051190000000000
  32.019999999999996  -0.059920000000000
  32.039999999999999  -0.065960000000000
  32.059999999999995  -0.069870000000000
  32.079999999999998  -0.071560000000000
  32.099999999999994  -0.050990000000000
  32.119999999999997  -0.002440000000000
  32.140000000000001   0.043630000000000
  32.159999999999997   0.026550000000000
  32.180000000000000  -0.023550000000000
  32.199999999999996  -0.055280000000000
  32.219999999999999  -0.063440000000000
  32.239999999999995  -0.036010000000000
  32.259999999999998   0.006910000000000
  32.280000000000001   0.019940000000000
  32.299999999999997   0.028390000000000
  32.320000000000000   0.016620000000000
  32.339999999999996   0.020980000000000
  32.359999999999999   0.029590000000000
  32.379999999999995   0.031860000000000
  32.399999999999999   0.051270000000000
  32.420000000000002   0.061380000000000
  32.439999999999998   0.062510000000000
  32.460000000000001   0.046310000000000
  32.479999999999997   0.026160000000000
  32.500000000000000   0.026210000000000
  32.519999999999996   0.036270000000000
  32.539999999999999   0.060500000000000
  32.559999999999995   0.069300000000000
  32.579999999999998   0.068590000000000
  32.599999999999994   0.064020000000000
  32.619999999999997   0.047610000000000
  32.640000000000001   0.071770000000000
  32.659999999999997   0.100500000000000
  32.680000000000000   0.097830000000000
  32.699999999999996   0.078050000000000
  32.719999999999999   0.046710000000000
  32.739999999999995   0.028290000000000
  32.759999999999998   0.010920000000000
  32.780000000000001   0.005500000000000
  32.799999999999997   0.002670000000000
  32.820000000000000  -0.023060000000000
  32.839999999999996  -0.061110000000000
  32.859999999999999  -0.060870000000000
  32.879999999999995  -0.036990000000000
  32.899999999999999  -0.035280000000000
  32.920000000000002  -0.056850000000000
  32.939999999999998  -0.086640000000000
  32.960000000000001  -0.122190000000000
  32.979999999999997  -0.157280000000000
  33.000000000000000  -0.137380000000000
  33.019999999999996  -0.102720000000000
  33.039999999999999  -0.075540000000000
  33.059999999999995  -0.065850000000000
  33.079999999999998  -0.080610000000000
  33.099999999999994  -0.102640000000000
  33.119999999999997  -0.120150000000000
  33.140000000000001  -0.092670000000000
  33.159999999999997  -0.051540000000000
  33.180000000000000  -0.017050000000000
  33.199999999999996  -0.030250000000000
  33.219999999999999  -0.056100000000000
  33.239999999999995  -0.055870000000000
  33.259999999999998  -0.034600000000000
  33.280000000000001  -0.002430000000000
  33.299999999999997   0.004540000000000
  33.320000000000000   0.000300000000000
  33.339999999999996   0.018870000000000
  33.359999999999999   0.028250000000000
  33.379999999999995   0.034040000000000
  33.399999999999999   0.055050000000000
  33.420000000000002   0.079170000000000
  33.439999999999998   0.103840000000000
  33.460000000000001   0.080420000000000
  33.479999999999997   0.047670000000000
  33.500000000000000   0.048760000000000
  33.519999999999996   0.052020000000000
  33.539999999999999   0.057630000000000
  33.559999999999995   0.062560000000000
  33.579999999999998   0.061380000000000
  33.599999999999994   0.070050000000000
  33.619999999999997   0.042540000000000
  33.640000000000001   0.010730000000000
  33.659999999999997   0.005690000000000
  33.680000000000000   0.022100000000000
  33.699999999999996   0.041970000000000
  33.719999999999999   0.044390000000000
  33.739999999999995   0.037740000000000
  33.759999999999998   0.032260000000000
  33.780000000000001   0.026090000000000
  33.799999999999997   0.032220000000000
  33.820000000000000   0.031060000000000
  33.839999999999996   0.016190000000000
  33.859999999999999  -0.001020000000000
  33.879999999999995   0.015980000000000
  33.899999999999999   0.039370000000000
  33.920000000000002   0.019940000000000
  33.939999999999998   0.005740000000000
  33.960000000000001  -0.005660000000000
  33.979999999999997  -0.016850000000000
  34.000000000000000  -0.021700000000000
  34.019999999999996   0.003170000000000
  34.039999999999999   0.022550000000000
  34.059999999999995   0.018930000000000
  34.079999999999998   0.021460000000000
  34.099999999999994   0.032070000000000
  34.119999999999997   0.013970000000000
  34.140000000000001  -0.020380000000000
  34.159999999999997  -0.036150000000000
  34.180000000000000  -0.060860000000000
  34.199999999999996  -0.066580000000000
  34.219999999999999  -0.060040000000000
  34.239999999999995  -0.044000000000000
  34.259999999999998  -0.036460000000000
  34.280000000000001  -0.038790000000000
  34.299999999999997  -0.035840000000000
  34.320000000000000  -0.041510000000000
  34.339999999999996  -0.036250000000000
  34.359999999999999  -0.038490000000000
  34.379999999999995  -0.054380000000000
  34.399999999999999  -0.048610000000000
  34.420000000000002  -0.031890000000000
  34.439999999999998  -0.045290000000000
  34.460000000000001  -0.052430000000000
  34.479999999999997  -0.054860000000000
  34.500000000000000  -0.069940000000000
  34.519999999999996  -0.085250000000000
  34.539999999999999  -0.066340000000000
  34.559999999999995  -0.055610000000000
  34.579999999999998  -0.049810000000000
  34.599999999999994  -0.067770000000000
  34.619999999999997  -0.082050000000000
  34.640000000000001  -0.050890000000000
  34.659999999999997  -0.017820000000000
  34.680000000000000  -0.006270000000000
  34.699999999999996  -0.007540000000000
  34.719999999999999   0.000860000000000
  34.739999999999995   0.004900000000000
  34.759999999999998   0.031520000000000
  34.780000000000001   0.051270000000000
  34.799999999999997   0.045640000000000
  34.820000000000000   0.034430000000000
  34.839999999999996   0.030860000000000
  34.859999999999999   0.025950000000000
  34.879999999999995   0.012390000000000
  34.899999999999999  -0.006770000000000
  34.920000000000002  -0.008910000000000
  34.939999999999998   0.011130000000000
  34.960000000000001   0.003430000000000
  34.979999999999997  -0.008480000000000
  35.000000000000000  -0.022630000000000
  35.019999999999996  -0.023720000000000
  35.039999999999999  -0.015700000000000
  35.059999999999995  -0.001010000000000
  35.079999999999998   0.033360000000000
  35.099999999999994   0.040090000000000
  35.119999999999997   0.016980000000000
  35.140000000000001  -0.004100000000000
  35.159999999999997  -0.031280000000000
  35.180000000000000  -0.036470000000000
  35.199999999999996  -0.002630000000000
  35.219999999999999   0.029270000000000
  35.239999999999995   0.013650000000000
  35.259999999999998  -0.005640000000000
  35.280000000000001  -0.016480000000000
  35.299999999999997  -0.031780000000000
  35.320000000000000  -0.026730000000000
  35.339999999999996   0.003630000000000
  35.359999999999999   0.030120000000000
  35.379999999999995   0.030170000000000
  35.399999999999999   0.029860000000000
  35.420000000000002   0.024060000000000
  35.439999999999998   0.021370000000000
  35.460000000000001   0.025420000000000
  35.479999999999997   0.005130000000000
  35.500000000000000  -0.014980000000000
  35.519999999999996  -0.023900000000000
  35.539999999999999  -0.021040000000000
  35.559999999999995  -0.029850000000000
  35.579999999999998  -0.019150000000000
  35.599999999999994  -0.002810000000000
  35.619999999999997  -0.038440000000000
  35.640000000000001  -0.068470000000000
  35.659999999999997  -0.053390000000000
  35.680000000000000  -0.036860000000000
  35.699999999999996  -0.057210000000000
  35.719999999999999  -0.068370000000000
  35.739999999999995  -0.052190000000000
  35.759999999999998  -0.022800000000000
  35.780000000000001  -0.013670000000000
  35.799999999999997  -0.037820000000000
  35.820000000000000  -0.046310000000000
  35.839999999999996  -0.014980000000000
  35.859999999999999   0.011360000000000
  35.879999999999995   0.021900000000000
  35.899999999999999   0.020060000000000
  35.919999999999995  -0.008750000000000
  35.939999999999998  -0.041620000000000
  35.960000000000001  -0.058660000000000
  35.979999999999997  -0.028760000000000
  36.000000000000000  -0.007030000000000
  36.019999999999996  -0.028840000000000
  36.039999999999999  -0.062430000000000
  36.059999999999995  -0.056050000000000
  36.079999999999998  -0.015530000000000
  36.099999999999994  -0.014940000000000
  36.119999999999997  -0.022270000000000
  36.140000000000001  -0.024850000000000
  36.159999999999997  -0.035430000000000
  36.180000000000000  -0.026110000000000
  36.199999999999996  -0.008090000000000
  36.219999999999999  -0.014600000000000
  36.239999999999995  -0.037010000000000
  36.259999999999998  -0.050010000000000
  36.280000000000001  -0.055490000000000
  36.299999999999997  -0.036080000000000
  36.320000000000000  -0.001120000000000
  36.339999999999996   0.014000000000000
  36.359999999999999   0.020160000000000
  36.379999999999995   0.020140000000000
  36.399999999999999  -0.005800000000000
  36.419999999999995  -0.011310000000000
  36.439999999999998   0.002990000000000
  36.460000000000001   0.013520000000000
  36.479999999999997   0.027280000000000
  36.500000000000000   0.053300000000000
  36.519999999999996   0.052820000000000
  36.539999999999999   0.049210000000000
  36.559999999999995   0.044080000000000
  36.579999999999998   0.050680000000000
  36.600000000000001   0.072280000000000
  36.619999999999997   0.066180000000000
  36.640000000000001   0.056740000000000
  36.659999999999997   0.060660000000000
  36.680000000000000   0.048790000000000
  36.699999999999996   0.010780000000000
  36.719999999999999  -0.012280000000000
  36.739999999999995  -0.024220000000000
  36.759999999999998  -0.036370000000000
  36.780000000000001  -0.046070000000000
  36.799999999999997  -0.053460000000000
  36.820000000000000  -0.058080000000000
  36.839999999999996  -0.057070000000000
  36.859999999999999  -0.025460000000000
  36.879999999999995   0.029070000000000
  36.899999999999999   0.059900000000000
  36.919999999999995   0.062030000000000
  36.939999999999998   0.059760000000000
  36.960000000000001   0.060970000000000
  36.979999999999997   0.072390000000000
  37.000000000000000   0.091810000000000
  37.019999999999996   0.087240000000000
  37.039999999999999   0.064300000000000
  37.059999999999995   0.056220000000000
  37.079999999999998   0.067210000000000
  37.100000000000001   0.075190000000000
  37.119999999999997   0.055770000000000
  37.140000000000001   0.050780000000000
  37.159999999999997   0.050330000000000
  37.180000000000000   0.050090000000000
  37.199999999999996   0.033410000000000
  37.219999999999999   0.008360000000000
  37.239999999999995  -0.028690000000000
  37.259999999999998  -0.010480000000000
  37.280000000000001  -0.002660000000000
  37.299999999999997   0.008170000000000
  37.320000000000000   0.001630000000000
  37.339999999999996   0.018570000000000
  37.359999999999999  -0.002910000000000
  37.379999999999995   0.024600000000000
  37.399999999999999   0.033230000000000
  37.419999999999995   0.066180000000000
  37.439999999999998   0.057380000000000
  37.460000000000001   0.030240000000000
  37.479999999999997   0.037850000000000
  37.500000000000000   0.046960000000000
  37.519999999999996   0.037590000000000
  37.539999999999999   0.040310000000000
  37.559999999999995   0.014700000000000
  37.579999999999998   0.002230000000000
  37.600000000000001  -0.000110000000000
  37.619999999999997   0.003570000000000
  37.640000000000001  -0.012120000000000
  37.659999999999997  -0.023740000000000
  37.680000000000000  -0.046160000000000
  37.699999999999996  -0.026530000000000
  37.719999999999999   0.003360000000000
  37.739999999999995   0.018450000000000
  37.759999999999998   0.027020000000000