 0 -2.634
 0.02 -2.67
 0.04 -2.658
 0.06 -2.643
 0.08 -2.663
 0.1 -2.7
 0.12 -2.719
 0.14 -2.711
 0.16 -2.693
 0.18 -2.678
 0.2 -2.724
 0.22 -2.824
 0.24 -2.895
 0.26 -2.94
 0.28 -2.9
 0.3 -2.77
 0.32 -2.692
 0.34 -2.74
 0.36 -2.831
 0.38 -2.854
 0.4 -2.826
 0.42 -2.787
 0.44 -2.788
 0.46 -2.824
 0.48 -2.827
 0.5 -2.765
 0.52 -2.706
 0.54 -2.674
 0.56 -2.718
 0.58 -2.79
 0.6 -2.873
 0.62 -2.954
 0.64 -2.943
 0.66 -2.873
 0.68 -2.853
 0.7 -2.91
 0.72 -3.024
 0.74 -3.153
 0.76 -3.09
 0.78 -3.01
 0.8 -3.027
 0.82 -2.987
 0.84 -2.987
 0.86 -3.01
 0.88 -3.047
 0.9 -3.061
 0.92 -3.011
 0.94 -3.002
 0.96 -3.028
 0.98 -2.953
 1 -2.901
 1.02 -3.062
 1.04 -3.31
 1.06 -3.353
 1.08 -3.284
 1.1 -3.234
 1.12 -3.196
 1.14 -3.206
 1.16 -3.19
 1.18 -3.302
 1.2 -3.446
 1.22 -3.419
 1.24 -3.477
 1.26 -3.541
 1.28 -3.487
 1.3 -3.504
 1.32 -3.458
 1.34 -3.336
 1.36 -3.229
 1.38 -3.157
 1.4 -3.178
 1.42 -3.227
 1.44 -3.254
 1.46 -3.259
 1.48 -3.208
 1.5 -3.088
 1.52 -3.083
 1.54 -3.297
 1.56 -3.4
 1.58 -3.296
 1.6 -3.305
 1.62 -3.344
 1.64 -3.285
 1.66 -3.27
 1.68 -3.25
 1.7 -3.181
 1.72 -3.161
 1.74 -3.178
 1.76 -3.137
 1.78 -3.109
 1.8 -3.082
 1.82 -3.046
 1.84 -3.183
 1.86 -3.287
 1.88 -3.204
 1.9 -3.064
 1.92 -3.089
 1.94 -3.093
 1.96 -3.036
 1.98 -3.086
 2 -2.882
 2.02 -2.5
 2.04 -2.285
 2.06 -2.327
 2.08 -2.507
 2.1 -2.672
 2.12 -2.898
 2.14 -3.039
 2.16 -3.071
 2.18 -2.915
 2.2 -2.664
 2.22 -2.531
 2.24 -2.412
 2.26 -2.608
 2.28 -2.599
 2.3 -2.532
 2.32 -2.72
 2.34 -2.502
 2.36 -2.527
 2.38 -2.895
 2.4 -2.704
 2.42 -1.956
 2.44 -1.415
 2.46 -1.421
 2.48 -1.51
 2.5 -1.636
 2.52 -1.959
 2.54 -1.678
 2.56 -0.925
 2.58 -0.701
 2.6 -0.74
 2.62 -0.89
 2.64 -0.71
 2.66 -0.187
 2.68 0.007
 2.7 -0.209
 2.72 -0.605
 2.74 -0.596
 2.76 -0.42
 2.78 0.28
 2.8 0.965
 2.82 0.875
 2.84 0.479
 2.86 0.474
 2.88 0.663
 2.9 0.862
 2.92 1.192
 2.94 1.341
 2.96 1.255
 2.98 1.439
 3 1.9
 3.02 2.025
 3.04 1.816
 3.06 1.393
 3.08 1.492
 3.1 2.401
 3.12 3.475
 3.14 3.806
 3.16 3.579
 3.18 3.128
 3.2 2.965
 3.22 3.377
 3.24 3.895
 3.26 4.032
 3.28 3.838
 3.3 3.724
 3.32 3.467
 3.34 3.412
 3.36 3.749
 3.38 4.089
 3.4 4.435
 3.42 4.888
 3.44 5.218
 3.46 5.536
 3.48 6.271
 3.5 7.287
 3.52 8.372
 3.54 8.892
 3.56 8.422
 3.58 8.045
 3.6 7.997
 3.62 8.331
 3.64 9.259
 3.66 10.758
 3.68 12.163
 3.7 12.557
 3.72 12.341
 3.74 12.107
 3.76 12.767
 3.78 14.086
 3.8 15.09
 3.82 15.978
 3.84 16.563
 3.86 16.329
 3.88 15.514
 3.9 15.075
 3.92 15.101
 3.94 15.273
 3.96 15.943
 3.98 17.49
 4 19.257
 4.02 20.91
 4.04 23.004
 4.06 25.697
 4.08 28.615
 4.1 31.333
 4.12 33.953
 4.14 36.856
 4.16 39.123
 4.18 39.667
 4.2 38.879
 4.22 38.041
 4.24 37.624
 4.26 37.261
 4.28 36.82
 4.3 36.25
 4.32 36.413
 4.34 37.735
 4.36 39.774
 4.38 41.749
 4.4 42.768
 4.42 43.201
 4.44 43.611
 4.46 44.191
 4.48 44.859
 4.5 45.521
 4.52 45.933
 4.54 46.081
 4.56 46.039
 4.58 46.417
 4.6 47.705
 4.62 49.621
 4.64 51.921
 4.66 54.404
 4.68 57.124
 4.7 59.502
 4.72 61.274
 4.74 62.634
 4.76 62.606
 4.78 61.839
 4.8 62.031
 4.82 62.496
 4.84 62.765
 4.86 63.092
 4.88 63.798
 4.9 65.187
 4.92 66.893
 4.94 68.8
 4.96 70.467
 4.98 71.204
 5 71.293
 5.02 71.119
 5.04 70.947
 5.06 71.312
 5.08 71.939
 5.1 72.779
 5.12 74.291
 5.14 76.486
 5.16 78.305
 5.18 77.718
 5.2 74.703
 5.22 70.084
 5.24 64.304
 5.26 57.812
 5.28 51.01
 5.3 45.07
 5.32 40.327
 5.34 36.321
 5.36 32.635
 5.38 28.771
 5.4 25.531
 5.42 23.444
 5.44 21.53
 5.46 19.191
 5.48 16.332
 5.5 13.405
 5.52 10.365
 5.54 6.59
 5.56 2.47
 5.58 -1.703
 5.6 -6.075
 5.62 -10.222
 5.64 -14.14
 5.66 -17.824
 5.68 -21.105
 5.7 -24.017
 5.72 -26.96
 5.74 -29.575
 5.76 -31.485
 5.78 -32.908
 5.8 -33.817
 5.82 -34.626
 5.84 -35.885
 5.86 -37.658
 5.88 -39.414
 5.9 -40.82
 5.92 -42.093
 5.94 -43.321
 5.96 -44.438
 5.98 -45.358
 6 -45.991
 6.02 -46.134
 6.04 -45.765
 6.06 -44.562
 6.08 -42.95
 6.1 -42.249
 6.12 -42.463
 6.14 -43.045
 6.16 -43.458
 6.18 -43.846
 6.2 -44.661
 6.22 -45.209
 6.24 -45.532
 6.26 -46.025
 6.28 -46.912
 6.3 -48.209
 6.32 -49.307
 6.34 -50.242
 6.36 -51.375
 6.38 -52.899
 6.4 -54.945
 6.42 -57.15
 6.44 -59.143
 6.46 -60.518
 6.48 -61.759
 6.5 -63.423
 6.52 -65.193
 6.54 -66.894
 6.56 -68.412
 6.58 -70.106
 6.6 -71.896
 6.62 -73.699
 6.64 -75.487
 6.66 -76.582
 6.68 -77.017
 6.7 -77.07
 6.72 -77.046
 6.74 -77.064
 6.76 -77.175
 6.78 -77.495
 6.8 -77.918
 6.82 -78.317
 6.84 -78.719
 6.86 -79.104
 6.88 -79.25
 6.9 -79.078
 6.92 -78.657
 6.94 -78.008
 6.96 -77.262
 6.98 -76.433
 7 -75.348
 7.02 -73.677
 7.04 -71.42
 7.06 -68.641
 7.08 -64.991
 7.1 -60.365
 7.12 -55.228
 7.14 -50.397
 7.16 -46.54
 7.18 -43.71
 7.2 -41.748
 7.22 -40.323
 7.24 -38.92
 7.26 -37.303
 7.28 -35.906
 7.3 -35.198
 7.32 -35.245
 7.34 -35.78
 7.36 -36.153
 7.38 -35.79
 7.4 -34.556
 7.42 -32.191
 7.44 -28.639
 7.46 -24.828
 7.48 -22.429
 7.5 -21.414
 7.52 -20.636
 7.54 -20.052
 7.56 -19.617
 7.58 -18.985
 7.6 -17.79
 7.62 -16.146
 7.64 -14.491
 7.66 -13.01
 7.68 -11.681
 7.7 -10.31
 7.72 -8.745
 7.74 -6.857
 7.76 -4.72
 7.78 -2.679
 7.8 -1.253
 7.82 -0.565
 7.84 -0.367
 7.86 -0.333
 7.88 -0.291
 7.9 -0.153
 7.92 0.307
 7.94 1.087
 7.96 1.79
 7.98 2.164
 8 2.342
 8.02 2.611
 8.04 3.102
 8.06 3.623
 8.08 3.93
 8.1 4.014
 8.12 4.023
 8.14 4.159
 8.16 4.588
 8.18 5.313
 8.2 6.028
 8.22 6.634
 8.24 7.262
 8.26 7.926
 8.28 8.588
 8.3 9.209
 8.32 9.794
 8.34 10.418
 8.36 11.17
 8.38 12.094
 8.4 13.105
 8.42 13.976
 8.44 14.644
 8.46 15.296
 8.48 16.013
 8.5 16.836
 8.52 17.895
 8.54 19.161
 8.56 20.233
 8.58 20.671
 8.6 20.635
 8.62 20.801
 8.64 21.243
 8.66 21.579
 8.68 21.802
 8.7 22.118
 8.72 22.579
 8.74 23.133
 8.76 23.575
 8.78 23.456
 8.8 22.776
 8.82 22.03
 8.84 21.472
 8.86 20.996
 8.88 20.331
 8.9 19.284
 8.92 17.602
 8.94 15.349
 8.96 13.099
 8.98 11.564
 9 10.978
 9.02 11.046
 9.04 11.419
 9.06 11.859
 9.08 12.468
 9.1 13.305
 9.12 14.377
 9.14 15.598
 9.16 16.634
 9.18 17.215
 9.2 16.943
 9.22 15.643
 9.24 13.671
 9.26 11.275
 9.28 8.79
 9.3 6.84
 9.32 5.86
 9.34 5.79
 9.36 6.136
 9.38 6.691
 9.4 7.418
 9.42 8.401
 9.44 9.63
 9.46 10.768
 9.48 11.636
 9.5 12.268
 9.52 12.505
 9.54 12.212
 9.56 11.512
 9.58 10.628
 9.6 9.618
 9.62 8.388
 9.64 7.03
 9.66 5.824
 9.68 5.126
 9.7 4.927
 9.72 4.618
 9.74 3.861
 9.76 2.995
 9.78 2.339
 9.8 1.871
 9.82 1.466
 9.84 0.968
 9.86 0.577
 9.88 0.642
 9.9 1.182
 9.92 1.921
 9.94 2.926
 9.96 4.358
 9.98 6.073
 10 7.825
 10.02 9.485
 10.04 10.856
 10.06 11.232
 10.08 9.99
 10.1 7.939
 10.12 6.123
 10.14 4.627
 10.16 3.236
 10.18 1.686
 10.2 0.144
 10.22 -0.802
 10.24 -1.055
 10.26 -1.007
 10.28 -0.958
 10.3 -0.992
 10.32 -1.005
 10.34 -1.233
 10.36 -1.908
 10.38 -2.891
 10.4 -3.877
 10.42 -4.696
 10.44 -5.42
 10.46 -5.93
 10.48 -6.09
 10.5 -6.025
 10.52 -5.953
 10.54 -5.795
 10.56 -5.44
 10.58 -5.033
 10.6 -4.542
 10.62 -3.765
 10.64 -2.604
 10.66 -1.208
 10.68 0.261
 10.7 1.719
 10.72 3.042
 10.74 4.11
 10.76 4.848
 10.78 5.216
 10.8 5.148
 10.82 4.747
 10.84 4.326
 10.86 4.131
 10.88 4.299
 10.9 4.825
 10.92 5.537
 10.94 6.357
 10.96 7.302
 10.98 8.404
 11 9.56
 11.02 10.68
 11.04 11.78
 11.06 12.578
 11.08 12.809
 11.1 12.611
 11.12 12.249
 11.14 11.827
 11.16 11.305
 11.18 10.728
 11.2 10.153
 11.22 9.722
 11.24 9.411
 11.26 9.085
 11.28 8.783
 11.3 8.488
 11.32 8.277
 11.34 8.113
 11.36 7.871
 11.38 7.732
 11.4 7.8
 11.42 7.764
 11.44 7.548
 11.46 7.322
 11.48 7.204
 11.5 7.52
 11.52 8.344
 11.54 9.485
 11.56 10.689
 11.58 11.599
 11.6 11.873
 11.62 11.369
 11.64 10.454
 11.66 9.659
 11.68 9.057
 11.7 8.564
 11.72 8.077
 11.74 7.373
 11.76 6.488
 11.78 5.646
 11.8 5.019
 11.82 4.696
 11.84 4.756
 11.86 5.152
 11.88 5.438
 11.9 5.219
 11.92 4.769
 11.94 4.38
 11.96 3.907
 11.98 3.217
 12 2.311
 12.02 1.166
 12.04 -0.218
 12.06 -1.755
 12.08 -3.333
 12.1 -4.794
 12.12 -6.043
 12.14 -7.059
 12.16 -7.815
 12.18 -8.284
 12.2 -8.488
 12.22 -8.527
 12.24 -8.455
 12.26 -8.098
 12.28 -7.312
 12.3 -6.504
 12.32 -6.067
 12.34 -5.788
 12.36 -5.386
 12.38 -4.902
 12.4 -4.568
 12.42 -4.472
 12.44 -4.43
 12.46 -4.289
 12.48 -4.096
 12.5 -3.868
 12.52 -3.579
 12.54 -3.281
 12.56 -3.016
 12.58 -2.79
 12.6 -2.495
 12.62 -2.102
 12.64 -1.827
 12.66 -1.859
 12.68 -1.915
 12.7 -1.622
 12.72 -1.036
 12.74 -0.428
 12.76 0.124
 12.78 0.716
 12.8 1.354
 12.82 1.929
 12.84 2.433
 12.86 3.002
 12.88 3.645
 12.9 4.282
 12.92 4.896
 12.94 5.473
 12.96 5.99
 12.98 6.438
 13 6.92
 13.02 7.581
 13.04 8.447
 13.06 9.447
 13.08 10.528
 13.1 11.585
 13.12 12.51
 13.14 13.342
 13.16 14.032
 13.18 14.53
 13.2 14.924
 13.22 15.26
 13.24 15.552
 13.26 15.698
 13.28 15.651
 13.3 15.437
 13.32 15.099
 13.34 14.801
 13.36 14.714
 13.38 14.909
 13.4 15.296
 13.42 15.615
 13.44 15.768
 13.46 15.84
 13.48 15.879
 13.5 15.839
 13.52 15.707
 13.54 15.511
 13.56 15.268
 13.58 14.969
 13.6 14.579
 13.62 14.134
 13.64 13.707
 13.66 13.349
 13.68 13.097
 13.7 12.892
 13.72 12.666
 13.74 12.47
 13.76 12.424
 13.78 12.497
 13.8 12.512
 13.82 12.407
 13.84 12.253
 13.86 12.06
 13.88 11.844
 13.9 11.585
 13.92 11.279
 13.94 10.888
 13.96 10.433
 13.98 10.102
 14 9.991
 14.02 9.958
 14.04 9.845
 14.06 9.644
 14.08 9.414
 14.1 9.25
 14.12 9.177
 14.14 9.048
 14.16 8.736
 14.18 8.29
 14.2 7.812
 14.22 7.295
 14.24 6.728
 14.26 6.094
 14.28 5.402
 14.3 4.726
 14.32 4.11
 14.34 3.501
 14.36 2.82
 14.38 2.121
 14.4 1.534
 14.42 1.062
 14.44 0.669
 14.46 0.285
 14.48 -0.115
 14.5 -0.502
 14.52 -0.758
 14.54 -0.744
 14.56 -0.559
 14.58 -0.494
 14.6 -0.641
 14.62 -0.81
 14.64 -0.823
 14.66 -0.689
 14.68 -0.559
 14.7 -0.644
 14.72 -1.063
 14.74 -1.794
 14.76 -2.705
 14.78 -3.746
 14.8 -4.877
 14.82 -5.983
 14.84 -7.01
 14.86 -7.958
 14.88 -8.873
 14.9 -9.806
 14.92 -10.7
 14.94 -11.383
 14.96 -11.755
 14.98 -11.921
 15 -11.971
 15.02 -12.074
 15.04 -12.321
 15.06 -12.665
 15.08 -13.033
 15.1 -13.379
 15.12 -13.72
 15.14 -14.034
 15.16 -14.308
 15.18 -14.539
 15.2 -14.731
 15.22 -14.876
 15.24 -14.885
 15.26 -14.763
 15.28 -14.54
 15.3 -14.176
 15.32 -13.65
 15.34 -13.054
 15.36 -12.499
 15.38 -12.013
 15.4 -11.611
 15.42 -11.311
 15.44 -11.022
 15.46 -10.689
 15.48 -10.38
 15.5 -10.219
 15.52 -10.237
 15.54 -10.353
 15.56 -10.487
 15.58 -10.628
 15.6 -10.787
 15.62 -10.909
 15.64 -10.943
 15.66 -10.894
 15.68 -10.778
 15.7 -10.582
 15.72 -10.262
 15.74 -9.873
 15.76 -9.472
 15.78 -9.137
 15.8 -8.931
 15.82 -8.85
 15.84 -8.832
 15.86 -8.857
 15.88 -8.942
 15.9 -9.098
 15.92 -9.275
 15.94 -9.361
 15.96 -9.325
 15.98 -9.224
 16 -8.996
 16.02 -8.582
 16.04 -8
 16.06 -7.321
 16.08 -6.614
 16.1 -5.975
 16.12 -5.471
 16.14 -5.039
 16.16 -4.663
 16.18 -4.351
 16.2 -4.041
 16.22 -3.692
 16.24 -3.295
 16.26 -2.89
 16.28 -2.526
 16.3 -2.247
 16.32 -2.029
 16.34 -1.768
 16.36 -1.434
 16.38 -1.198
 16.4 -1.203
 16.42 -1.412
 16.44 -1.702
 16.46 -2.053
 16.48 -2.512
 16.5 -3.034
 16.52 -3.531
 16.54 -3.892
 16.56 -4.046
 16.58 -4.092
 16.6 -4.136
 16.62 -4.278
 16.64 -4.476
 16.66 -4.638
 16.68 -4.789
 16.7 -5.009
 16.72 -5.34
 16.74 -5.64
 16.76 -5.738
 16.78 -5.67
 16.8 -5.584
 16.82 -5.604
 16.84 -5.642
 16.86 -5.538
 16.88 -5.246
 16.9 -4.878
 16.92 -4.577
 16.94 -4.363
 16.96 -4.177
 16.98 -4.022
 17 -3.977
 17.02 -4.079
 17.04 -4.198
 17.06 -4.209
 17.08 -4.159
 17.1 -4.13
 17.12 -4.156
 17.14 -4.155
 17.16 -4.005
 17.18 -3.659
 17.2 -3.215
 17.22 -2.865
 17.24 -2.706
 17.26 -2.751
 17.28 -2.906
 17.3 -3.059
 17.32 -3.112
 17.34 -3.018
 17.36 -2.763
 17.38 -2.399
 17.4 -1.992
 17.42 -1.584
 17.44 -1.316
 17.46 -1.309
 17.48 -1.485
 17.5 -1.698
 17.52 -1.97
 17.54 -2.347
 17.56 -2.782
 17.58 -3.204
 17.6 -3.539
 17.62 -3.698
 17.64 -3.501
 17.66 -3.042
 17.68 -2.628
 17.7 -2.425
 17.72 -2.379
 17.74 -2.353
 17.76 -2.3
 17.78 -2.214
 17.8 -2.105
 17.82 -1.958
 17.84 -1.744
 17.86 -1.472
 17.88 -1.179
 17.9 -0.889
 17.92 -0.533
 17.94 -0.128
 17.96 0.259
 17.98 0.615
 18 0.809
 18.02 0.696
 18.04 0.403
 18.06 0.124
 18.08 -0.048
 18.1 -0.059
 18.12 0.094
 18.14 0.298
 18.16 0.444
 18.18 0.598
 18.2 0.869
 18.22 1.245
 18.24 1.692
 18.26 2.179
 18.28 2.651
 18.3 3.05
 18.32 3.311
 18.34 3.427
 18.36 3.474
 18.38 3.539
 18.4 3.639
 18.42 3.694
 18.44 3.679
 18.46 3.601
 18.48 3.508
 18.5 3.477
 18.52 3.506
 18.54 3.593
 18.56 3.742
 18.58 3.866
 18.6 3.884
 18.62 3.853
 18.64 3.962
 18.66 4.247
 18.68 4.541
 18.7 4.705
 18.72 4.766
 18.74 4.839
 18.76 4.953
 18.78 5.067
 18.8 5.162
 18.82 5.268
 18.84 5.398
 18.86 5.483
 18.88 5.483
 18.9 5.356
 18.92 5.12
 18.94 4.864
 18.96 4.584
 18.98 4.319
 19 4.121
 19.02 3.926
 19.04 3.693
 19.06 3.468
 19.08 3.325
 19.1 3.232
 19.12 3.095
 19.14 2.89
 19.16 2.647
 19.18 2.443
 19.2 2.314
 19.22 2.171
 19.24 1.962
 19.26 1.731
 19.28 1.536
 19.3 1.396
 19.32 1.387
 19.34 1.596
 19.36 1.969
 19.38 2.369
 19.4 2.755
 19.42 3.14
 19.44 3.492
 19.46 3.857
 19.48 4.23
 19.5 4.513
 19.52 4.726
 19.54 4.915
 19.56 5.055
 19.58 5.123
 19.6 5.177
 19.62 5.259
 19.64 5.371
 19.66 5.512
 19.68 5.655
 19.7 5.709
 19.72 5.603
 19.74 5.424
 19.76 5.27
 19.78 5.152
 19.8 5.03
 19.82 4.872
 19.84 4.768
 19.86 4.761
 19.88 4.811
 19.9 4.921
 19.92 5.034
 19.94 5.094
 19.96 5.163
 19.98 5.263
 20 5.279
 20.02 5.155
 20.04 4.945
 20.06 4.695
 20.08 4.482
 20.1 4.372
 20.12 4.352
 20.14 4.407
 20.16 4.497
 20.18 4.539
 20.2 4.504
 20.22 4.413
 20.24 4.327
 20.26 4.336
 20.28 4.464
 20.3 4.629
 20.32 4.727
 20.34 4.787
 20.36 4.858
 20.38 4.986
 20.4 5.209
 20.42 5.468
 20.44 5.647
 20.46 5.681
 20.48 5.589
 20.5 5.421
 20.52 5.19
 20.54 4.915
 20.56 4.668
 20.58 4.451
 20.6 4.217
 20.62 3.945
 20.64 3.617
 20.66 3.21
 20.68 2.714
 20.7 2.194
 20.72 1.686
 20.74 1.152
 20.76 0.579
 20.78 0.006
 20.8 -0.53
 20.82 -1.002
 20.84 -1.378
 20.86 -1.622
 20.88 -1.663
 20.9 -1.523
 20.92 -1.327
 20.94 -1.172
 20.96 -1.129
 20.98 -1.195
 21 -1.334
 21.02 -1.523
 21.04 -1.733
 21.06 -1.907
 21.08 -2.014
 21.1 -2.134
 21.12 -2.322
 21.14 -2.497
 21.16 -2.533
 21.18 -2.399
 21.2 -2.117
 21.22 -1.661
 21.24 -1.067
 21.26 -0.412
 21.28 0.235
 21.3 0.831
 21.32 1.368
 21.34 1.824
 21.36 2.161
 21.38 2.397
 21.4 2.592
 21.42 2.788
 21.44 2.998
 21.46 3.21
 21.48 3.412
 21.5 3.667
 21.52 3.967
 21.54 4.253
 21.56 4.52
 21.58 4.734
 21.6 4.855
 21.62 4.867
 21.64 4.811
 21.66 4.748
 21.68 4.668
 21.7 4.545
 21.72 4.407
 21.74 4.269
 21.76 4.135
 21.78 4.034
 21.8 3.968
 21.82 3.983
 21.84 4.081
 21.86 4.194
 21.88 4.281
 21.9 4.338
 21.92 4.355
 21.94 4.34
 21.96 4.311
 21.98 4.301
 22 4.315
 22.02 4.272
 22.04 4.134
 22.06 3.928
 22.08 3.659
 22.1 3.32
 22.12 2.902
 22.14 2.433
 22.16 1.947
 22.18 1.439
 22.2 0.88
 22.22 0.314
 22.24 -0.193
 22.26 -0.618
 22.28 -0.987
 22.3 -1.327
 22.32 -1.645
 22.34 -1.95
 22.36 -2.227
 22.38 -2.477
 22.4 -2.698
 22.42 -2.844
 22.44 -2.924
 22.46 -2.988
 22.48 -3.076
 22.5 -3.187
 22.52 -3.347
 22.54 -3.589
 22.56 -3.871
 22.58 -4.189
 22.6 -4.581
 22.62 -5.044
 22.64 -5.528
 22.66 -5.966
 22.68 -6.329
 22.7 -6.597
 22.72 -6.76
 22.74 -6.862
 22.76 -6.956
 22.78 -7.043
 22.8 -7.105
 22.82 -7.177
 22.84 -7.311
 22.86 -7.489
 22.88 -7.7
 22.9 -7.952
 22.92 -8.196
 22.94 -8.365
 22.96 -8.457
 22.98 -8.497
 23 -8.51
 23.02 -8.53
 23.04 -8.529
 23.06 -8.462
 23.08 -8.312
 23.1 -8.087
 23.12 -7.839
 23.14 -7.612
 23.16 -7.435
 23.18 -7.32
 23.2 -7.281
 23.22 -7.311
 23.24 -7.367
 23.26 -7.405
 23.28 -7.407
 23.3 -7.41
 23.32 -7.458
 23.34 -7.529
 23.36 -7.578
 23.38 -7.59
 23.4 -7.582
 23.42 -7.561
 23.44 -7.536
 23.46 -7.516
 23.48 -7.506
 23.5 -7.478
 23.52 -7.418
 23.54 -7.347
 23.56 -7.238
 23.58 -7.063
 23.6 -6.823
 23.62 -6.539
 23.64 -6.262
 23.66 -5.968
 23.68 -5.607
 23.7 -5.139
 23.72 -4.567
 23.74 -3.979
 23.76 -3.427
 23.78 -2.9
 23.8 -2.376
 23.82 -1.821
 23.84 -1.236
 23.86 -0.632
 23.88 -0.036
 23.9 0.509
 23.92 0.978
 23.94 1.365
 23.96 1.681
 23.98 1.937
 24 2.148
 24.02 2.325
 24.04 2.472
 24.06 2.605
 24.08 2.739
 24.1 2.878
 24.12 2.99
 24.14 3.074
 24.16 3.158
 24.18 3.227
 24.2 3.265
 24.22 3.306
 24.24 3.359
 24.26 3.434
 24.28 3.553
 24.3 3.689
 24.32 3.827
 24.34 3.942
 24.36 4.001
 24.38 3.999
 24.4 3.961
 24.42 3.893
 24.44 3.762
 24.46 3.592
 24.48 3.432
 24.5 3.31
 24.52 3.184
 24.54 3.02
 24.56 2.84
 24.58 2.673
 24.6 2.538
 24.62 2.431
 24.64 2.346
 24.66 2.275
 24.68 2.185
 24.7 2.057
 24.72 1.914
 24.74 1.781
 24.76 1.657
 24.78 1.529
 24.8 1.38
 24.82 1.196
 24.84 0.976
 24.86 0.732
 24.88 0.503
 24.9 0.333
 24.92 0.226
 24.94 0.163
 24.96 0.117
 24.98 0.055
 25 -0.081
 25.02 -0.312
 25.04 -0.618
 25.06 -0.974
 25.08 -1.361
 25.1 -1.767
 25.12 -2.195
 25.14 -2.631
 25.16 -3.058
 25.18 -3.459
 25.2 -3.811
 25.22 -4.096
 25.24 -4.353
 25.26 -4.607
 25.28 -4.841
 25.3 -5.055
 25.32 -5.273
 25.34 -5.512
 25.36 -5.744
 25.38 -5.935
 25.4 -6.079
 25.42 -6.176
 25.44 -6.231
 25.46 -6.24
 25.48 -6.211
 25.5 -6.142
 25.52 -6.029
 25.54 -5.848
 25.56 -5.593
 25.58 -5.326
 25.6 -5.104
 25.62 -4.955
 25.64 -4.887
 25.66 -4.879
 25.68 -4.876
 25.7 -4.837
 25.72 -4.783
 25.74 -4.754
 25.76 -4.74
 25.78 -4.717
 25.8 -4.674
 25.82 -4.607
 25.84 -4.496
 25.86 -4.337
 25.88 -4.193
 25.9 -4.086
 25.92 -3.997
 25.94 -3.925
 25.96 -3.876
 25.98 -3.838
 26 -3.797
 26.02 -3.772
 26.04 -3.792
 26.06 -3.828
 26.08 -3.844
 26.1 -3.853
 26.12 -3.85
 26.14 -3.792
 26.16 -3.655
 26.18 -3.489
 26.2 -3.352
 26.22 -3.24
 26.24 -3.131
 26.26 -3.016
 26.28 -2.892
 26.3 -2.765
 26.32 -2.637
 26.34 -2.506
 26.36 -2.404
 26.38 -2.355
 26.4 -2.342
 26.42 -2.347
 26.44 -2.34
 26.46 -2.286
 26.48 -2.18
 26.5 -2.05
 26.52 -1.926
 26.54 -1.794
 26.56 -1.615
 26.58 -1.391
 26.6 -1.146
 26.62 -0.895
 26.64 -0.638
 26.66 -0.364
 26.68 -0.078
 26.7 0.198
 26.72 0.461
 26.74 0.719
 26.76 0.976
 26.78 1.199
 26.8 1.36
 26.82 1.497
 26.84 1.633
 26.86 1.77
 26.88 1.924
 26.9 2.09
 26.92 2.266
 26.94 2.467
 26.96 2.678
 26.98 2.864
 27 3.03
 27.02 3.197
 27.04 3.37
 27.06 3.522
 27.08 3.588
 27.1 3.541
 27.12 3.422
 27.14 3.303
 27.16 3.245
 27.18 3.246
 27.2 3.269
 27.22 3.28
 27.24 3.273
 27.26 3.272
 27.28 3.292
 27.3 3.336
 27.32 3.39
 27.34 3.422
 27.36 3.42
 27.38 3.377
 27.4 3.325
 27.42 3.303
 27.44 3.321
 27.46 3.361
 27.48 3.404
 27.5 3.442
 27.52 3.486
 27.54 3.546
 27.56 3.625
 27.58 3.73
 27.6 3.865
 27.62 3.989
 27.64 4.056
 27.66 4.05
 27.68 3.993
 27.7 3.887
 27.72 3.712
 27.74 3.467
 27.76 3.178
 27.78 2.896
 27.8 2.642
 27.82 2.422
 27.84 2.265
 27.86 2.185
 27.88 2.138
 27.9 2.073
 27.92 1.988
 27.94 1.877
 27.96 1.742
 27.98 1.614
 28 1.537
 28.02 1.478
 28.04 1.403
 28.06 1.323
 28.08 1.227
 28.1 1.101
 28.12 0.955
 28.14 0.815
 28.16 0.693
 28.18 0.595
 28.2 0.525
 28.22 0.5
 28.24 0.526
 28.26 0.586
 28.28 0.689
 28.3 0.844
 28.32 1.025
 28.34 1.169
 28.36 1.253
 28.38 1.295
 28.4 1.311
 28.42 1.283
 28.44 1.24
 28.46 1.207
 28.48 1.177
 28.5 1.146
 28.52 1.111
 28.54 1.096
 28.56 1.116
 28.58 1.157
 28.6 1.188
 28.62 1.175
 28.64 1.184
 28.66 1.254
 28.68 1.361
 28.7 1.493
 28.72 1.636
 28.74 1.815
 28.76 2.058
 28.78 2.329
 28.8 2.588
 28.82 2.81
 28.84 2.996
 28.86 3.141
 28.88 3.249
 28.9 3.32
 28.92 3.361
 28.94 3.403
 28.96 3.43
 28.98 3.412
 29 3.362
 29.02 3.26
 29.04 3.098
 29.06 2.895
 29.08 2.668
 29.1 2.428
 29.12 2.168
 29.14 1.919
 29.16 1.717
 29.18 1.563
 29.2 1.454
 29.22 1.396
 29.24 1.399
 29.26 1.412
 29.28 1.394
 29.3 1.346
 29.32 1.3
 29.34 1.269
 29.36 1.212
 29.38 1.114
 29.4 0.994
 29.42 0.819
 29.44 0.611
 29.46 0.42
 29.48 0.259
 29.5 0.127
 29.52 0.007
 29.54 -0.067
 29.56 -0.046
 29.58 0.047
 29.6 0.181
 29.62 0.32
 29.64 0.434
 29.66 0.503
 29.68 0.52
 29.7 0.493
 29.72 0.447
 29.74 0.397
 29.76 0.355
 29.78 0.323
 29.8 0.308
 29.82 0.295
 29.84 0.291
 29.86 0.287
 29.88 0.272
 29.9 0.254
 29.92 0.239
 29.94 0.229
 29.96 0.217
 29.98 0.2
 30 0.155
 30.02 0.037
 30.04 -0.129
 30.06 -0.309
 30.08 -0.518
 30.1 -0.748
 30.12 -0.951
 30.14 -1.085
 30.16 -1.124
 30.18 -1.076
 30.2 -0.963
 30.22 -0.811
 30.24 -0.64
 30.26 -0.451
 30.28 -0.241
 30.3 -0.052
 30.32 0.099
 30.34 0.231
 30.36 0.376
 30.38 0.538
 30.4 0.689
 30.42 0.816
 30.44 0.956
 30.46 1.11
 30.48 1.258
 30.5 1.4
 30.52 1.539
 30.54 1.675
 30.56 1.81
 30.58 1.956
 30.6 2.109
 30.62 2.245
 30.64 2.373
 30.66 2.474
 30.68 2.543
 30.7 2.595
 30.72 2.637
 30.74 2.684
 30.76 2.755
 30.78 2.858
 30.8 2.989
 30.82 3.122
 30.84 3.259
 30.86 3.4
 30.88 3.538
 30.9 3.665
 30.92 3.803
 30.94 3.942
 30.96 4.063
 30.98 4.162
 31 4.246
 31.02 4.299
 31.04 4.316
 31.06 4.308
 31.08 4.286
 31.1 4.252
 31.12 4.203
 31.14 4.162
 31.16 4.125
 31.18 4.058
 31.2 3.983
 31.22 3.92
 31.24 3.871
 31.26 3.818
 31.28 3.772
 31.3 3.761
 31.32 3.794
 31.34 3.846
 31.36 3.879
 31.38 3.878
 31.4 3.87
 31.42 3.852
 31.44 3.819
 31.46 3.77
 31.48 3.695
 31.5 3.593
 31.52 3.448
 31.54 3.264
 31.56 3.079
 31.58 2.91
 31.6 2.772
 31.62 2.653
 31.64 2.593
 31.66 2.612
 31.68 2.672
 31.7 2.743
 31.72 2.834
 31.74 2.94
 31.76 3.016
 31.78 3.052
 31.8 3.057
 31.82 2.98
 31.84 2.832
 31.86 2.667
 31.88 2.497
 31.9 2.324
 31.92 2.179
 31.94 2.075
 31.96 1.994
 31.98 1.925
 32 1.878
 32.02 1.84
 32.04 1.808
 32.06 1.769
 32.08 1.712
 32.1 1.608
 32.12 1.421
 32.14 1.186
 32.16 0.951
 32.18 0.722
 32.2 0.509
 32.22 0.317
 32.24 0.173
 32.26 0.086
 32.28 0.032
 32.3 -0.019
 32.32 -0.068
 32.34 -0.105
 32.36 -0.133
 32.38 -0.129
 32.4 -0.084
 32.42 -0.06
 32.44 -0.065
 32.46 -0.075
 32.48 -0.081
 32.5 -0.092
 32.52 -0.142
 32.54 -0.235
 32.56 -0.358
 32.58 -0.495
 32.6 -0.621
 32.62 -0.757
 32.64 -0.89
 32.66 -1.001
 32.68 -1.095
 32.7 -1.201
 32.72 -1.356
 32.74 -1.56
 32.76 -1.783
 32.78 -2
 32.8 -2.201
 32.82 -2.393
 32.84 -2.56
 32.86 -2.7
 32.88 -2.812
 32.9 -2.899
 32.92 -2.954
 32.94 -2.986
 32.96 -3.022
 32.98 -3.068
 33 -3.097
 33.02 -3.12
 33.04 -3.136
 33.06 -3.13
 33.08 -3.092
 33.1 -3.052
 33.12 -3.038
 33.14 -3.014
 33.16 -2.977
 33.18 -2.97
 33.2 -2.972
 33.22 -2.972
 33.24 -2.986
 33.26 -3.044
 33.28 -3.141
 33.3 -3.263
 33.32 -3.407
 33.34 -3.58
 33.36 -3.756
 33.38 -3.904
 33.4 -4.021
 33.42 -4.168
 33.44 -4.353
 33.46 -4.545
 33.48 -4.733
 33.5 -4.902
 33.52 -5.069
 33.54 -5.242
 33.56 -5.413
 33.58 -5.593
 33.6 -5.806
 33.62 -6.064
 33.64 -6.312
 33.66 -6.53
 33.68 -6.717
 33.7 -6.874
 33.72 -7.029
 33.74 -7.186
 33.76 -7.315
 33.78 -7.385
 33.8 -7.385
 33.82 -7.327
 33.84 -7.23
 33.86 -7.12
 33.88 -7.002
 33.9 -6.873
 33.92 -6.744
 33.94 -6.617
 33.96 -6.486
 33.98 -6.37
 34 -6.285
 34.02 -6.244
 34.04 -6.223
 34.06 -6.197
 34.08 -6.142
 34.1 -6.053
 34.12 -5.958
 34.14 -5.853
 34.16 -5.702
 34.18 -5.527
 34.2 -5.359
 34.22 -5.186
 34.24 -4.986
 34.26 -4.767
 34.28 -4.53
 34.3 -4.3
 34.32 -4.11
 34.34 -3.963
 34.36 -3.843
 34.38 -3.747
 34.4 -3.674
 34.42 -3.638
 34.44 -3.635
 34.46 -3.643
 34.48 -3.636
 34.5 -3.589
 34.52 -3.508
 34.54 -3.404
 34.56 -3.285
 34.58 -3.147
 34.6 -2.998
 34.62 -2.877
 34.64 -2.771
 34.66 -2.666
 34.68 -2.574
 34.7 -2.506
 34.72 -2.458
 34.74 -2.393
 34.76 -2.282
 34.78 -2.155
 34.8 -2.044
 34.82 -1.961
 34.84 -1.906
 34.86 -1.885
 34.88 -1.88
 34.9 -1.879
 34.92 -1.884
 34.94 -1.887
 34.96 -1.895
 34.98 -1.893
 35 -1.879
 35.02 -1.878
 35.04 -1.88
 35.06 -1.89
 35.08 -1.919
 35.1 -1.964
 35.12 -2.009
 35.14 -2.036
 35.16 -2.038
 35.18 -2.012
 35.2 -1.946
 35.22 -1.836
 35.24 -1.691
 35.26 -1.531
 35.28 -1.352
 35.3 -1.152
 35.32 -0.932
 35.34 -0.703
 35.36 -0.465
 35.38 -0.217
 35.4 0.013
 35.42 0.193
 35.44 0.308
 35.46 0.343
 35.48 0.294
 35.5 0.188
 35.52 0.042
 35.54 -0.147
 35.56 -0.358
 35.58 -0.567
 35.6 -0.75
 35.62 -0.89
 35.64 -0.942
 35.66 -0.886
 35.68 -0.747
 35.7 -0.567
 35.72 -0.389
 35.74 -0.226
 35.76 -0.08
 35.78 0.037
 35.8 0.131
 35.82 0.202
 35.84 0.256
 35.86 0.304
 35.88 0.378
 35.9 0.488
 35.92 0.633
 35.94 0.827
 35.96 1.078
 35.98 1.381
 36 1.737
 36.02 2.108
 36.04 2.465
 36.06 2.793
 36.08 3.094
 36.1 3.367
 36.12 3.589
 36.14 3.757
 36.16 3.869
 36.18 3.918
 36.2 3.916
 36.22 3.902
 36.24 3.897
 36.26 3.886
 36.28 3.864
 36.3 3.835
 36.32 3.807
 36.34 3.796
 36.36 3.822
 36.38 3.893
 36.4 3.996
 36.42 4.096
 36.44 4.159
 36.46 4.171
 36.48 4.143
 36.5 4.118
 36.52 4.097
 36.54 4.065
 36.56 4.017
 36.58 3.946
 36.6 3.875
 36.62 3.806
 36.64 3.753
 36.66 3.734
 36.68 3.755
 36.7 3.82
 36.72 3.923
 36.74 4.055
 36.76 4.2
 36.78 4.357
 36.8 4.527
 36.82 4.704
 36.84 4.858
 36.86 4.956
 36.88 4.991
 36.9 4.952
 36.92 4.843
 36.94 4.69
 36.96 4.515
 36.98 4.341
 37 4.176
 37.02 3.999
 37.04 3.816
 37.06 3.666
 37.08 3.533
 37.1 3.394
 37.12 3.256
 37.14 3.146
 37.16 3.039
 37.18 2.889
 37.2 2.704
 37.22 2.504
 37.24 2.299
 37.26 2.086
 37.28 1.868
 37.3 1.656
 37.32 1.471
 37.34 1.332
 37.36 1.264
 37.38 1.273
 37.4 1.322
 37.42 1.351
 37.44 1.342
 37.46 1.304
 37.48 1.257
 37.5 1.212
 37.52 1.155
 37.54 1.099
 37.56 1.063
 37.58 1.031
 37.6 0.981
 37.62 0.917
 37.64 0.856
 37.66 0.809
 37.68 0.78
 37.7 0.761
 37.72 0.732
 37.74 0.712
 37.76 0.708
 37.78 0.71
 37.8 0.74
 37.82 0.807
 37.84 0.894
 37.86 0.988
 37.88 1.096
 37.9 1.237
 37.92 1.404
 37.94 1.601
 37.96 1.828
 37.98 2.063
 38 2.28
 38.02 2.452
 38.04 2.574
 38.06 2.667
 38.08 2.734
 38.1 2.765
 38.12 2.756
 38.14 2.755
 38.16 2.781
 38.18 2.801
 38.2 2.801
 38.22 2.8
 38.24 2.796
 38.26 2.783
 38.28 2.742
 38.3 2.662
 38.32 2.555
 38.34 2.429
 38.36 2.294
 38.38 2.173
 38.4 2.071
 38.42 1.961
 38.44 1.859
 38.46 1.781
 38.48 1.709
 38.5 1.645
 38.52 1.588
 38.54 1.533
 38.56 1.483
 38.58 1.438
 38.6 1.376
 38.62 1.286
 38.64 1.199
 38.66 1.125
 38.68 1.07
 38.7 1.058
 38.72 1.09
 38.74 1.148
 38.76 1.195
 38.78 1.203
 38.8 1.147
 38.82 1.021
 38.84 0.84
 38.86 0.632
 38.88 0.41
 38.9 0.193
 38.92 -0.013
 38.94 -0.202
 38.96 -0.358
 38.98 -0.473
 39 -0.543
 39.02 -0.579
 39.04 -0.591
 39.06 -0.597
 39.08 -0.599
 39.1 -0.572
 39.12 -0.526
					 