                   0                   0
   0.020000000000000  -0.006660293490000
   0.040000000000000  -0.006579537570000
   0.060000000000000  -0.006437005137000
   0.080000000000000  -0.006457674807000
   0.100000000000000  -0.006367872105000
   0.120000000000000  -0.006605640999000
   0.140000000000000  -0.007527507300000
   0.160000000000000  -0.006175911987000
   0.180000000000000  -0.003804428853000
   0.200000000000000  -0.005595771150000
   0.220000000000000  -0.009161106759000
   0.240000000000000  -0.007600206267000
   0.260000000000000  -0.005330131065000
   0.280000000000000  -0.009126020313000
   0.300000000000000  -0.012489954660000
   0.320000000000000  -0.007377169050000
   0.340000000000000  -0.000391366614600
   0.360000000000000  -0.003849338052000
   0.380000000000000  -0.007565414121000
   0.400000000000000  -0.001598998608000
   0.420000000000000  -0.000061707803760
   0.440000000000000  -0.003106243305000
   0.460000000000000  -0.009989856540000
   0.480000000000000  -0.011299344390000
   0.500000000000000  -0.005133637746000
   0.520000000000000  -0.019240637490000
   0.540000000000000  -0.021495240360000
   0.560000000000000   0.011854884690000
   0.580000000000000   0.040131464130000
   0.600000000000000   0.018944130240000
   0.620000000000000  -0.008110809900000
   0.640000000000000   0.001969147566000
   0.660000000000000  -0.013299367950000
   0.680000000000000  -0.041358930570000
   0.700000000000000  -0.024021021060000
   0.720000000000000   0.000217457681400
   0.740000000000000   0.008350361271000
   0.760000000000000   0.028006569000000
   0.780000000000000   0.029014065810000
   0.800000000000000  -0.023542018380000
   0.820000000000000  -0.065691527040000
   0.840000000000000  -0.031417662960000
   0.860000000000000   0.000452470455900
   0.880000000000000  -0.032970536910000
   0.900000000000000  -0.064018666980000
   0.920000000000000  -0.044730588330000
   0.940000000000000  -0.037528645500000
   0.960000000000000  -0.056968671240000
   0.980000000000000  -0.017855877510000
   1.000000000000000   0.031974782670000
   1.020000000000000   0.010068915330000
   1.040000000000000  -0.020114296470000
   1.060000000000000   0.024729616980000
   1.080000000000000   0.063608913090000
   1.100000000000000   0.019436258700000
   1.120000000000000  -0.018185807430000
   1.140000000000000  -0.014682205170000
   1.160000000000000  -0.018861657570000
   1.180000000000000  -0.035167859190000
   1.200000000000000  -0.023069156760000
   1.220000000000000   0.035413727220000
   1.240000000000000   0.057606850980000
   1.260000000000000   0.046522149390000
   1.280000000000000   0.035827385490000
   1.300000000000000   0.034535722410000
   1.320000000000000   0.060387044220000
   1.340000000000000   0.016154450730000
   1.360000000000000  -0.154380656700000
   1.380000000000000  -0.251896176900000
   1.400000000000000  -0.195480534600000
   1.420000000000000  -0.111580803900000
   1.440000000000000  -0.004081592745000
   1.460000000000000   0.147600180900000
   1.480000000000000   0.229992605100000
   1.500000000000000   0.149643702000000
   1.520000000000000   0.002418719265000
   1.540000000000000  -0.073918977840000
   1.560000000000000  -0.134949106800000
   1.580000000000000  -0.169486977600000
   1.600000000000000  -0.005087718117000
   1.620000000000000   0.222514638300000
   1.640000000000000   0.275051602800000
   1.660000000000000   0.218518534800000
   1.680000000000000   0.227530197000000
   1.700000000000000   0.160327674900000
   1.720000000000000  -0.082803786930000
   1.740000000000000  -0.197894187000000
   1.760000000000000  -0.056794406400000
   1.780000000000000   0.066459797190000
   1.800000000000000   0.042142631850000
   1.820000000000000  -0.025056123210000
   1.840000000000000  -0.049057848000000
   1.860000000000000  -0.023613180120000
   1.880000000000000   0.002527063848000
   1.900000000000000  -0.042114977460000
   1.920000000000000  -0.146966847300000
   1.940000000000000  -0.162469492200000
   1.960000000000000  -0.027403607160000
   1.980000000000000   0.079403170050000
   2.000000000000000   0.017096436360000
   2.020000000000000  -0.082967201910000
   2.040000000000000  -0.074611338210000
   2.060000000000000  -0.051315894180000
   2.080000000000000  -0.148952293200000
   2.100000000000000  -0.171717673500000
   2.120000000000000   0.046466026380000
   2.140000000000000   0.134737701300000
   2.160000000000000   0.013919252040000
   2.180000000000000   0.014458900140000
   2.200000000000000   0.020811748230000
   2.220000000000000  -0.233677044900000
   2.240000000000000  -0.411550885800000
   2.260000000000000  -0.271227566700000
   2.280000000000000  -0.096983671050000
   2.300000000000000  -0.081487098540000
   2.320000000000000  -0.096971300640000
   2.340000000000000  -0.036276614820000
   2.360000000000000   0.100385828100000
   2.380000000000000   0.177903761400000
   2.400000000000000   0.089808332940000
   2.420000000000000  -0.110599313400000
   2.440000000000000  -0.123743536200000
   2.460000000000000   0.026143620570000
   2.480000000000000   0.013848257070000
   2.500000000000000  -0.068284221750000
   2.520000000000000   0.042827497380000
   2.540000000000000   0.198070963200000
   2.560000000000000   0.118183718700000
   2.580000000000000  -0.042114536010000
   2.600000000000000  -0.113264690400000
   2.620000000000000  -0.144617058000000
   2.640000000000000  -0.006411029238000
   2.660000000000000   0.298094017500000
   2.680000000000000   0.476075277900000
   2.700000000000000   0.459257013900000
   2.720000000000000   0.330387262200000
   2.740000000000000   0.082955439720000
   2.760000000000000  -0.125650404000000
   2.780000000000000  -0.179252342100000
   2.800000000000000  -0.146650572900000
   2.820000000000000   0.035546221080000
   2.840000000000000   0.105336346500000
   2.860000000000000  -0.341152363800000
   2.880000000000000  -0.774915542100000
   2.900000000000000  -0.574734153600000
   2.920000000000000  -0.166465301400000
   2.940000000000000  -0.055545191190000
   2.960000000000000  -0.079980822090000
   2.980000000000000   0.104811609600000
   3.000000000000000   0.312109172100000
   3.020000000000000   0.373500054000000
   3.040000000000000   0.331961963400000
   3.060000000000000   0.227872860300000
   3.080000000000000  -0.104092830900000
   3.100000000000000  -0.502958307600000
   3.120000000000000  -0.556873086600000
   3.140000000000000  -0.264634952400000
   3.160000000000000  -0.183425418000000
   3.180000000000000  -0.292475732400000
   3.200000000000000  -0.101069290800000
   3.220000000000000   0.081915844590000
   3.240000000000000  -0.042432154380000
   3.260000000000000  -0.026236560510000
   3.280000000000000   0.194146767000000
   3.300000000000000   0.293625758700000
   3.320000000000000   0.112095632700000
   3.340000000000000  -0.145862535600000
   3.360000000000000  -0.261307204200000
   3.380000000000000  -0.339726480300000
   3.400000000000000  -0.355163398200000
   3.420000000000000  -0.197637753600000
   3.440000000000000  -0.054639796860000
   3.460000000000000  -0.168459870600000
   3.480000000000000  -0.194762540700000
   3.500000000000000   0.007547016447000
   3.520000000000000   0.192699988200000
   3.540000000000000   0.351669370500000
   3.560000000000000   0.566534759400000
   3.580000000000000   0.810156397500000
   3.600000000000000   0.947939122800000
   3.620000000000000   0.902059714800000
   3.640000000000000   0.789755227200000
   3.660000000000000   0.804599032500000
   3.680000000000000   0.921921335100000
   3.700000000000000   1.028507868000000
   3.720000000000000   1.067804766000000
   3.740000000000000   1.050586254000000
   3.760000000000000   0.965703168900000
   3.780000000000000   0.854683398900000
   3.800000000000000   0.760306490100000
   3.820000000000000   0.638570570400000
   3.840000000000000   0.383152407300000
   3.860000000000000  -0.032336771670000
   3.880000000000000  -0.453899969100000
   3.900000000000000  -0.696658817700000
   3.920000000000000  -0.820718334000000
   3.940000000000000  -0.958053625200000
   3.960000000000000  -1.204662114000000
   3.980000000000000  -1.420773471000000
   4.000000000000000  -1.408170564000000
   4.020000000000001  -1.143146547000000
   4.040000000000000  -0.841691917800000
   4.060000000000001  -0.708178700700000
   4.080000000000000  -0.710911766700000
   4.100000000000000  -0.502803505800000
   4.120000000000000   0.048802994010000
   4.140000000000000   0.586681065900000
   4.160000000000000   0.809464988700000
   4.180000000000000   0.935018862300000
   4.200000000000000   1.398105504000000
   4.220000000000000   2.093469696000000
   4.240000000000000   2.557995759000000
   4.260000000000000   2.604029184000000
   4.280000000000000   2.417919750000000
   4.300000000000000   2.268401616000000
   4.320000000000000   2.269356129000000
   4.340000000000000   2.300749110000000
   4.360000000000000   2.283263766000000
   4.380000000000000   2.172795318000000
   4.400000000000000   1.786712958000000
   4.420000000000000   1.079816130000000
   4.440000000000000   0.262903879800000
   4.460000000000000  -0.401456003400000
   4.480000000000000  -0.925196501700000
   4.500000000000000  -1.638254304000000
   4.520000000000001  -2.733280839000000
   4.540000000000000  -4.094577261000000
   4.560000000000001  -5.392550133000000
   4.580000000000000  -6.094249623000000
   4.600000000000001  -6.014965203000001
   4.620000000000000  -5.345664219000001
   4.640000000000000  -4.649628042000001
   4.660000000000000  -3.986157141000000
   4.680000000000000  -3.339170964000000
   4.700000000000000  -2.860035849000000
   4.720000000000000  -2.344531140000000
   4.740000000000000  -1.611131616000000
   4.760000000000000  -0.523434916800000
   4.780000000000000   0.702878553900000
   4.800000000000000   1.321003809000000
   4.820000000000000   0.929507702400000
   4.840000000000000  -0.018307539720000
   4.860000000000000  -0.310179545100000
   4.880000000000000   0.533591994600000
   4.900000000000000   1.776261384000000
   4.920000000000000   2.642616819000000
   4.940000000000000   2.889987741000001
   4.960000000000000   2.940523956000000
   4.980000000000000   3.203981316000000
   5.000000000000000   3.527781948000000
   5.020000000000001   3.512118321000000
   5.040000000000000   2.987626671000000
   5.060000000000001   2.138748732000000
   5.080000000000000   1.308169386000000
   5.100000000000001   0.952046079300000
   5.120000000000000   1.202981661000000
   5.140000000000000   1.675385154000000
   5.160000000000000   1.995348114000000
   5.180000000000000   2.061958995000000
   5.200000000000000   2.004969762000000
   5.220000000000000   2.032002198000000
   5.240000000000000   2.149929189000000
   5.260000000000000   2.168404362000000
   5.280000000000000   1.884531411000000
   5.300000000000000   1.323513207000000
   5.320000000000000   1.063578618000000
   5.340000000000000   1.357543116000000
   5.360000000000000   1.717048224000000
   5.380000000000000   1.706153238000000
   5.400000000000000   1.142559909000000
   5.420000000000000   0.483479964000000
   5.440000000000000   0.136821737700000
   5.460000000000000  -0.299317520700000
   5.480000000000000  -0.834584670900000
   5.500000000000000  -1.173693906000000
   5.520000000000001  -1.452502935000000
   5.540000000000000  -2.037028842000000
   5.560000000000001  -2.790804717000000
   5.580000000000000  -3.361292514000000
   5.600000000000001  -3.486465171000000
   5.620000000000000  -3.024547587000000
   5.640000000000000  -1.915493733000000
   5.660000000000000  -0.741100275900000
   5.680000000000000   0.176517216000000
   5.700000000000000   0.426362710500000
   5.720000000000000  -0.077787217800000
   5.740000000000000  -0.494589200400000
   5.760000000000000  -0.189823500000000
   5.780000000000000   0.442331820900000
   5.800000000000000   1.120145040000000
   5.820000000000000   1.378948536000000
   5.840000000000000   0.873362521800000
   5.860000000000000   0.133816542300000
   5.880000000000000  -0.189242846100000
   5.900000000000000   0.113752639800000
   5.920000000000000   0.225473628600000
   5.940000000000000  -0.639098544600000
   5.960000000000000  -1.808346951000000
   5.980000000000000  -3.145013406000000
   6.000000000000000  -5.320118979000000
   6.020000000000001  -6.802670925000000
   6.040000000000000  -6.238835289000001
   6.060000000000001  -4.316702148000000
   6.080000000000000  -2.838446982000000
   6.100000000000001  -2.307083427000000
   6.120000000000000  -1.564537059000000
   6.140000000000001   0.033293629260000
   6.160000000000000   1.829313864000000
   6.180000000000000   2.889916128000000
   6.200000000000000   3.033796455000001
   6.220000000000000   2.107786410000000
   6.240000000000000   0.435945707100000
   6.260000000000000  -1.557055953000000
   6.280000000000000  -1.859439393000000
   6.300000000000000   0.284114277000000
   6.320000000000000   1.336449654000000
   6.340000000000000   1.587265848000000
   6.360000000000000   1.844203482000000
   6.380000000000000   1.441737441000000
   6.400000000000000  -0.021734780940000
   6.420000000000000  -1.954806327000000
   6.440000000000000  -3.394726956000000
   6.460000000000000  -4.116162204000000
   6.480000000000000  -4.267742400000000
   6.500000000000000  -4.371963840000000
   6.520000000000001  -3.914999325000000
   6.540000000000000  -3.022502202000000
   6.560000000000001  -1.592210088000000
   6.580000000000000   0.515453598900000
   6.600000000000001   2.108214126000000
   6.620000000000000   2.279242647000000
   6.640000000000001   1.503616959000000
   6.660000000000000   0.375795103500000
   6.680000000000000  -0.570920810400000
   6.700000000000000  -0.741483650700000
   6.720000000000000   0.074627975970000
   6.740000000000000   1.041179445000000
   6.760000000000000   1.576971234000000
   6.780000000000000   1.804682916000000
   6.800000000000000   1.983725226000000
   6.820000000000000   2.201303178000000
   6.840000000000000   2.206748709000000
   6.860000000000000   2.055610944000000
   6.880000000000000   1.855700802000000
   6.900000000000000   1.727414451000000
   6.920000000000000   1.703053278000000
   6.940000000000000   1.686540105000000
   6.960000000000000   1.520261586000000
   6.980000000000000   1.232732448000000
   7.000000000000000   1.057618062000000
   7.020000000000001   1.118841291000000
   7.040000000000000   1.230174000000000
   7.060000000000001   1.185246162000000
   7.080000000000000   0.971604864900000
   7.100000000000001   0.770809959000000
   7.120000000000000   0.768225318300000
   7.140000000000001   0.894287840400000
   7.160000000000000   0.985622472000000
   7.180000000000000   1.014969087000000
   7.200000000000000   1.051751682000000
   7.220000000000000   1.128068577000000
   7.240000000000000   1.187707491000000
   7.260000000000000   1.213704972000000
   7.280000000000000   1.208282985000000
   7.300000000000000   1.136758275000000
   7.320000000000000   0.940939785900000
   7.340000000000000   0.634861213200000
   7.360000000000000   0.309132131400000
   7.380000000000000   0.077634613440000
   7.400000000000000  -0.009557911449000
   7.420000000000000  -0.021566755260000
   7.440000000000000  -0.017182646640000
   7.460000000000000  -0.052795095030000
   7.480000000000000  -0.184933313100000
   7.500000000000000  -0.431100253800000
   7.520000000000001  -0.784201590000000
   7.540000000000000  -1.127821365000000
   7.560000000000001  -1.308345966000000
   7.580000000000000  -1.209627936000000
   7.600000000000001  -0.875224656000000
   7.620000000000000  -0.482534083800000
   7.640000000000001  -0.160957967400000
   7.660000000000000   0.057950711100000
   7.680000000000000   0.247290087600000
   7.700000000000000   0.298988002800000
   7.720000000000000   0.139323287700000
   7.740000000000000  -0.284506677000000
   7.760000000000000  -0.765548954100000
   7.780000000000000  -1.059716421000000
   7.800000000000000  -1.111546575000000
   7.820000000000000  -1.021139577000000
   7.840000000000000  -0.963144328500000
   7.860000000000000  -0.946362950100000
   7.880000000000000  -0.912831291000000
   7.900000000000000  -0.894858291900000
   7.920000000000000  -0.912610958400000
   7.940000000000000  -0.958137598800000
   7.960000000000000  -1.003945590000000
   7.980000000000000  -1.060201035000000
   8.000000000000000  -1.133201169000000
   8.020000000000000  -1.157824269000000
   8.040000000000001  -1.113018075000000
   8.060000000000001  -1.053208467000000
   8.080000000000000  -0.980223244200000
   8.100000000000000  -0.812612919600000
   8.120000000000001  -0.475477162200000
   8.140000000000001  -0.102125043000000
   8.160000000000000   0.156451253400000
   8.180000000000000   0.290705321700000
   8.199999999999999   0.325225632600000
   8.220000000000001   0.389973398400000
   8.240000000000000   0.507143547900000
   8.260000000000000   0.565065810000000
   8.279999999999999   0.561151620000000
   8.300000000000001   0.569151969300000
   8.320000000000000   0.604116182700000
   8.340000000000000   0.578645008200000
   8.359999999999999   0.463084483500000
   8.380000000000001   0.290636455500000
   8.400000000000000   0.166943538900000
   8.420000000000000   0.175642458300000
   8.440000000000000   0.255543927300000
   8.460000000000001   0.356761839600000
   8.480000000000000   0.515387381400000
   8.500000000000000   0.687439772100000
   8.520000000000000   0.787716414900000
   8.540000000000001   0.762715139400000
   8.560000000000001   0.626156604000000
   8.580000000000000   0.529995452400000
   8.600000000000000   0.621532170000000
   8.620000000000001   0.885500238600000
   8.640000000000001   1.176523110000000
   8.660000000000000   1.350104193000000
   8.680000000000000   1.351115604000000
   8.700000000000001   1.179476901000000
   8.720000000000001   0.930718845000000
   8.740000000000000   0.793247391000000
   8.760000000000000   0.864412466400000
   8.779999999999999   0.994919409000000
   8.800000000000001   0.977778297900000
   8.820000000000000   0.833612009400000
   8.840000000000000   0.735801698700000
   8.859999999999999   0.748666238400000
   8.880000000000001   0.729614139300000
   8.900000000000000   0.526174359300000
   8.920000000000000   0.156082201200000
   8.940000000000000  -0.194946870600000
   8.960000000000001  -0.388633450500000
   8.980000000000000  -0.385581461400000
   9.000000000000000  -0.299563947900000
   9.020000000000000  -0.261557359200000
   9.040000000000001  -0.337685215500000
   9.060000000000001  -0.494067406500000
   9.080000000000000  -0.638607063600000
   9.100000000000000  -0.718030687500000
   9.120000000000001  -0.753290280000000
   9.140000000000001  -0.794016102600000
   9.160000000000000  -0.860187495600000
   9.180000000000000  -0.941127353100000
   9.200000000000001  -1.000605285000000
   9.220000000000001  -0.996921630000000
   9.240000000000000  -0.952422292800000
   9.260000000000000  -0.869728701600000
   9.279999999999999  -0.766821899700000
   9.300000000000001  -0.609979423500000
   9.320000000000000  -0.395825848200000
   9.340000000000000  -0.206026382700000
   9.359999999999999  -0.111833411400000
   9.380000000000001  -0.136918562400000
   9.400000000000000  -0.184754378700000
   9.420000000000000  -0.177429644100000
   9.440000000000000  -0.169907041800000
   9.460000000000001  -0.213972384600000
   9.480000000000000  -0.279798759900000
   9.500000000000000  -0.268060506300000
   9.520000000000000  -0.183247366500000
   9.540000000000001  -0.100602531000000
   9.560000000000001  -0.084146805360000
   9.580000000000000  -0.100664137800000
   9.600000000000000  -0.078823644300000
   9.620000000000001  -0.004958687187000
   9.640000000000001   0.047247991290000
   9.660000000000000   0.002745971055000
   9.680000000000000  -0.123742555200000
   9.700000000000001  -0.234885636900000
   9.720000000000001  -0.276620908500000
   9.740000000000000  -0.295014069900000
   9.760000000000000  -0.356009118300000
   9.779999999999999  -0.453154507200000
   9.800000000000001  -0.544590574200000
   9.820000000000000  -0.573609731400000
   9.840000000000000  -0.505558840500000
   9.859999999999999  -0.395652897900000
   9.880000000000001  -0.295764240600000
   9.900000000000000  -0.193402286100000
   9.920000000000000  -0.035124763860000
   9.940000000000000   0.154646998200000
   9.960000000000001   0.318748089600000
   9.980000000000000   0.397555056900000
  10.000000000000000   0.397614211200000
  10.020000000000000   0.367804564200000
  10.040000000000001   0.379828877400000
  10.060000000000000   0.467494078500000
  10.080000000000000   0.563354063100000
  10.100000000000000   0.606849543000000
  10.120000000000001   0.585432645300000
  10.140000000000001   0.494556533100000
  10.160000000000000   0.364837235400000
  10.180000000000000   0.273062429100000
  10.200000000000001   0.256163821200000
  10.220000000000001   0.272191497300000
  10.240000000000000   0.286429829400000
  10.260000000000000   0.272834248500000
  10.279999999999999   0.210223296900000
  10.300000000000001   0.098186524200000
  10.320000000000000  -0.023848571070000
  10.340000000000000  -0.113762744100000
  10.359999999999999  -0.184153025700000
  10.380000000000001  -0.257797480500000
  10.400000000000000  -0.309655396800000
  10.420000000000000  -0.290843054100000
  10.440000000000000  -0.219297841200000
  10.460000000000001  -0.148031526600000
  10.480000000000000  -0.061592958090000
  10.500000000000000   0.097072686990000
  10.520000000000000   0.325990420200000
  10.540000000000001   0.519596263800000
  10.560000000000000   0.564020652600000
  10.580000000000000   0.488252038500000
  10.600000000000000   0.402246100800000
  10.620000000000001   0.399608486100000
  10.640000000000001   0.496928689200000
  10.660000000000000   0.591475899600000
  10.680000000000000   0.578845230300000
  10.700000000000001   0.479649551400000
  10.720000000000001   0.367745115600000
  10.740000000000000   0.324612703800000
  10.760000000000000   0.359010389700000
  10.779999999999999   0.371879343900000
  10.800000000000001   0.270400387500000
  10.820000000000000   0.063006010110000
  10.840000000000000  -0.097103235330000
  10.859999999999999  -0.128422906200000
  10.880000000000001  -0.114026436900000
  10.900000000000000  -0.171108766800000
  10.920000000000000  -0.324187440300000
  10.940000000000000  -0.496372462200000
  10.960000000000001  -0.602605638900000
  10.980000000000000  -0.571015967400000
  11.000000000000000  -0.361776417300000
  11.020000000000000  -0.057780272160000
  11.040000000000001   0.134006856300000
  11.060000000000000   0.107035830900000
  11.080000000000000  -0.029720631060000
  11.100000000000000  -0.055175324760000
  11.120000000000001   0.100615185900000
  11.140000000000001   0.270751193100000
  11.160000000000000   0.246638311200000
  11.180000000000000   0.062557438050000
  11.200000000000001  -0.115211092500000
  11.220000000000001  -0.165314784600000
  11.240000000000000  -0.140726902500000
  11.260000000000000  -0.190090430100000
  11.279999999999999  -0.332331898500000
  11.300000000000001  -0.459283893300000
  11.320000000000000  -0.464408441100000
  11.340000000000000  -0.410753529000000
  11.359999999999999  -0.445623566400000
  11.380000000000001  -0.583160649300000
  11.400000000000000  -0.685698006600000
  11.420000000000000  -0.661835279700000
  11.440000000000000  -0.568550322000000
  11.460000000000001  -0.513086249700000
  11.480000000000000  -0.486556576200000
  11.500000000000000  -0.437361976800000
  11.520000000000000  -0.361779654600000
  11.540000000000001  -0.299191756500000
  11.560000000000000  -0.264470438700000
  11.580000000000000  -0.242406571500000
  11.600000000000000  -0.180858533400000
  11.620000000000001  -0.066940094790000
  11.640000000000001   0.022228380900000
  11.660000000000000   0.019156124340000
  11.680000000000000  -0.027889525890000
  11.700000000000001  -0.009887096790000
  11.720000000000001   0.106531891200000
  11.740000000000000   0.261942892200000
  11.760000000000000   0.354831133500000
  11.779999999999999   0.349153694100000
  11.800000000000001   0.246970870200000
  11.820000000000000   0.134117120700000
  11.840000000000000   0.085756351680000
  11.859999999999999   0.092533443030000
  11.880000000000001   0.037178193060000
  11.900000000000000  -0.138237615000000
  11.920000000000000  -0.301207221000000
  11.940000000000000  -0.348668687700000
  11.960000000000001  -0.331047769500000
  11.980000000000000  -0.367999881300000
  12.000000000000000  -0.469951091100000
  12.020000000000000  -0.503368267500000
  12.040000000000001  -0.360781487100000
  12.060000000000000  -0.121116516300000
  12.080000000000000   0.044744842260000
  12.100000000000000   0.035221137300000
  12.120000000000001  -0.114716668500000
  12.140000000000001  -0.242696358900000
  12.160000000000000  -0.150582813300000
  12.180000000000000   0.155157314400000
  12.200000000000001   0.510717036600000
  12.220000000000001   0.807557336100000
  12.240000000000000   0.940297132800000
  12.260000000000000   0.897312753900000
  12.280000000000001   0.725874567300000
  12.300000000000001   0.525544263000000
  12.320000000000000   0.423198200700000
  12.340000000000000   0.434792639700000
  12.359999999999999   0.528659722800000
  12.380000000000001   0.608092273800000
  12.400000000000000   0.556722110700000
  12.420000000000000   0.335918042100000
  12.440000000000000   0.050251116780000
  12.460000000000001  -0.176028481800000
  12.480000000000000  -0.279096167700000
  12.500000000000000  -0.281506975200000
  12.520000000000000  -0.261004958100000
  12.540000000000001  -0.253407799800000
  12.560000000000000  -0.223653971700000
  12.580000000000000  -0.122135186700000
  12.600000000000000   0.019347125040000
  12.620000000000001   0.137105639100000
  12.640000000000001   0.118136826900000
  12.660000000000000  -0.020049678000000
  12.680000000000000  -0.121249638000000
  12.700000000000001  -0.088748813700000
  12.720000000000001   0.017135205480000
  12.740000000000000   0.084285528570000
  12.760000000000000   0.119021394600000
  12.780000000000001   0.188595091800000
  12.800000000000001   0.292531551300000
  12.820000000000000   0.338859472500000
  12.840000000000000   0.226639645200000
  12.859999999999999   0.037987684830000
  12.880000000000001  -0.083402814960000
  12.900000000000000  -0.050360743530000
  12.920000000000000   0.035259072570000
  12.940000000000000   0.051811377660000
  12.960000000000001   0.013828421250000
  12.980000000000000   0.001003251042000
  13.000000000000000   0.033791967450000
  13.020000000000000   0.039142086390000
  13.040000000000001   0.018397340460000
  13.060000000000000   0.022083791310000
  13.080000000000000   0.053091749430000
  13.100000000000000   0.074271156840000
  13.120000000000001   0.059692721850000
  13.140000000000001   0.025726744620000
  13.160000000000000   0.013312689930000
  13.180000000000000   0.023044121640000
  13.200000000000001   0.036833508900000
  13.220000000000001   0.082428770250000
  13.240000000000000   0.182190339000000
  13.260000000000000   0.315927027900000
  13.280000000000001   0.393945565500000
  13.300000000000001   0.344122145100000
  13.320000000000000   0.231412308300000
  13.340000000000000   0.215661274200000
  13.359999999999999   0.301582453500000
  13.380000000000001   0.354712923000000
  13.400000000000000   0.265774187700000
  13.420000000000000   0.093591736020000
  13.440000000000000  -0.053637626880000
  13.460000000000001  -0.139762579500000
  13.480000000000000  -0.195294831300000
  13.500000000000000  -0.221405127300000
  13.520000000000000  -0.221127111900000
  13.540000000000001  -0.221875614900000
  13.560000000000000  -0.263377506600000
  13.580000000000000  -0.315896518800000
  13.600000000000000  -0.306479409300000
  13.620000000000001  -0.233084324700000
  13.640000000000001  -0.171518628600000
  13.660000000000000  -0.161689793400000
  13.680000000000000  -0.134738093700000
  13.700000000000001  -0.052924469310000
  13.720000000000001  -0.025984080540000
  13.740000000000000  -0.120357418500000
  13.760000000000000  -0.232898032800000
  13.780000000000001  -0.240238659600000
  13.800000000000001  -0.155271012300000
  13.820000000000000  -0.101641900500000
  13.840000000000000  -0.093915927090000
  13.859999999999999  -0.055081031040000
  13.880000000000001   0.042458003730000
  13.900000000000000   0.104572834200000
  13.920000000000000   0.106648041600000
  13.940000000000000   0.145389693600000
  13.960000000000001   0.218613789900000
  13.980000000000000   0.196572780000000
  14.000000000000000   0.024516877320000
  14.020000000000000  -0.199199113200000
  14.040000000000001  -0.347287537800000
  14.060000000000000  -0.404048295900000
  14.080000000000000  -0.430817627700000
  14.100000000000000  -0.445029767100000
  14.120000000000001  -0.414918855000000
  14.140000000000001  -0.371758582800000
  14.160000000000000  -0.329780121300000
  14.180000000000000  -0.259016765400000
  14.200000000000001  -0.157595099400000
  14.220000000000001  -0.063136924560000
  14.240000000000000  -0.013997231730000
  14.260000000000000   0.000802980088200
  14.280000000000001   0.041923859040000
  14.300000000000001   0.150872110200000
  14.320000000000000   0.285617267100000
  14.340000000000000   0.332252241300000
  14.359999999999999   0.254670052500000
  14.380000000000001   0.161956919700000
  14.400000000000000   0.174182632200000
  14.420000000000000   0.263862120600000
  14.440000000000000   0.266374461600000
  14.460000000000001   0.140321357100000
  14.480000000000000   0.043764450480000
  14.500000000000000   0.091847939850000
  14.520000000000000   0.187620566400000
  14.540000000000001   0.122866522200000
  14.560000000000000  -0.119570754600000
  14.580000000000000  -0.311420215800000
  14.600000000000000  -0.296110435500000
  14.620000000000001  -0.195061843800000
  14.640000000000001  -0.188579395800000
  14.660000000000000  -0.305016345900000
  14.680000000000000  -0.442173389400000
  14.700000000000001  -0.545541948000000
  14.720000000000001  -0.583561093500000
  14.740000000000000  -0.558692547300000
  14.760000000000000  -0.488129511600000
  14.780000000000001  -0.427128675300000
  14.800000000000001  -0.408573060300000
  14.820000000000000  -0.406167354000000
  14.840000000000000  -0.370552050900000
  14.859999999999999  -0.289950736500000
  14.880000000000001  -0.204713510400000
  14.900000000000000  -0.173914524900000
  14.920000000000000  -0.167985655200000
  14.940000000000000  -0.128557793700000
  14.960000000000001  -0.038207477880000
  14.980000000000000   0.045547986960000
  15.000000000000000   0.071712620550000
  15.020000000000000   0.066519245790000
  15.040000000000001   0.122884572600000
  15.060000000000000   0.256248677700000
  15.080000000000000   0.394544662200000
  15.100000000000000   0.472560845400000
  15.120000000000001   0.449491747500000
  15.140000000000001   0.343244248200000
  15.160000000000000   0.228089563200000
  15.180000000000000   0.189260406000000
  15.200000000000001   0.231046101000000
  15.220000000000001   0.274331548800000
  15.240000000000000   0.281058069600000
  15.260000000000000   0.300107618100000
  15.280000000000001   0.381506779800000
  15.300000000000001   0.443389044600000
  15.320000000000000   0.400818157200000
  15.340000000000000   0.278918116200000
  15.359999999999999   0.221936044500000
  15.380000000000001   0.262233072000000
  15.400000000000000   0.278911641600000
  15.420000000000000   0.259828346700000
  15.440000000000000   0.279891758700000
  15.460000000000001   0.361598365800000
  15.480000000000000   0.410741658900000
  15.500000000000000   0.365882883300000
  15.520000000000000   0.292235681700000
  15.540000000000001   0.222583112100000
  15.560000000000000   0.147272134500000
  15.580000000000000   0.098595306900000
  15.600000000000000   0.147890753100000
  15.620000000000001   0.220097258100000
  15.640000000000001   0.195776502300000
  15.660000000000000   0.057898933920000
  15.680000000000000  -0.056079924480000
  15.700000000000001  -0.072245578230000
  15.720000000000001  -0.092267945190000
  15.740000000000000  -0.200320494300000
  15.760000000000000  -0.336027423600000
  15.780000000000001  -0.367436394900000
  15.800000000000001  -0.285219569700000
  15.820000000000000  -0.190601236800000
  15.840000000000000  -0.154674073800000
  15.860000000000001  -0.163611768600000
  15.880000000000001  -0.186891094800000
  15.900000000000000  -0.212079054600000
  15.920000000000000  -0.204244592400000
  15.940000000000000  -0.142516246500000
  15.960000000000001  -0.041094266580000
  15.980000000000000   0.032535885240000
  16.000000000000000   0.028081850940000
  16.020000000000000  -0.028197648180000
  16.039999999999999  -0.073185052500000
  16.059999999999999  -0.050221784880000
  16.080000000000002  -0.013015339020000
  16.100000000000001  -0.035803203840000
  16.120000000000001  -0.124803016200000
  16.140000000000001  -0.171271907100000
  16.160000000000000  -0.131847871500000
  16.180000000000000  -0.117404510400000
  16.199999999999999  -0.207234876600000
  16.219999999999999  -0.327436512300000
  16.240000000000002  -0.342607481100000
  16.260000000000002  -0.269503851600000
  16.280000000000001  -0.238127253300000
  16.300000000000001  -0.308618676000000
  16.320000000000000  -0.370162005300000
  16.340000000000000  -0.324271708200000
  16.359999999999999  -0.215637043500000
  16.379999999999999  -0.128422219500000
  16.399999999999999  -0.092501060220000
  16.420000000000002  -0.082515137490000
  16.440000000000001  -0.053892637830000
  16.460000000000001  -0.003524930181000
  16.480000000000000   0.066597872940000
  16.500000000000000   0.164861072100000
  16.520000000000000   0.273877345800000
  16.539999999999999   0.338108418900000
  16.559999999999999   0.305855591400000
  16.580000000000002   0.207244784700000
  16.600000000000001   0.139931409600000
  16.620000000000001   0.109048646700000
  16.640000000000001   0.078557371470000
  16.660000000000000   0.062755629480000
  16.680000000000000   0.110469821400000
  16.699999999999999   0.169018452000000
  16.719999999999999   0.148741280100000
  16.740000000000002   0.075699178920000
  16.760000000000002   0.067893234390000
  16.780000000000001   0.149425723800000
  16.800000000000001   0.240471647100000
  16.820000000000000   0.259836292800000
  16.840000000000000   0.198970638300000
  16.859999999999999   0.127926814500000
  16.879999999999999   0.084375329310000
  16.899999999999999   0.077875085970000
  16.920000000000002   0.122070735000000
  16.940000000000001   0.218298398400000
  16.960000000000001   0.321384134700000
  16.980000000000000   0.332595297000000
  17.000000000000000   0.213353177400000
  17.020000000000000   0.122708090700000
  17.039999999999999   0.168726212100000
  17.059999999999999   0.248197022100000
  17.080000000000002   0.259285167000000
  17.100000000000001   0.248341915800000
  17.120000000000001   0.284371887600000
  17.140000000000001   0.321388353000000
  17.160000000000000   0.308969579700000
  17.180000000000000   0.275735850300000
  17.199999999999999   0.272431744200000
  17.219999999999999   0.266697799200000
  17.240000000000002   0.206826388200000
  17.260000000000002   0.125222786100000
  17.280000000000001   0.106818931800000
  17.300000000000001   0.159543561600000
  17.320000000000000   0.166206023100000
  17.340000000000000   0.050811346260000
  17.359999999999999  -0.109364136300000
  17.379999999999999  -0.166677687900000
  17.400000000000002  -0.089254941030000
  17.420000000000002   0.022408610220000
  17.440000000000001   0.061049032830000
  17.460000000000001   0.021573092520000
  17.480000000000000  -0.034211197800000
  17.500000000000000  -0.053751099150000
  17.520000000000000  -0.030260288970000
  17.539999999999999  -0.011807031510000
  17.559999999999999  -0.040917853350000
  17.580000000000002  -0.116968554000000
  17.600000000000001  -0.170791609500000
  17.620000000000001  -0.163423122300000
  17.640000000000001  -0.157516030800000
  17.660000000000000  -0.227554820100000
  17.680000000000000  -0.370408236300000
  17.699999999999999  -0.498400385400000
  17.719999999999999  -0.531953724600000
  17.740000000000002  -0.503342467200000
  17.760000000000002  -0.489183988500000
  17.780000000000001  -0.494552707200000
  17.800000000000001  -0.454459629600000
  17.820000000000000  -0.346615258500000
  17.840000000000000  -0.231374049300000
  17.859999999999999  -0.165403368900000
  17.879999999999999  -0.121249343700000
  17.900000000000002  -0.088290166770000
  17.920000000000002  -0.072467863020000
  17.940000000000001  -0.046328549040000
  17.960000000000001   0.029582261010000
  17.980000000000000   0.121444660800000
  18.000000000000000   0.140618403900000
  18.020000000000000   0.054262975140000
  18.039999999999999  -0.062595147690000
  18.059999999999999  -0.091867157640000
  18.080000000000002  -0.014140810890000
  18.100000000000001   0.044981027820000
  18.120000000000001   0.011221727670000
  18.140000000000001  -0.053596650510000
  18.160000000000000  -0.066872719710000
  18.180000000000000  -0.033645984840000
  18.199999999999999   0.014531013450000
  18.219999999999999   0.056684406870000
  18.240000000000002   0.105682737600000
  18.260000000000002   0.139850673300000
  18.280000000000001   0.152801835300000
  18.300000000000001   0.164848809600000
  18.320000000000000   0.168348821400000
  18.340000000000000   0.167215177800000
  18.359999999999999   0.154934038800000
  18.379999999999999   0.145129434300000
  18.400000000000002   0.157331602800000
  18.420000000000002   0.164530965600000
  18.440000000000001   0.124801937100000
  18.460000000000001   0.038510832510000
  18.480000000000000  -0.030617157150000
  18.500000000000000  -0.025024299570000
  18.520000000000000   0.028563394410000
  18.539999999999999   0.076223788290000
  18.559999999999999   0.100671299100000
  18.580000000000002   0.098514766800000
  18.600000000000001   0.060491922930000
  18.620000000000001   0.008178171246000
  18.640000000000001  -0.013094142750000
  18.660000000000000   0.011813290290000
  18.680000000000000   0.055678106880000
  18.699999999999999   0.055849899600000
  18.719999999999999  -0.006114462147000
  18.740000000000002  -0.079926719940000
  18.760000000000002  -0.126465026400000
  18.780000000000001  -0.110762355600000
  18.800000000000001  -0.051053692500000
  18.820000000000000   0.010195670340000
  18.840000000000000   0.062577911520000
  18.859999999999999   0.093264543090000
  18.879999999999999   0.077597207910000
  18.900000000000002  -0.010174843710000
  18.920000000000002  -0.099832249800000
  18.940000000000001  -0.088083842850000
  18.960000000000001  -0.021607584480000
  18.980000000000000  -0.033711819750000
  19.000000000000000  -0.135318355200000
  19.020000000000000  -0.187977846600000
  19.039999999999999  -0.116662580100000
  19.059999999999999  -0.006189298713000
  19.080000000000002   0.018918428040000
  19.100000000000001  -0.073744575660000
  19.120000000000001  -0.192558429900000
  19.140000000000001  -0.228275560800000
  19.160000000000000  -0.172432332000000
  19.180000000000000  -0.116365533300000
  19.199999999999999  -0.134011467000000
  19.219999999999999  -0.158616614700000
  19.240000000000002  -0.118112792400000
  19.260000000000002  -0.048934879650000
  19.280000000000001  -0.047058069690000
  19.300000000000001  -0.104771682900000
  19.320000000000000  -0.132815628000000
  19.340000000000000  -0.094538734560000
  19.359999999999999  -0.031777601670000
  19.379999999999999   0.008692388883000
  19.400000000000002   0.021600403560000
  19.420000000000002   0.019730293830000
  19.440000000000001   0.030144462300000
  19.460000000000001   0.019580838480000
  19.480000000000000  -0.025939464660000
  19.500000000000000  -0.068318134920000
  19.520000000000000  -0.064212571440000
  19.539999999999999  -0.044205213780000
  19.559999999999999  -0.037494810810000
  19.580000000000002  -0.008084435715000
  19.600000000000001   0.067814273700000
  19.620000000000001   0.163339050600000
  19.640000000000001   0.191595872700000
  19.660000000000000   0.149754162600000
  19.680000000000000   0.104341906800000
  19.699999999999999   0.117004949100000
  19.719999999999999   0.149258169000000
  19.740000000000002   0.150286747500000
  19.760000000000002   0.134715530700000
  19.780000000000001   0.166248990900000
  19.800000000000001   0.178572214800000
  19.820000000000000   0.075291426270000
  19.840000000000000  -0.093251731230000
  19.859999999999999  -0.154186516800000
  19.879999999999999  -0.033777723330000
  19.900000000000002   0.127719431100000
  19.920000000000002   0.128768120100000
  19.940000000000001  -0.012914806140000
  19.960000000000001  -0.099942612300000
  19.980000000000000  -0.052417488510000
  20.000000000000000  -0.003279501639000
  20.020000000000000  -0.051390430560000
  20.039999999999999  -0.131416918200000
  20.059999999999999  -0.103275069300000
  20.080000000000002   0.026567069220000
  20.100000000000001   0.112900248900000
  20.120000000000001   0.080702406450000
  20.140000000000001  -0.018036881820000
  20.160000000000000  -0.060856521390000
  20.180000000000000  -0.011160591750000
  20.199999999999999   0.038233807920000
  20.219999999999999   0.001931167170000
  20.240000000000002  -0.067315288050000
  20.260000000000002  -0.068507722980000
  20.280000000000001  -0.004485247758000
  20.300000000000001   0.016801793010000
  20.320000000000000  -0.038611512540000
  20.340000000000000  -0.064478432250000
  20.359999999999999  -0.020318010930000
  20.379999999999999   0.021244536000000
  20.400000000000002  -0.018235730520000
  20.420000000000002  -0.081854512470000
  20.440000000000001  -0.090037210050000
  20.460000000000001  -0.025012056690000
  20.479999999999997   0.047589771690000
  20.499999999999996   0.061109334900000
  20.519999999999996   0.008654238774000
  20.539999999999996  -0.031365620910000
  20.559999999999999  -0.030339916740000
  20.579999999999998  -0.037403460090000
  20.599999999999998  -0.090973093860000
  20.619999999999997  -0.131428886400000
  20.639999999999997  -0.085869264780000
  20.659999999999997   0.006550410699000
  20.679999999999996   0.044459116200000
  20.699999999999996   0.018179205300000
  20.719999999999999   0.000777239433000
  20.739999999999998   0.023872036590000
  20.759999999999998   0.083967086160000
  20.779999999999998   0.146841181200000
  20.799999999999997   0.182192202900000
  20.819999999999997   0.167993307000000
  20.839999999999996   0.122821494300000
  20.859999999999996   0.078746243400000
  20.879999999999999   0.071776856430000
  20.899999999999999   0.099312417900000
  20.919999999999998   0.135441372600000
  20.939999999999998   0.151795525500000
  20.959999999999997   0.144525726900000
  20.979999999999997   0.137889360000000
  20.999999999999996   0.141947560800000
  21.019999999999996   0.141664248000000
  21.039999999999996   0.092209919040000
  21.059999999999999  -0.015856265970000
  21.079999999999998  -0.087971979420000
  21.099999999999998  -0.030515996430000
  21.119999999999997   0.104066442000000
  21.139999999999997   0.172779311700000
  21.159999999999997   0.123956118900000
  21.179999999999996   0.052108708950000
  21.199999999999996   0.028294011810000
  21.219999999999999   0.027411778890000
  21.239999999999998  -0.000729216638100
  21.259999999999998  -0.035530505460000
  21.279999999999998  -0.015689858940000
  21.299999999999997   0.029424369060000
  21.319999999999997   0.044345987280000
  21.339999999999996  -0.006771686040000
  21.359999999999996  -0.061259614290000
  21.379999999999999  -0.060023220750000
  21.399999999999999  -0.047913040620000
  21.419999999999998  -0.080117004510000
  21.439999999999998  -0.131875045200000
  21.459999999999997  -0.148336323300000
  21.479999999999997  -0.108514982700000
  21.499999999999996  -0.054878111190000
  21.519999999999996  -0.057487188600000
  21.539999999999996  -0.105375586500000
  21.559999999999999  -0.138816601200000
  21.579999999999998  -0.138528285300000
  21.599999999999998  -0.130318688700000
  21.619999999999997  -0.134544248100000
  21.639999999999997  -0.145312194600000
  21.659999999999997  -0.141841416600000
  21.679999999999996  -0.102136030200000
  21.699999999999996  -0.057874095000000
  21.719999999999999  -0.063526528710000
  21.739999999999998  -0.102942608400000
  21.759999999999998  -0.120003669900000
  21.779999999999998  -0.089430559650000
  21.799999999999997  -0.040093077600000
  21.819999999999997  -0.032333838480000
  21.839999999999996  -0.061122264480000
  21.859999999999996  -0.061048179360000
  21.879999999999999  -0.012118646160000
  21.899999999999999   0.018916564140000
  21.919999999999998  -0.001082362806000
  21.939999999999998  -0.030040250670000
  21.959999999999997  -0.027464488020000
  21.979999999999997  -0.011683366650000
  21.999999999999996  -0.010015048620000
  22.019999999999996  -0.014056778430000
  22.039999999999996  -0.004398859917000
  22.059999999999999   0.033438405240000
  22.079999999999998   0.061102438470000
  22.099999999999998   0.047141248680000
  22.119999999999997   0.003018664530000
  22.139999999999997  -0.009721057635000
  22.159999999999997   0.033540811830000
  22.179999999999996   0.074524333320000
  22.199999999999996   0.078502052880000
  22.219999999999999   0.052102067580000
  22.239999999999998   0.032155620210000
  22.259999999999998   0.029117463210000
  22.279999999999998   0.026687114190000
  22.299999999999997   0.019780677990000
  22.319999999999997   0.006249525246000
  22.339999999999996   0.018856723140000
  22.359999999999996   0.046390087170000
  22.379999999999999   0.035907798060000
  22.399999999999999  -0.005684089599000
  22.419999999999998  -0.016474178250000
  22.439999999999998   0.021620984940000
  22.459999999999997   0.035340034500000
  22.479999999999997  -0.010010222100000
  22.499999999999996  -0.056706410700000
  22.519999999999996  -0.054411184620000
  22.539999999999996  -0.011868285150000
  22.559999999999999   0.015059978460000
  22.579999999999998  -0.006857166456000
  22.599999999999998  -0.030183064650000
  22.619999999999997   0.007725664395000
  22.639999999999997   0.076898559330000
  22.659999999999997   0.087891684570000
  22.679999999999996   0.023876666910000
  22.699999999999996  -0.022568640750000
  22.719999999999999   0.018569996460000
  22.739999999999998   0.086827329000000
  22.759999999999998   0.081476258490000
  22.779999999999998   0.004804808508000
  22.799999999999997  -0.049752621630000
  22.819999999999997  -0.032008058190000
  22.839999999999996   0.002754711765000
  22.859999999999996  -0.005476165668000
  22.879999999999999  -0.042824171790000
  22.899999999999999  -0.050947146090000
  22.919999999999998  -0.049284861210000
  22.939999999999998  -0.074760312870000
  22.959999999999997  -0.093544991370000
  22.979999999999997  -0.057541673340000
  22.999999999999996   0.011552520870000
  23.019999999999996   0.033176036790000
  23.039999999999996   0.012730633200000
  23.059999999999999   0.005986963539000
  23.079999999999998   0.041730749190000
  23.099999999999998   0.066844496340000
  23.119999999999997   0.035075272410000
  23.139999999999997  -0.016259967090000
  23.159999999999997  -0.022849442190000
  23.179999999999996   0.005157945945000
  23.199999999999996   0.007526010294000
  23.219999999999999  -0.024267095100000
  23.239999999999998  -0.043954509420000
  23.259999999999998  -0.009342636885000
  23.279999999999998   0.041779259640000
  23.299999999999997   0.058238742510000
  23.319999999999997   0.038253938040000
  23.339999999999996   0.020919540510000
  23.359999999999996   0.038342983410000
  23.379999999999999   0.072595540170000
  23.399999999999999   0.089482032720000
  23.419999999999998   0.073076083020000
  23.439999999999998   0.040234910580000
  23.459999999999997   0.038938980150000
  23.479999999999997   0.039347341020000
  23.499999999999996  -0.016267128390000
  23.519999999999996  -0.096561978390000
  23.539999999999996  -0.121587984900000
  23.559999999999999  -0.082381643010000
  23.579999999999998  -0.053047967400000
  23.599999999999998  -0.060178150080000
  23.619999999999997  -0.073882955520000
  23.639999999999997  -0.062435303550000
  23.659999999999997  -0.052649455770000
  23.679999999999996  -0.058425515100000
  23.699999999999996  -0.045193953870000
  23.719999999999999   0.002545609653000
  23.739999999999998   0.044714264490000
  23.759999999999998   0.064457605620000
  23.779999999999998   0.051108226290000
  23.799999999999997   0.020193355260000
  23.819999999999997  -0.006508363077000
  23.839999999999996  -0.021300070410000
  23.859999999999996  -0.020281556970000
  23.879999999999999  -0.009436910004000
  23.899999999999999  -0.013737453120000
  23.919999999999998  -0.019876619790000
  23.939999999999998   0.001069338069000
  23.959999999999997   0.038389777110000
  23.979999999999997   0.034271244810000
  23.999999999999996  -0.019247651640000
  24.019999999999996  -0.031164614010000
  24.039999999999999   0.009192082815000
  24.059999999999999   0.071178917310000
  24.079999999999998   0.081524857230000
  24.099999999999998   0.028763645940000
  24.119999999999997  -0.028844627490000
  24.139999999999997  -0.025953806880000
  24.159999999999997   0.025814347920000
  24.179999999999996   0.084801907350000
  24.199999999999996   0.087696181080000
  24.219999999999999   0.040203636300000
  24.239999999999998  -0.010639415880000
  24.259999999999998  -0.015321846600000
  24.279999999999998   0.006164220429000
  24.299999999999997  -0.007572287988000
  24.319999999999997  -0.042685438770000
  24.339999999999996  -0.056611989450000
  24.359999999999996  -0.053087354550000
  24.379999999999999  -0.057546333090000
  24.399999999999999  -0.061440608790000
  24.419999999999998  -0.035162257680000
  24.439999999999998  -0.001987274484000
  24.459999999999997   0.023036744520000
  24.479999999999997   0.040717287900000
  24.499999999999996   0.036178092990000
  24.519999999999996   0.017676060210000
  24.539999999999999   0.006925756995000
  24.559999999999999   0.022751342190000
  24.579999999999998   0.055313233740000
  24.599999999999998   0.077740208280000
  24.619999999999997   0.056071890090000
  24.639999999999997  -0.003113305524000
  24.659999999999997  -0.041108275260000
  24.679999999999996  -0.003425659848000
  24.699999999999996   0.071568393930000
  24.719999999999999   0.098321804100000
  24.739999999999998   0.059334960960000
  24.759999999999998   0.007891115931000
  24.779999999999998  -0.000808749349200
  24.799999999999997   0.007182532764000
  24.819999999999997   0.010363097610000
  24.839999999999996   0.016663727070000
  24.859999999999996   0.021801214260000
  24.879999999999999   0.017741983410000
  24.899999999999999   0.011485283130000
  24.919999999999998  -0.003553757847000
  24.939999999999998  -0.021119389830000
  24.959999999999997  -0.030991536180000
  24.979999999999997  -0.032411769120000