                   0                   0
   0.020000000000000   0.008350000000000
   0.040000000000000   0.014950000000000
   0.060000000000000  -0.022810000000000
   0.080000000000000  -0.046340000000000
   0.100000000000000  -0.023750000000000
   0.120000000000000   0.032970000000000
   0.140000000000000  -0.001890000000000
   0.160000000000000  -0.043490000000000
   0.180000000000000   0.006520000000000
   0.200000000000000   0.031110000000000
   0.220000000000000  -0.002570000000000
   0.240000000000000  -0.023610000000000
   0.260000000000000   0.034490000000000
   0.280000000000000   0.020510000000000
   0.300000000000000  -0.025700000000000
   0.320000000000000   0.020460000000000
   0.340000000000000   0.012450000000000
   0.360000000000000  -0.042310000000000
   0.380000000000000  -0.018340000000000
   0.400000000000000   0.067450000000000
   0.420000000000000   0.049640000000000
   0.440000000000000   0.006970000000000
   0.460000000000000   0.006890000000000
   0.480000000000000  -0.007360000000000
   0.500000000000000  -0.055650000000000
   0.520000000000000   0.010090000000000
   0.540000000000000   0.058840000000000
   0.560000000000000  -0.036820000000000
   0.580000000000000  -0.058680000000000
   0.600000000000000  -0.047750000000000
   0.620000000000000   0.009660000000000
   0.640000000000000   0.019630000000000
   0.660000000000000  -0.028510000000000
   0.680000000000000  -0.057740000000000
   0.700000000000000   0.014520000000000
   0.720000000000000  -0.006470000000000
   0.740000000000000  -0.022970000000000
   0.760000000000000  -0.006670000000000
   0.780000000000000   0.011680000000000
   0.800000000000000  -0.012890000000000
   0.820000000000000  -0.072350000000000
   0.840000000000000   0.009750000000000
   0.860000000000000   0.061730000000000
   0.880000000000000  -0.021440000000000
   0.900000000000000  -0.059210000000000
   0.920000000000000   0.023480000000000
   0.940000000000000   0.002810000000000
   0.960000000000000   0.077550000000000
   0.980000000000000   0.034570000000000
   1.000000000000000  -0.027390000000000
   1.020000000000000  -0.056670000000000
   1.040000000000000  -0.018280000000000
   1.060000000000000   0.058310000000000
   1.080000000000000  -0.029080000000000
   1.100000000000000   0.050200000000000
   1.120000000000000  -0.105600000000000
   1.140000000000000  -0.107550000000000
   1.160000000000000   0.071070000000000
   1.180000000000000  -0.046090000000000
   1.200000000000000  -0.137330000000000
   1.220000000000000  -0.066100000000000
   1.240000000000000   0.024080000000000
   1.260000000000000   0.041800000000000
   1.280000000000000   0.076430000000000
   1.300000000000000  -0.008840000000000
   1.320000000000000  -0.052820000000000
   1.340000000000000  -0.074540000000000
   1.360000000000000  -0.089480000000000
   1.380000000000000  -0.026080000000000
   1.400000000000000  -0.046190000000000
   1.420000000000000  -0.066270000000000
   1.440000000000000   0.185460000000000
   1.460000000000000   0.062480000000000
   1.480000000000000  -0.167620000000000
   1.500000000000000  -0.117350000000000
   1.520000000000000  -0.014130000000000
   1.540000000000000  -0.012960000000000
   1.560000000000000  -0.074480000000000
   1.580000000000000   0.134280000000000
   1.600000000000000  -0.004480000000000
   1.620000000000000  -0.060730000000000
   1.640000000000000  -0.060590000000000
   1.660000000000000  -0.160390000000000
   1.680000000000000  -0.119550000000000
   1.700000000000000  -0.011940000000000
   1.720000000000000   0.227730000000000
   1.740000000000000  -0.006240000000000
   1.760000000000000  -0.161570000000000
   1.780000000000000   0.008650000000000
   1.800000000000000  -0.078780000000000
   1.820000000000000  -0.100800000000000
   1.840000000000000   0.054350000000000
   1.860000000000000   0.156770000000000
   1.880000000000000  -0.160270000000000
   1.900000000000000  -0.101450000000000
   1.920000000000000   0.084220000000000
   1.940000000000000  -0.069940000000000
   1.960000000000000   0.155620000000000
   1.980000000000000   0.076640000000000
   2.000000000000000  -0.138910000000000
   2.020000000000000  -0.073400000000000
   2.040000000000000   0.024240000000000
   2.060000000000000  -0.048060000000000
   2.080000000000000   0.017800000000000
   2.100000000000000   0.164320000000000
   2.120000000000000  -0.029590000000000
   2.140000000000000  -0.274050000000000
   2.160000000000000  -0.041430000000000
   2.180000000000000   0.190690000000000
   2.200000000000000  -0.159800000000000
   2.220000000000000  -0.149650000000000
   2.240000000000000   0.045040000000000
   2.260000000000000  -0.072740000000000
   2.280000000000000  -0.090930000000000
   2.300000000000000  -0.182610000000000
   2.320000000000000  -0.001890000000000
   2.340000000000000  -0.043960000000000
   2.360000000000000  -0.252250000000000
   2.380000000000000  -0.202880000000000
   2.400000000000000   0.096380000000000
   2.420000000000000  -0.026780000000000
   2.440000000000000   0.088810000000000
   2.460000000000000   0.201730000000000
   2.480000000000000   0.000360000000000
   2.500000000000000  -0.065860000000000
   2.520000000000000  -0.023100000000000
   2.540000000000000   0.151240000000000
   2.560000000000000   0.168580000000000
   2.580000000000000   0.324320000000000
   2.600000000000000   0.110340000000000
   2.620000000000000  -0.230830000000000
   2.640000000000000  -0.367470000000000
   2.660000000000000   0.057290000000000
   2.680000000000000   0.137730000000000
   2.700000000000000   0.073000000000000
   2.720000000000000   0.196400000000000
   2.740000000000000  -0.195860000000000
   2.760000000000000  -0.196580000000000
   2.780000000000000   0.027910000000000
   2.800000000000000   0.076420000000000
   2.820000000000000  -0.046150000000000
   2.840000000000000  -0.458490000000000
   2.860000000000000  -0.272760000000000
   2.880000000000000   0.113340000000000
   2.900000000000000  -0.040290000000000
   2.920000000000000   0.178810000000000
   2.940000000000000  -0.112930000000000
   2.960000000000000  -0.256000000000000
   2.980000000000000   0.154090000000000
   3.000000000000000   0.102830000000000
   3.020000000000000   0.188830000000000
   3.040000000000000   0.195750000000000
   3.060000000000000  -0.328700000000000
   3.080000000000000  -0.498610000000000
   3.100000000000000   0.292630000000000
   3.120000000000000   0.109880000000000
   3.140000000000000   0.129060000000000
   3.160000000000000   0.021210000000000
   3.180000000000000  -0.257190000000000
   3.200000000000000   0.103610000000000
   3.220000000000000   0.072360000000000
   3.240000000000000   0.311430000000000
   3.260000000000000   0.380320000000000
   3.280000000000000   0.010640000000000
   3.300000000000000  -0.256370000000000
   3.320000000000000  -0.691450000000000
   3.340000000000000  -0.676950000000000
   3.360000000000000   0.306170000000000
   3.380000000000000   0.392720000000000
   3.400000000000000   0.305370000000000
   3.420000000000000  -0.111740000000000
   3.440000000000000  -0.717620000000000
   3.460000000000000  -0.673600000000000
   3.480000000000000  -0.250060000000000
   3.500000000000000   0.713950000000000
   3.520000000000000   0.871590000000000
   3.540000000000000   0.366000000000000
   3.560000000000000  -0.306050000000000
   3.580000000000000  -0.303630000000000
   3.600000000000000  -0.022450000000000
   3.620000000000000   0.165670000000000
   3.640000000000000   0.354380000000000
   3.660000000000000   0.097020000000000
   3.680000000000000  -0.142110000000000
   3.700000000000000  -0.393820000000000
   3.720000000000000  -0.224060000000000
   3.740000000000000  -0.073240000000000
   3.760000000000000   0.136310000000000
   3.780000000000000   0.467970000000000
   3.800000000000000   0.100350000000000
   3.820000000000000  -0.172530000000000
   3.840000000000000  -0.209120000000000
   3.860000000000000   0.051160000000000
   3.880000000000000   0.198580000000000
   3.900000000000000   0.343080000000000
   3.920000000000000   0.154250000000000
   3.940000000000000   0.004770000000000
   3.960000000000000  -0.021130000000000
   3.980000000000000  -0.031920000000000
   4.000000000000000   0.187890000000000
   4.020000000000001   0.194060000000000
   4.040000000000000   0.587970000000000
   4.060000000000001   0.715300000000000
   4.080000000000000   0.673600000000000
   4.100000000000000   0.374060000000000
   4.120000000000000   0.146210000000000
   4.140000000000000   0.121910000000000
   4.160000000000000   0.312200000000000
   4.180000000000000   0.710090000000000
   4.200000000000000   1.017020000000000
   4.220000000000000   0.970730000000000
   4.240000000000000   0.362610000000000
   4.260000000000000  -0.320410000000000
   4.280000000000000  -0.710730000000000
   4.300000000000000  -0.813300000000000
   4.320000000000000  -0.667620000000000
   4.340000000000000  -0.555210000000000
   4.360000000000000  -0.455760000000000
   4.380000000000000  -0.218790000000000
   4.400000000000000   0.528940000000000
   4.420000000000000   1.454920000000000
   4.440000000000000   1.807300000000000
   4.460000000000000   1.803210000000000
   4.480000000000000   1.638560000000000
   4.500000000000000   1.515030000000000
   4.520000000000001   1.623600000000000
   4.540000000000000   1.797200000000000
   4.560000000000001   2.038490000000000
   4.580000000000000   2.056560000000000
   4.600000000000001   1.231000000000000
   4.620000000000000  -0.997220000000000
   4.640000000000000  -3.079340000000000
   4.660000000000000  -3.709220000000000
   4.680000000000000  -4.223690000000000
   4.700000000000000  -4.540610000000000
   4.720000000000000  -4.138470000000000
   4.740000000000000  -3.853320000000000
   4.760000000000000  -2.506940000000000
   4.780000000000000   0.873720000000000
   4.800000000000000   4.343560000000000
   4.820000000000000   4.797520000000001
   4.840000000000000   0.863230000000000
   4.860000000000000  -2.850630000000000
   4.880000000000000  -4.419140000000000
   4.900000000000000  -2.819220000000000
   4.920000000000000   0.332820000000000
   4.940000000000000   2.542320000000000
   4.960000000000000   3.990040000000000
   4.980000000000000   3.756890000000000
   5.000000000000000   3.460190000000000
   5.020000000000001   3.092710000000000
   5.040000000000000   2.675140000000000
   5.060000000000001   1.528840000000000
   5.080000000000000   0.390100000000000
   5.100000000000001  -2.410280000000000
   5.120000000000000  -5.316610000000000
   5.140000000000000  -3.901440000000000
   5.160000000000000  -2.024280000000000
   5.180000000000000  -1.109390000000000
   5.200000000000000  -0.194010000000000
   5.220000000000000   0.688330000000000
   5.240000000000000   1.706550000000000
   5.260000000000000   2.180430000000000
   5.280000000000000   1.444900000000000
   5.300000000000000   0.503870000000000
   5.320000000000000  -0.782780000000000
   5.340000000000000  -1.563140000000000
   5.360000000000000  -0.251460000000000
   5.380000000000000   1.261400000000000
   5.400000000000000   2.219390000000000
   5.420000000000000   2.142330000000000
   5.440000000000000   1.105470000000000
   5.460000000000000   0.328940000000000
   5.480000000000000  -0.339260000000000
   5.500000000000000  -1.024660000000000
   5.520000000000001  -2.091310000000000
   5.540000000000000  -2.040420000000000
   5.560000000000001  -0.677490000000000
   5.580000000000000   0.577360000000000
   5.600000000000001   1.278820000000000
   5.620000000000000   0.964250000000000
   5.640000000000000  -0.247050000000000
   5.660000000000000  -1.757610000000000
   5.680000000000000  -3.001470000000000
   5.700000000000000  -3.395750000000000
   5.720000000000000  -2.525390000000000
   5.740000000000000  -1.593610000000000
   5.760000000000000  -0.594100000000000
   5.780000000000000  -0.209690000000000
   5.800000000000000  -0.040750000000000
   5.820000000000000   0.671690000000000
   5.840000000000000   1.751790000000000
   5.860000000000000   2.747580000000000
   5.880000000000000   3.042720000000000
   5.900000000000000   2.493350000000000
   5.920000000000000   1.660620000000000
   5.940000000000000   1.258750000000000
   5.960000000000000   1.384980000000000
   5.980000000000000   1.921140000000000
   6.000000000000000   0.852140000000000
   6.020000000000001  -1.149840000000000
   6.040000000000000  -2.256830000000000
   6.060000000000001  -2.275020000000000
   6.080000000000000  -1.636930000000000
   6.100000000000001  -0.696630000000000
   6.120000000000000   0.573450000000000
   6.140000000000001   1.553260000000000
   6.160000000000000   1.622480000000000
   6.180000000000000   1.050540000000000
   6.200000000000000   0.169870000000000
   6.220000000000000  -0.623910000000000
   6.240000000000000  -1.378170000000000
   6.260000000000000  -2.321140000000000
   6.280000000000000  -2.722540000000000
   6.300000000000000  -2.236950000000000
   6.320000000000000  -1.355420000000000
   6.340000000000000  -0.512610000000000
   6.360000000000000   0.167180000000000
   6.380000000000000   0.461000000000000
   6.400000000000000  -0.188690000000000
   6.420000000000000  -1.444750000000000
   6.440000000000000  -1.553730000000000
   6.460000000000000  -1.487810000000000
   6.480000000000000  -1.183000000000000
   6.500000000000000  -0.789290000000000
   6.520000000000001   0.271620000000000
   6.540000000000000   0.984060000000000
   6.560000000000001   2.068410000000000
   6.580000000000000   0.971590000000000
   6.600000000000001  -0.957480000000000
   6.620000000000000  -0.335170000000000
   6.640000000000001   0.173030000000000
   6.660000000000000   1.032520000000000
   6.680000000000000   1.583860000000000
   6.700000000000000   1.638070000000000
   6.720000000000000   0.729850000000000
   6.740000000000000   0.114770000000000
   6.760000000000000  -0.163540000000000
   6.780000000000000  -0.156610000000000
   6.800000000000000  -0.160240000000000
   6.820000000000000  -0.564150000000000
   6.840000000000000  -1.057040000000000
   6.860000000000000  -1.369630000000000
   6.880000000000000  -1.452130000000000
   6.900000000000000  -1.067240000000000
   6.920000000000000  -0.503370000000000
   6.940000000000000  -0.196350000000000
   6.960000000000000  -0.485020000000000
   6.980000000000000  -0.709250000000000
   7.000000000000000  -0.291330000000000
   7.020000000000001   0.115830000000000
   7.040000000000000   0.280460000000000
   7.060000000000001   0.519590000000000
   7.080000000000000   0.734160000000000
   7.100000000000001   0.669680000000000
   7.120000000000000   0.857590000000000
   7.140000000000001   1.339210000000000
   7.160000000000000   1.912380000000000
   7.180000000000000   2.256150000000000
   7.200000000000000   2.026460000000000
   7.220000000000000   1.528050000000000
   7.240000000000000   0.916720000000000
   7.260000000000000   0.097080000000000
   7.280000000000000  -0.411270000000000
   7.300000000000000  -0.105800000000000
   7.320000000000000   0.627200000000000
   7.340000000000000   0.957090000000000
   7.360000000000000   0.386410000000000
   7.380000000000000  -0.181020000000000
   7.400000000000000  -0.390610000000000
   7.420000000000000  -0.642730000000000
   7.440000000000000  -0.694770000000000
   7.460000000000000  -0.625110000000000
   7.480000000000000  -0.415090000000000
   7.500000000000000  -0.360270000000000
   7.520000000000001  -0.578580000000000
   7.540000000000000  -0.822530000000000
   7.560000000000001  -1.012250000000000
   7.580000000000000  -1.013600000000000
   7.600000000000001  -1.082350000000000
   7.620000000000000  -1.237630000000000
   7.640000000000001  -1.076030000000000
   7.660000000000000  -0.332970000000000
   7.680000000000000   0.489370000000000
   7.700000000000000   0.868210000000000
   7.720000000000000   0.818640000000000
   7.740000000000000   0.591830000000000
   7.760000000000000   0.661120000000000
   7.780000000000000   0.884870000000000
   7.800000000000000   1.099300000000000
   7.820000000000000   1.136420000000000
   7.840000000000000   0.849630000000000
   7.860000000000000   0.679220000000000
   7.880000000000000   0.972520000000000
   7.900000000000000   1.044290000000000
   7.920000000000000   0.697830000000000
   7.940000000000000   0.399720000000000
   7.960000000000000   0.021920000000000
   7.980000000000000  -0.368390000000000
   8.000000000000000  -0.622770000000000
   8.020000000000000  -0.720350000000000
   8.040000000000001  -0.779830000000000
   8.060000000000001  -0.923360000000000
   8.080000000000000  -0.852230000000000
   8.100000000000000  -0.596130000000000
   8.120000000000001  -0.451580000000000
   8.140000000000001  -0.308980000000000
   8.160000000000000  -0.043920000000000
   8.180000000000000   0.038780000000000
   8.199999999999999  -0.018370000000000
   8.220000000000001  -0.214420000000000
   8.240000000000000  -0.351860000000000
   8.260000000000000  -0.238250000000000
   8.279999999999999  -0.128900000000000
   8.300000000000001  -0.157880000000000
   8.320000000000000  -0.477000000000000
   8.340000000000000  -0.469900000000000
   8.359999999999999  -0.164250000000000
   8.380000000000001   0.293440000000000
   8.400000000000000   0.656720000000000
   8.420000000000000   0.693930000000000
   8.440000000000000   0.615410000000000
   8.460000000000001   0.472840000000000
   8.480000000000000   0.287160000000000
   8.500000000000000  -0.017000000000000
   8.520000000000000  -0.332190000000000
   8.540000000000001  -0.337230000000000
   8.560000000000001  -0.205050000000000
   8.580000000000000  -0.251160000000000
   8.600000000000000  -0.323970000000000
   8.620000000000001  -0.314710000000000
   8.640000000000001  -0.071950000000000
   8.660000000000000   0.145700000000000
   8.680000000000000   0.150680000000000
   8.700000000000001  -0.002090000000000
   8.720000000000001  -0.204590000000000
   8.740000000000000  -0.254940000000000
   8.760000000000000  -0.239200000000000
   8.779999999999999  -0.305100000000000
   8.800000000000001  -0.314730000000000
   8.820000000000000  -0.272120000000000
   8.840000000000000  -0.193750000000000
   8.859999999999999  -0.404890000000000
   8.880000000000001  -0.508840000000000
   8.900000000000000  -0.227570000000000
   8.920000000000000   0.052290000000000
   8.940000000000000   0.350630000000000
   8.960000000000001   0.679680000000000
   8.980000000000000   1.030050000000000
   9.000000000000000   1.302960000000000
   9.020000000000000   1.531450000000000
   9.040000000000001   1.663450000000000
   9.060000000000001   1.493700000000000
   9.080000000000000   0.663190000000000
   9.100000000000000  -0.729550000000000
   9.120000000000001  -1.545880000000000
   9.140000000000001  -1.207960000000000
   9.160000000000000  -0.729880000000000
   9.180000000000000  -0.272240000000000
   9.200000000000001   0.115760000000000
   9.220000000000001   0.369740000000000
   9.240000000000000   0.376900000000000
   9.260000000000000   0.180640000000000
   9.279999999999999  -0.007000000000000
   9.300000000000001  -0.211710000000000
   9.320000000000000  -0.356410000000000
   9.340000000000000  -0.306940000000000
   9.359999999999999  -0.085190000000000
   9.380000000000001  -0.281980000000000
   9.400000000000000  -0.574480000000000
   9.420000000000000  -0.736840000000000
   9.440000000000000  -0.844280000000000
   9.460000000000001  -1.083520000000000
   9.480000000000000  -1.336820000000000
   9.500000000000000  -1.238890000000000
   9.520000000000000  -0.931810000000000
   9.540000000000001  -0.489080000000000
   9.560000000000001  -0.010860000000000
   9.580000000000000   0.415130000000000
   9.600000000000000   0.646030000000000
   9.620000000000001   0.714990000000000
   9.640000000000001   0.762390000000000
   9.660000000000000   0.487500000000000
   9.680000000000000   0.072540000000000
   9.700000000000001  -0.179550000000000
   9.720000000000001  -0.186390000000000
   9.740000000000000  -0.047300000000000
   9.760000000000000  -0.077880000000000
   9.779999999999999  -0.200670000000000
   9.800000000000001  -0.360830000000000
   9.820000000000000  -0.429120000000000
   9.840000000000000  -0.392360000000000
   9.859999999999999  -0.210240000000000
   9.880000000000001  -0.001560000000000
   9.900000000000000   0.307350000000000
   9.920000000000000   0.665060000000000
   9.940000000000000   0.618120000000000
   9.960000000000001   0.113190000000000
   9.980000000000000  -0.352980000000000
  10.000000000000000  -0.174230000000000
  10.020000000000000   0.283540000000000
  10.040000000000001   0.553630000000000
  10.060000000000000   0.598530000000000
  10.080000000000000   0.634150000000000
  10.100000000000000   0.748060000000000
  10.120000000000001   0.872810000000000
  10.140000000000001   1.107900000000000
  10.160000000000000   1.254190000000000
  10.180000000000000   1.210590000000000
  10.200000000000001   0.998880000000000
  10.220000000000001   0.615410000000000
  10.240000000000000   0.294860000000000
  10.260000000000000   0.154030000000000
  10.279999999999999   0.015870000000000
  10.300000000000001  -0.230200000000000
  10.320000000000000  -0.482150000000000
  10.340000000000000  -0.552360000000000
  10.359999999999999  -0.439200000000000
  10.380000000000001  -0.370370000000000
  10.400000000000000  -0.276350000000000
  10.420000000000000  -0.188770000000000
  10.440000000000000  -0.169480000000000
  10.460000000000001  -0.151950000000000
  10.480000000000000  -0.247280000000000
  10.500000000000000  -0.450590000000000
  10.520000000000000  -0.611750000000000
  10.540000000000001  -0.607240000000000
  10.560000000000000  -0.525540000000000
  10.580000000000000  -0.414040000000000
  10.600000000000000  -0.198920000000000
  10.620000000000001   0.141820000000000
  10.640000000000001   0.361750000000000
  10.660000000000000   0.387040000000000
  10.680000000000000   0.336150000000000
  10.700000000000001   0.352550000000000
  10.720000000000001   0.473880000000000
  10.740000000000000   0.608680000000000
  10.760000000000000   0.660440000000000
  10.779999999999999   0.466930000000000
  10.800000000000001   0.287290000000000
  10.820000000000000   0.072860000000000
  10.840000000000000  -0.231740000000000
  10.859999999999999  -0.405390000000000
  10.880000000000001  -0.533760000000000
  10.900000000000000  -0.673390000000000
  10.920000000000000  -0.761390000000000
  10.940000000000000  -0.663830000000000
  10.960000000000001  -0.390810000000000
  10.980000000000000  -0.084370000000000
  11.000000000000000   0.253670000000000
  11.020000000000000   0.366680000000000
  11.040000000000001   0.157740000000000
  11.060000000000000  -0.067800000000000
  11.080000000000000  -0.140100000000000
  11.100000000000000  -0.114080000000000
  11.120000000000001  -0.233060000000000
  11.140000000000001  -0.336660000000000
  11.160000000000000  -0.308430000000000
  11.180000000000000  -0.184160000000000
  11.200000000000001  -0.094170000000000
  11.220000000000001   0.029480000000000
  11.240000000000000   0.061740000000000
  11.260000000000000  -0.123460000000000
  11.279999999999999  -0.089370000000000
  11.300000000000001   0.093430000000000
  11.320000000000000   0.387250000000000
  11.340000000000000   0.584860000000000
  11.359999999999999   0.695900000000000
  11.380000000000001   0.601530000000000
  11.400000000000000   0.384330000000000
  11.420000000000000   0.235350000000000
  11.440000000000000   0.094220000000000
  11.460000000000001   0.124080000000000
  11.480000000000000   0.158160000000000
  11.500000000000000   0.182940000000000
  11.520000000000000   0.124230000000000
  11.540000000000001   0.202190000000000
  11.560000000000000   0.311390000000000
  11.580000000000000   0.294490000000000
  11.600000000000000   0.189450000000000
  11.620000000000001   0.187990000000000
  11.640000000000001   0.360250000000000
  11.660000000000000   0.433200000000000
  11.680000000000000   0.354340000000000
  11.700000000000001   0.158520000000000
  11.720000000000001  -0.105890000000000
  11.740000000000000  -0.296160000000000
  11.760000000000000  -0.322420000000000
  11.779999999999999  -0.280640000000000
  11.800000000000001  -0.180170000000000
  11.820000000000000  -0.090830000000000
  11.840000000000000  -0.007450000000000
  11.859999999999999   0.015950000000000
  11.880000000000001  -0.186270000000000
  11.900000000000000  -0.374670000000000
  11.920000000000000  -0.239680000000000
  11.940000000000000  -0.042540000000000
  11.960000000000001   0.194620000000000
  11.980000000000000   0.416120000000000
  12.000000000000000   0.510120000000000
  12.020000000000000   0.520600000000000
  12.040000000000001   0.462680000000000
  12.060000000000000   0.315760000000000
  12.080000000000000   0.065980000000000
  12.100000000000000  -0.140140000000000
  12.120000000000001  -0.350480000000000
  12.140000000000001  -0.338890000000000
  12.160000000000000  -0.139850000000000
  12.180000000000000  -0.033670000000000
  12.200000000000001  -0.130000000000000
  12.220000000000001  -0.192440000000000
  12.240000000000000  -0.081950000000000
  12.260000000000000  -0.083040000000000
  12.280000000000001  -0.168730000000000
  12.300000000000001  -0.343320000000000
  12.320000000000000  -0.550920000000000
  12.340000000000000  -0.633230000000000
  12.359999999999999  -0.579450000000000
  12.380000000000001  -0.464700000000000
  12.400000000000000  -0.320140000000000
  12.420000000000000  -0.189100000000000
  12.440000000000000  -0.139640000000000
  12.460000000000001  -0.204620000000000
  12.480000000000000  -0.211670000000000
  12.500000000000000  -0.153230000000000
  12.520000000000000  -0.150320000000000
  12.540000000000001  -0.095880000000000
  12.560000000000000   0.005860000000000
  12.580000000000000   0.071060000000000
  12.600000000000000   0.017620000000000
  12.620000000000001  -0.125080000000000
  12.640000000000001  -0.304890000000000
  12.660000000000000  -0.541000000000000
  12.680000000000000  -0.585630000000000
  12.700000000000001  -0.368080000000000
  12.720000000000001  -0.140320000000000
  12.740000000000000  -0.142960000000000
  12.760000000000000  -0.377580000000000
  12.780000000000001  -0.515370000000000
  12.800000000000001  -0.458340000000000
  12.820000000000000  -0.349190000000000
  12.840000000000000  -0.167300000000000
  12.859999999999999   0.045770000000000
  12.880000000000001   0.188860000000000
  12.900000000000000   0.224870000000000
  12.920000000000000   0.083530000000000
  12.940000000000000   0.050120000000000
  12.960000000000001   0.121680000000000
  12.980000000000000   0.219470000000000
  13.000000000000000   0.364530000000000
  13.020000000000000   0.461730000000000
  13.040000000000001   0.494700000000000
  13.060000000000000   0.444620000000000
  13.080000000000000   0.340340000000000
  13.100000000000000   0.221270000000000
  13.120000000000001   0.158800000000000
  13.140000000000001   0.151660000000000
  13.160000000000000   0.167370000000000
  13.180000000000000   0.247420000000000
  13.200000000000001   0.350650000000000
  13.220000000000001   0.289480000000000
  13.240000000000000   0.127190000000000
  13.260000000000000   0.124250000000000
  13.280000000000001   0.174030000000000
  13.300000000000001   0.068250000000000
  13.320000000000000  -0.203890000000000
  13.340000000000000  -0.424470000000000
  13.359999999999999  -0.433190000000000
  13.380000000000001  -0.445210000000000
  13.400000000000000  -0.330300000000000
  13.420000000000000  -0.227660000000000
  13.440000000000000  -0.212490000000000
  13.460000000000001  -0.269330000000000
  13.480000000000000  -0.289590000000000
  13.500000000000000  -0.313910000000000
  13.520000000000000  -0.309270000000000
  13.540000000000001  -0.108230000000000
  13.560000000000000  -0.003290000000000
  13.580000000000000  -0.111310000000000
  13.600000000000000  -0.160430000000000
  13.620000000000001  -0.042710000000000
  13.640000000000001  -0.020610000000000
  13.660000000000000   0.009850000000000
  13.680000000000000   0.034840000000000
  13.700000000000001   0.038860000000000
  13.720000000000001   0.136400000000000
  13.740000000000000   0.313750000000000
  13.760000000000000   0.412480000000000
  13.780000000000001   0.338990000000000
  13.800000000000001   0.158650000000000
  13.820000000000000   0.154230000000000
  13.840000000000000   0.299130000000000
  13.859999999999999   0.362230000000000
  13.880000000000001   0.371370000000000
  13.900000000000000   0.364630000000000
  13.920000000000000   0.298080000000000
  13.940000000000000   0.265760000000000
  13.960000000000001   0.258820000000000
  13.980000000000000   0.220820000000000
  14.000000000000000   0.164620000000000
  14.020000000000000   0.219400000000000
  14.040000000000001   0.181430000000000
  14.060000000000000   0.074200000000000
  14.080000000000000   0.087940000000000
  14.100000000000000   0.084610000000000
  14.120000000000001   0.134620000000000
  14.140000000000001   0.059660000000000
  14.160000000000000  -0.072180000000000
  14.180000000000000  -0.183930000000000
  14.200000000000001  -0.271910000000000
  14.220000000000001  -0.377120000000000
  14.240000000000000  -0.409150000000000
  14.260000000000000  -0.274000000000000
  14.280000000000001  -0.089270000000000
  14.300000000000001   0.167150000000000
  14.320000000000000   0.409370000000000
  14.340000000000000   0.474930000000000
  14.359999999999999   0.296630000000000
  14.380000000000001   0.080710000000000
  14.400000000000000   0.037230000000000
  14.420000000000000   0.085250000000000
  14.440000000000000   0.151050000000000
  14.460000000000001   0.092400000000000
  14.480000000000000   0.008820000000000
  14.500000000000000   0.007500000000000
  14.520000000000000   0.006330000000000
  14.540000000000001   0.023700000000000
  14.560000000000000  -0.045420000000000
  14.580000000000000  -0.016650000000000
  14.600000000000000   0.084820000000000
  14.620000000000001  -0.011100000000000
  14.640000000000001  -0.226220000000000
  14.660000000000000  -0.335450000000000
  14.680000000000000  -0.314500000000000
  14.700000000000001  -0.230610000000000
  14.720000000000001  -0.190480000000000
  14.740000000000000  -0.219930000000000
  14.760000000000000  -0.216200000000000
  14.780000000000001  -0.159100000000000
  14.800000000000001  -0.168150000000000
  14.820000000000000  -0.309880000000000
  14.840000000000000  -0.461160000000000
  14.859999999999999  -0.425930000000000
  14.880000000000001  -0.240080000000000
  14.900000000000000   0.001110000000000
  14.920000000000000   0.208990000000000
  14.940000000000000   0.287720000000000
  14.960000000000001   0.107440000000000
  14.980000000000000  -0.210390000000000
  15.000000000000000  -0.358390000000000
  15.020000000000000  -0.392590000000000
  15.040000000000001  -0.350130000000000
  15.060000000000000  -0.239600000000000
  15.080000000000000  -0.055500000000000
  15.100000000000000   0.128180000000000
  15.120000000000001   0.198740000000000
  15.140000000000001   0.189990000000000
  15.160000000000000   0.128920000000000
  15.180000000000000   0.073140000000000
  15.200000000000001   0.043090000000000
  15.220000000000001  -0.064580000000000
  15.240000000000000  -0.034970000000000
  15.260000000000000   0.135090000000000
  15.280000000000001   0.274950000000000
  15.300000000000001   0.336000000000000
  15.320000000000000   0.155120000000000
  15.340000000000000  -0.165290000000000
  15.359999999999999  -0.358380000000000
  15.380000000000001  -0.421800000000000
  15.400000000000000  -0.332290000000000
  15.420000000000000  -0.095680000000000
  15.440000000000000   0.152460000000000
  15.460000000000001   0.254790000000000
  15.480000000000000   0.121830000000000
  15.500000000000000  -0.019610000000000
  15.520000000000000  -0.105210000000000
  15.540000000000001  -0.228310000000000
  15.560000000000000  -0.375550000000000
  15.580000000000000  -0.396470000000000
  15.600000000000000  -0.229440000000000
  15.620000000000001  -0.002750000000000
  15.640000000000001   0.202230000000000
  15.660000000000000   0.318360000000000
  15.680000000000000   0.287390000000000
  15.700000000000001   0.221830000000000
  15.720000000000001   0.276670000000000
  15.740000000000000   0.367840000000000
  15.760000000000000   0.377830000000000
  15.780000000000001   0.222470000000000
  15.800000000000001   0.089950000000000
  15.820000000000000   0.177480000000000
  15.840000000000000   0.288240000000000
  15.860000000000001   0.219720000000000
  15.880000000000001   0.100750000000000
  15.900000000000000   0.099320000000000
  15.920000000000000   0.118670000000000
  15.940000000000000   0.114850000000000
  15.960000000000001   0.153240000000000
  15.980000000000000   0.222960000000000
  16.000000000000000   0.226400000000000
  16.020000000000000   0.233860000000000
  16.039999999999999   0.182760000000000
  16.059999999999999   0.145850000000000
  16.080000000000002   0.108840000000000
  16.100000000000001   0.001860000000000
  16.120000000000001  -0.144440000000000
  16.140000000000001  -0.261630000000000
  16.160000000000000  -0.279860000000000
  16.180000000000000  -0.254770000000000
  16.199999999999999  -0.099240000000000
  16.219999999999999  -0.029090000000000
  16.240000000000002  -0.003460000000000
  16.260000000000002   0.047880000000000
  16.280000000000001   0.093000000000000
  16.300000000000001   0.118530000000000
  16.320000000000000   0.157670000000000
  16.340000000000000   0.230530000000000
  16.359999999999999   0.236060000000000
  16.379999999999999   0.202650000000000
  16.399999999999999   0.127240000000000
  16.420000000000002   0.002720000000000
  16.440000000000001  -0.077880000000000
  16.460000000000001  -0.010860000000000
  16.480000000000000   0.075330000000000
  16.500000000000000   0.047670000000000
  16.520000000000000   0.031450000000000
  16.539999999999999   0.075250000000000
  16.559999999999999   0.082200000000000
  16.580000000000002  -0.030490000000000
  16.600000000000001  -0.130650000000000
  16.620000000000001  -0.054820000000000
  16.640000000000001   0.107480000000000
  16.660000000000000   0.269910000000000
  16.680000000000000   0.316150000000000
  16.699999999999999   0.184680000000000
  16.719999999999999  -0.044940000000000
  16.740000000000002  -0.245630000000000
  16.760000000000002  -0.338410000000000
  16.780000000000001  -0.287060000000000
  16.800000000000001  -0.094770000000000
  16.820000000000000   0.029150000000000
  16.840000000000000  -0.004190000000000
  16.859999999999999  -0.029460000000000
  16.879999999999999  -0.015810000000000
  16.899999999999999  -0.006320000000000
  16.920000000000002  -0.075980000000000
  16.940000000000001  -0.129970000000000
  16.960000000000001  -0.070630000000000
  16.980000000000000   0.024100000000000
  17.000000000000000   0.095760000000000
  17.020000000000000   0.076310000000000
  17.039999999999999  -0.036310000000000
  17.059999999999999  -0.081350000000000
  17.080000000000002  -0.006970000000000
  17.100000000000001   0.054180000000000
  17.120000000000001   0.007430000000000
  17.140000000000001  -0.060280000000000
  17.160000000000000  -0.125830000000000
  17.180000000000000  -0.189310000000000
  17.199999999999999  -0.185130000000000
  17.219999999999999  -0.090900000000000
  17.240000000000002  -0.027890000000000
  17.260000000000002  -0.061570000000000
  17.280000000000001  -0.065910000000000
  17.300000000000001  -0.019630000000000
  17.320000000000000  -0.037300000000000
  17.340000000000000  -0.112350000000000
  17.359999999999999  -0.012760000000000
  17.379999999999999   0.075210000000000
  17.400000000000002   0.110600000000000
  17.420000000000002   0.103350000000000
  17.440000000000001   0.019520000000000
  17.460000000000001   0.009460000000000
  17.480000000000000   0.068660000000000
  17.500000000000000   0.138930000000000
  17.520000000000000   0.111530000000000
  17.539999999999999   0.070540000000000
  17.559999999999999  -0.039200000000000
  17.580000000000002  -0.116870000000000
  17.600000000000001  -0.046670000000000
  17.620000000000001   0.183540000000000
  17.640000000000001   0.366610000000000
  17.660000000000000   0.372980000000000
  17.680000000000000   0.315720000000000
  17.699999999999999   0.154260000000000
  17.719999999999999  -0.049540000000000
  17.740000000000002  -0.274640000000000
  17.760000000000002  -0.389450000000000
  17.780000000000001  -0.289850000000000
  17.800000000000001  -0.126970000000000
  17.820000000000000  -0.025620000000000
  17.840000000000000  -0.088170000000000
  17.859999999999999  -0.257390000000000
  17.879999999999999  -0.137920000000000
  17.900000000000002   0.044320000000000
  17.920000000000002   0.045370000000000
  17.940000000000001  -0.043990000000000
  17.960000000000001  -0.137900000000000
  17.980000000000000  -0.060960000000000
  18.000000000000000  -0.005980000000000
  18.020000000000000  -0.070680000000000
  18.039999999999999  -0.212800000000000
  18.059999999999999  -0.258100000000000
  18.080000000000002  -0.109760000000000
  18.100000000000001   0.097740000000000
  18.120000000000001   0.102420000000000
  18.140000000000001  -0.055240000000000
  18.160000000000000  -0.112640000000000
  18.180000000000000  -0.107150000000000
  18.199999999999999  -0.132910000000000
  18.219999999999999  -0.237750000000000
  18.240000000000002  -0.346040000000000
  18.260000000000002  -0.359320000000000
  18.280000000000001  -0.316800000000000
  18.300000000000001  -0.309690000000000
  18.320000000000000  -0.336120000000000
  18.340000000000000  -0.359060000000000
  18.359999999999999  -0.314210000000000
  18.379999999999999  -0.173880000000000
  18.400000000000002  -0.042920000000000
  18.420000000000002  -0.039630000000000
  18.440000000000001  -0.086220000000000
  18.460000000000001  -0.029530000000000
  18.480000000000000   0.063170000000000
  18.500000000000000   0.117300000000000
  18.520000000000000   0.101600000000000
  18.539999999999999   0.095620000000000
  18.559999999999999   0.119600000000000
  18.580000000000002   0.119380000000000
  18.600000000000001   0.081350000000000
  18.620000000000001   0.065770000000000
  18.640000000000001   0.153420000000000
  18.660000000000000   0.293730000000000
  18.680000000000000   0.379000000000000
  18.699999999999999   0.372910000000000
  18.719999999999999   0.350510000000000
  18.740000000000002   0.297470000000000
  18.760000000000002   0.217090000000000
  18.780000000000001   0.170660000000000
  18.800000000000001   0.114490000000000
  18.820000000000000   0.008890000000000
  18.840000000000000  -0.065320000000000
  18.859999999999999  -0.091320000000000
  18.879999999999999  -0.067320000000000
  18.900000000000002  -0.052980000000000
  18.920000000000002  -0.037850000000000
  18.940000000000001  -0.009920000000000
  18.960000000000001   0.031300000000000
  18.980000000000000   0.093540000000000
  19.000000000000000   0.164150000000000
  19.020000000000000   0.200400000000000
  19.039999999999999   0.196110000000000
  19.059999999999999   0.042310000000000
  19.080000000000002  -0.226100000000000
  19.100000000000001  -0.376850000000000
  19.120000000000001  -0.286880000000000
  19.140000000000001  -0.077330000000000
  19.160000000000000   0.016410000000000
  19.180000000000000   0.077950000000000
  19.199999999999999   0.161790000000000
  19.219999999999999   0.190030000000000
  19.240000000000002   0.136810000000000
  19.260000000000002   0.082470000000000
  19.280000000000001   0.070570000000000
  19.300000000000001   0.095700000000000
  19.320000000000000   0.119550000000000
  19.340000000000000   0.110060000000000
  19.359999999999999   0.049200000000000
  19.379999999999999  -0.001390000000000
  19.400000000000002  -0.045350000000000
  19.420000000000002  -0.083420000000000
  19.440000000000001  -0.043870000000000
  19.460000000000001  -0.018330000000000
  19.480000000000000  -0.036970000000000
  19.500000000000000  -0.001590000000000
  19.520000000000000  -0.013860000000000
  19.539999999999999  -0.077350000000000
  19.559999999999999  -0.066940000000000
  19.580000000000002  -0.035150000000000
  19.600000000000001  -0.044430000000000
  19.620000000000001   0.018240000000000
  19.640000000000001   0.157280000000000
  19.660000000000000   0.201020000000000
  19.680000000000000   0.135600000000000
  19.699999999999999   0.111800000000000
  19.719999999999999   0.162250000000000
  19.740000000000002   0.189570000000000
  19.760000000000002   0.195710000000000
  19.780000000000001   0.151730000000000
  19.800000000000001   0.037900000000000
  19.820000000000000  -0.086130000000000
  19.840000000000000  -0.146030000000000
  19.859999999999999  -0.117600000000000
  19.879999999999999  -0.059840000000000
  19.900000000000002  -0.027790000000000
  19.920000000000002  -0.013130000000000
  19.940000000000001  -0.000400000000000
  19.960000000000001   0.007370000000000
  19.980000000000000   0.009860000000000
  20.000000000000000   0.046040000000000
  20.020000000000000   0.059890000000000
  20.039999999999999   0.070360000000000
  20.059999999999999   0.079220000000000
  20.079999999999998  -0.004360000000000
  20.099999999999998  -0.117290000000000
  20.120000000000001  -0.114150000000000
  20.140000000000001  -0.014070000000000
  20.160000000000000   0.063140000000000
  20.180000000000000   0.008540000000000
  20.199999999999999  -0.155870000000000
  20.219999999999999  -0.279480000000000
  20.239999999999998  -0.286160000000000
  20.259999999999998  -0.170790000000000
  20.280000000000001  -0.050770000000000
  20.300000000000001   0.025410000000000
  20.320000000000000   0.087040000000000
  20.340000000000000   0.168790000000000
  20.359999999999999   0.234600000000000
  20.379999999999999   0.195990000000000
  20.399999999999999   0.081000000000000
  20.419999999999998   0.009340000000000
  20.440000000000001   0.079950000000000
  20.460000000000001   0.228750000000000
  20.480000000000000   0.329900000000000
  20.500000000000000   0.316410000000000
  20.520000000000000   0.198070000000000
  20.539999999999999   0.050570000000000
  20.559999999999999  -0.047040000000000
  20.579999999999998  -0.024310000000000
  20.599999999999998   0.063720000000000
  20.620000000000001   0.058360000000000
  20.640000000000001  -0.079540000000000
  20.660000000000000  -0.182180000000000
  20.680000000000000  -0.272010000000000
  20.699999999999999  -0.295270000000000
  20.719999999999999  -0.229820000000000
  20.739999999999998  -0.198310000000000
  20.759999999999998  -0.172530000000000
  20.780000000000001  -0.148710000000000
  20.800000000000001  -0.078280000000000
  20.820000000000000   0.000700000000000
  20.840000000000000   0.056160000000000
  20.859999999999999   0.094820000000000
  20.879999999999999   0.053840000000000
  20.899999999999999  -0.036710000000000
  20.919999999999998  -0.106980000000000
  20.940000000000001  -0.167570000000000
  20.960000000000001  -0.190010000000000
  20.980000000000000  -0.197270000000000
  21.000000000000000  -0.235900000000000
  21.020000000000000  -0.294870000000000
  21.039999999999999  -0.281960000000000
  21.059999999999999  -0.170760000000000
  21.079999999999998  -0.063470000000000
  21.099999999999998   0.072000000000000
  21.120000000000001   0.223140000000000
  21.140000000000001   0.311210000000000
  21.160000000000000   0.344390000000000
  21.180000000000000   0.297820000000000
  21.199999999999999   0.170770000000000
  21.219999999999999   0.035950000000000
  21.239999999999998  -0.044900000000000
  21.259999999999998  -0.036680000000000
  21.280000000000001  -0.021410000000000
  21.300000000000001  -0.089090000000000
  21.320000000000000  -0.156820000000000
  21.340000000000000  -0.179600000000000
  21.359999999999999  -0.186970000000000
  21.379999999999999  -0.162440000000000
  21.399999999999999  -0.134540000000000
  21.419999999999998  -0.082670000000000
  21.440000000000001  -0.016400000000000
  21.460000000000001   0.055150000000000
  21.480000000000000   0.167110000000000
  21.500000000000000   0.241770000000000
  21.520000000000000   0.277180000000000
  21.539999999999999   0.226320000000000
  21.559999999999999   0.159880000000000
  21.579999999999998   0.091870000000000
  21.599999999999998   0.111710000000000
  21.620000000000001   0.094630000000000
  21.640000000000001   0.047220000000000
  21.660000000000000   0.128600000000000
  21.680000000000000   0.170780000000000
  21.699999999999999   0.160210000000000
  21.719999999999999   0.079630000000000
  21.739999999999998   0.026420000000000
  21.759999999999998   0.021380000000000
  21.780000000000001   0.031780000000000
  21.800000000000001  -0.002410000000000
  21.820000000000000  -0.057330000000000
  21.840000000000000  -0.117360000000000
  21.859999999999999  -0.171530000000000
  21.879999999999999  -0.209280000000000
  21.899999999999999  -0.210010000000000
  21.919999999999998  -0.181700000000000
  21.940000000000001  -0.157790000000000
  21.960000000000001  -0.146830000000000
  21.980000000000000  -0.152270000000000
  22.000000000000000  -0.144470000000000
  22.020000000000000  -0.141140000000000
  22.039999999999999  -0.163050000000000
  22.059999999999999  -0.199990000000000
  22.079999999999998  -0.229110000000000
  22.099999999999998  -0.197280000000000
  22.120000000000001  -0.161470000000000
  22.140000000000001  -0.150830000000000
  22.160000000000000  -0.143140000000000
  22.180000000000000  -0.069230000000000
  22.199999999999999   0.042520000000000
  22.219999999999999   0.061930000000000
  22.239999999999998   0.005000000000000
  22.259999999999998  -0.046520000000000
  22.280000000000001  -0.022070000000000
  22.300000000000001   0.051510000000000
  22.320000000000000   0.111310000000000
  22.340000000000000   0.148930000000000
  22.359999999999999   0.130150000000000
  22.379999999999999   0.057530000000000
  22.399999999999999  -0.002420000000000
  22.419999999999998   0.016430000000000
  22.440000000000001   0.080590000000000
  22.460000000000001   0.088920000000000
  22.480000000000000   0.096110000000000
  22.500000000000000   0.132260000000000
  22.520000000000000   0.154940000000000
  22.539999999999999   0.108830000000000
  22.559999999999999   0.017120000000000
  22.579999999999998   0.004760000000000
  22.599999999999998   0.095300000000000
  22.620000000000001   0.144740000000000
  22.640000000000001   0.107270000000000
  22.660000000000000   0.006590000000000
  22.680000000000000  -0.053180000000000
  22.699999999999999  -0.032390000000000
  22.719999999999999  -0.047170000000000
  22.739999999999998  -0.090240000000000
  22.759999999999998  -0.112060000000000
  22.780000000000001  -0.080520000000000
  22.800000000000001  -0.003750000000000
  22.820000000000000   0.027350000000000
  22.840000000000000   0.008830000000000
  22.859999999999999   0.032270000000000
  22.879999999999999   0.065550000000000
  22.899999999999999   0.088930000000000
  22.919999999999998   0.089390000000000
  22.940000000000001   0.096340000000000
  22.960000000000001   0.138060000000000
  22.980000000000000   0.178410000000000
  23.000000000000000   0.177650000000000
  23.020000000000000   0.150340000000000
  23.039999999999999   0.147410000000000
  23.059999999999999   0.140710000000000
  23.079999999999998   0.088130000000000
  23.100000000000001   0.017200000000000
  23.120000000000001  -0.038030000000000
  23.140000000000001  -0.054660000000000
  23.160000000000000  -0.068960000000000
  23.180000000000000  -0.100810000000000
  23.199999999999999  -0.096590000000000
  23.219999999999999  -0.102230000000000
  23.239999999999998  -0.111030000000000
  23.259999999999998  -0.131120000000000
  23.280000000000001  -0.133890000000000
  23.300000000000001  -0.095640000000000
  23.320000000000000  -0.031490000000000
  23.340000000000000   0.038880000000000
  23.359999999999999  -0.002500000000000
  23.379999999999999  -0.103950000000000
  23.399999999999999  -0.135060000000000
  23.419999999999998  -0.110570000000000
  23.440000000000001  -0.112700000000000
  23.460000000000001  -0.145430000000000
  23.480000000000000  -0.191400000000000
  23.500000000000000  -0.201650000000000
  23.520000000000000  -0.140800000000000
  23.539999999999999  -0.050480000000000
  23.559999999999999   0.029930000000000
  23.579999999999998   0.062540000000000
  23.600000000000001   0.036950000000000
  23.620000000000001  -0.014230000000000
  23.640000000000001   0.008160000000000
  23.660000000000000   0.071730000000000
  23.680000000000000   0.110260000000000
  23.699999999999999   0.139660000000000
  23.719999999999999   0.106740000000000
  23.739999999999998   0.054640000000000
  23.759999999999998   0.002950000000000
  23.780000000000001  -0.029120000000000
  23.800000000000001  -0.047560000000000
  23.820000000000000  -0.028970000000000
  23.840000000000000   0.016450000000000
  23.859999999999999   0.032480000000000
  23.879999999999999   0.025690000000000
  23.899999999999999  -0.016520000000000
  23.919999999999998  -0.021510000000000
  23.940000000000001   0.012330000000000
  23.960000000000001   0.031580000000000
  23.980000000000000   0.025460000000000
  24.000000000000000  -0.005950000000000
  24.020000000000000  -0.039490000000000
  24.039999999999999  -0.079480000000000
  24.060000000000002  -0.062250000000000
  24.079999999999998   0.011820000000000
  24.100000000000001   0.032900000000000
  24.119999999999997   0.025010000000000
  24.140000000000001   0.049100000000000
  24.160000000000000   0.085210000000000
  24.180000000000000   0.133440000000000
  24.199999999999999   0.126410000000000
  24.219999999999999   0.084820000000000
  24.240000000000002   0.063360000000000
  24.259999999999998   0.058430000000000
  24.280000000000001   0.073650000000000
  24.299999999999997   0.092500000000000
  24.320000000000000   0.100770000000000
  24.340000000000000   0.101890000000000
  24.359999999999999   0.100190000000000
  24.379999999999999   0.095640000000000
  24.399999999999999   0.070460000000000
  24.420000000000002   0.022840000000000
  24.439999999999998  -0.008440000000000
  24.460000000000001  -0.005570000000000
  24.480000000000000   0.001420000000000
  24.500000000000000   0.007400000000000
  24.520000000000000   0.044560000000000
  24.539999999999999   0.063820000000000
  24.560000000000002   0.028440000000000
  24.579999999999998  -0.049220000000000
  24.600000000000001  -0.086330000000000
  24.619999999999997  -0.048930000000000
  24.640000000000001   0.022970000000000
  24.660000000000000   0.069830000000000
  24.680000000000000   0.106610000000000
  24.699999999999999   0.117200000000000
  24.719999999999999   0.073510000000000
  24.740000000000002  -0.012020000000000
  24.759999999999998  -0.059160000000000
  24.780000000000001  -0.032340000000000
  24.799999999999997  -0.001420000000000
  24.820000000000000   0.006160000000000
  24.840000000000000  -0.001940000000000
  24.859999999999999   0.021600000000000
  24.879999999999999   0.057880000000000
  24.899999999999999   0.050410000000000
  24.920000000000002   0.014880000000000
  24.939999999999998   0.003430000000000
  24.960000000000001   0.043480000000000
  24.980000000000000   0.112350000000000
  25.000000000000000   0.180210000000000
  25.020000000000000   0.160230000000000
  25.039999999999999   0.118170000000000
  25.060000000000002   0.116070000000000
  25.079999999999998   0.115410000000000
  25.100000000000001   0.114900000000000
  25.119999999999997   0.136260000000000
  25.140000000000001   0.170160000000000
  25.160000000000000   0.193600000000000
  25.180000000000000   0.203650000000000
  25.199999999999999   0.177400000000000
  25.219999999999999   0.128880000000000
  25.240000000000002   0.066440000000000
  25.259999999999998   0.070020000000000
  25.280000000000001   0.145070000000000
  25.299999999999997   0.255890000000000
  25.320000000000000   0.140370000000000
  25.340000000000000  -0.008960000000000
  25.359999999999999  -0.032580000000000
  25.379999999999999  -0.078480000000000
  25.399999999999999  -0.080810000000000
  25.420000000000002  -0.083880000000000
  25.439999999999998  -0.051800000000000
  25.460000000000001  -0.048350000000000
  25.480000000000000  -0.069790000000000
  25.500000000000000  -0.090120000000000
  25.520000000000000  -0.107930000000000
  25.539999999999999  -0.112720000000000
  25.560000000000002  -0.098360000000000
  25.579999999999998  -0.059710000000000
  25.600000000000001  -0.052660000000000
  25.619999999999997  -0.070790000000000
  25.640000000000001  -0.109980000000000
  25.660000000000000  -0.155410000000000
  25.680000000000000  -0.170970000000000
  25.699999999999999  -0.214290000000000
  25.719999999999999  -0.267190000000000
  25.740000000000002  -0.301320000000000
  25.759999999999998  -0.315810000000000
  25.780000000000001  -0.300900000000000
  25.799999999999997  -0.281600000000000
  25.820000000000000  -0.277580000000000
  25.840000000000000  -0.279990000000000
  25.859999999999999  -0.275200000000000
  25.879999999999999  -0.236490000000000
  25.899999999999999  -0.173860000000000
  25.920000000000002  -0.123070000000000
  25.939999999999998  -0.114610000000000
  25.960000000000001  -0.139170000000000
  25.980000000000000  -0.188680000000000