                   0                   0
   0.020000000000000   0.024680000000000
   0.040000000000000  -0.004390000000000
   0.060000000000000   0.043950000000000
   0.080000000000000   0.040200000000000
   0.100000000000000  -0.000830000000000
   0.120000000000000  -0.057920000000000
   0.140000000000000  -0.076730000000000
   0.160000000000000  -0.013330000000000
   0.180000000000000  -0.032730000000000
   0.200000000000000  -0.012440000000000
   0.220000000000000  -0.079290000000000
   0.240000000000000  -0.019190000000000
   0.260000000000000   0.043890000000000
   0.280000000000000  -0.051700000000000
   0.300000000000000  -0.160520000000000
   0.320000000000000  -0.084850000000000
   0.340000000000000   0.039690000000000
   0.360000000000000   0.021970000000000
   0.380000000000000  -0.026320000000000
   0.400000000000000  -0.210480000000000
   0.420000000000000  -0.042650000000000
   0.440000000000000   0.104740000000000
   0.460000000000000   0.051790000000000
   0.480000000000000  -0.055390000000000
   0.500000000000000  -0.437640000000000
   0.520000000000000  -0.326060000000000
   0.540000000000000  -0.077140000000000
   0.560000000000000   0.212460000000000
   0.580000000000000   0.208930000000000
   0.600000000000000  -0.638890000000000
   0.620000000000000  -0.321470000000000
   0.640000000000000  -0.143730000000000
   0.660000000000000   0.214500000000000
   0.680000000000000   0.457230000000000
   0.700000000000000   0.119750000000000
   0.720000000000000   0.016710000000000
   0.740000000000000  -0.595850000000000
   0.760000000000000  -0.382150000000000
   0.780000000000000   0.093450000000000
   0.800000000000000   0.130310000000000
   0.820000000000000   0.244090000000000
   0.840000000000000  -0.055140000000000
   0.860000000000000  -1.169280000000000
   0.880000000000000  -0.924490000000000
   0.900000000000000   0.406680000000000
   0.920000000000000   0.267940000000000
   0.940000000000000   0.837410000000000
   0.960000000000000   0.482190000000000
   0.980000000000000  -1.086810000000000
   1.000000000000000  -0.018180000000000
   1.020000000000000  -0.150810000000000
   1.040000000000000   0.400010000000000
   1.060000000000000   1.486490000000000
   1.080000000000000  -0.776930000000000
   1.100000000000000  -0.223970000000000
   1.120000000000000  -0.282930000000000
   1.140000000000000  -0.281760000000000
   1.160000000000000   0.343220000000000
   1.180000000000000  -0.890500000000000
   1.200000000000000   0.523150000000000
   1.220000000000000  -0.130690000000000
   1.240000000000000   0.139890000000000
   1.260000000000000   0.371500000000000
   1.280000000000000  -0.783810000000000
   1.300000000000000   0.233500000000000
   1.320000000000000  -0.006380000000000
   1.340000000000000   0.036880000000000
   1.360000000000000   0.600900000000000
   1.380000000000000  -0.366300000000000
   1.400000000000000  -0.197530000000000
   1.420000000000000  -0.812820000000000
   1.440000000000000  -0.027180000000000
   1.460000000000000   0.306650000000000
   1.480000000000000   0.072950000000000
   1.500000000000000   0.602090000000000
   1.520000000000000   0.175190000000000
   1.540000000000000  -0.577500000000000
   1.560000000000000  -0.286530000000000
   1.580000000000000   0.607960000000000
   1.600000000000000   0.463930000000000
   1.620000000000000   0.691610000000000
   1.640000000000000  -0.198640000000000
   1.660000000000000  -0.022240000000000
   1.680000000000000  -0.006100000000000
   1.700000000000000   0.234880000000000
   1.720000000000000  -0.242100000000000
   1.740000000000000  -0.979220000000000
   1.760000000000000  -0.242980000000000
   1.780000000000000   0.521890000000000
   1.800000000000000  -0.144950000000000
   1.820000000000000  -0.548570000000000
   1.840000000000000  -0.555560000000000
   1.860000000000000   0.324420000000000
   1.880000000000000   0.782390000000000
   1.900000000000000   0.401250000000000
   1.920000000000000   0.124560000000000
   1.940000000000000  -0.552490000000000
   1.960000000000000   0.592560000000000
   1.980000000000000  -0.308720000000000
   2.000000000000000  -0.061930000000000
   2.020000000000000  -0.210570000000000
   2.040000000000000  -0.783240000000000
   2.060000000000000   0.000120000000000
   2.080000000000000  -0.606280000000000
   2.100000000000000  -0.333890000000000
   2.120000000000000  -0.747200000000000
   2.140000000000000   0.228690000000000
   2.160000000000000   0.270990000000000
   2.180000000000000   0.109160000000000
   2.200000000000000  -0.196780000000000
   2.220000000000000  -0.329250000000000
   2.240000000000000   0.660450000000000
   2.260000000000000  -0.368010000000000
   2.280000000000000   0.267920000000000
   2.300000000000000  -1.260170000000000
   2.320000000000000  -0.945480000000000
   2.340000000000000   0.087530000000000
   2.360000000000000  -0.030760000000000
   2.380000000000000   0.624490000000000
   2.400000000000000  -0.050210000000000
   2.420000000000000  -0.169890000000000
   2.440000000000000   0.054990000000000
   2.460000000000000   0.469820000000000
   2.480000000000000   0.069540000000000
   2.500000000000000   0.085160000000000
   2.520000000000000   0.044870000000000
   2.540000000000000  -0.236110000000000
   2.560000000000000  -0.162680000000000
   2.580000000000000   0.553120000000000
   2.600000000000000   0.847770000000000
   2.620000000000000   1.288170000000000
   2.640000000000000   1.671260000000000
   2.660000000000000   1.227210000000000
   2.680000000000000   1.777420000000000
   2.700000000000000   1.955940000000000
   2.720000000000000   1.874970000000000
   2.740000000000000   1.568480000000000
   2.760000000000000   0.446630000000000
   2.780000000000000  -0.153220000000000
   2.800000000000000   0.439570000000000
   2.820000000000000   0.030720000000000
   2.840000000000000   0.297730000000000
   2.860000000000000   0.466110000000000
   2.880000000000000   0.533360000000000
   2.900000000000000   1.937450000000000
   2.920000000000000   2.612550000000000
   2.940000000000000   2.689650000000000
   2.960000000000000   2.591540000000000
   2.980000000000000   1.433610000000000
   3.000000000000000   0.291490000000000
   3.020000000000000  -0.001460000000000
   3.040000000000000  -1.733810000000000
   3.060000000000000  -1.459000000000000
   3.080000000000000  -1.893670000000000
   3.100000000000000  -2.790320000000000
   3.120000000000000  -2.639400000000000
   3.140000000000000  -2.390760000000000
   3.160000000000000  -1.357410000000000
   3.180000000000000  -1.001070000000000
   3.200000000000000  -0.710580000000000
   3.220000000000000  -1.214300000000000
   3.240000000000000  -1.650840000000000
   3.260000000000000  -2.266090000000000
   3.280000000000000  -1.392830000000000
   3.300000000000000   0.499330000000000
   3.320000000000000   1.312400000000000
   3.340000000000000   1.454240000000000
   3.360000000000000   0.972400000000000
   3.380000000000000   1.742300000000000
   3.400000000000000   3.204420000000000
   3.420000000000000   4.351310000000000
   3.440000000000000   3.392920000000000
   3.460000000000000   2.626290000000000
   3.480000000000000   3.037850000000000
   3.500000000000000   1.596990000000000
   3.520000000000000  -0.490080000000000
   3.540000000000000  -1.545740000000000
   3.560000000000000  -1.698400000000000
   3.580000000000000  -3.390900000000000
   3.600000000000000  -2.995280000000000
   3.620000000000000  -4.002060000000000
   3.640000000000000  -5.854330000000000
   3.660000000000000  -6.900630000000000
   3.680000000000000  -7.024210000000000
   3.700000000000000  -4.346800000000000
   3.720000000000000  -1.924770000000000
   3.740000000000000  -1.272930000000000
   3.760000000000000  -1.773740000000000
   3.780000000000000  -1.613430000000000
   3.800000000000000  -0.925100000000000
   3.820000000000000   0.281160000000000
   3.840000000000000   0.375110000000000
   3.860000000000000   0.840450000000000
   3.880000000000000   1.805140000000000
   3.900000000000000   2.997570000000000
   3.920000000000000   3.188160000000000
   3.940000000000000   2.343770000000000
   3.960000000000000   1.293830000000000
   3.980000000000000  -0.148910000000000
   4.000000000000000  -0.978380000000000
   4.020000000000001  -0.203510000000000
   4.040000000000000   0.500440000000000
   4.060000000000001   0.882420000000000
   4.080000000000000   2.387590000000000
   4.100000000000000   2.435260000000000
   4.120000000000000   2.202230000000000
   4.140000000000000   1.812020000000000
   4.160000000000000   2.187910000000000
   4.180000000000000   3.927850000000000
   4.200000000000000   4.180090000000000
   4.220000000000000   3.715030000000000
   4.240000000000000   1.298660000000000
   4.260000000000000  -1.102720000000000
   4.280000000000000  -3.271020000000000
   4.300000000000000  -4.749130000000000
   4.320000000000000  -4.404860000000000
   4.340000000000000  -3.547590000000000
   4.360000000000000  -2.487810000000000
   4.380000000000000  -2.525050000000000
   4.400000000000000   0.653320000000000
   4.420000000000000   2.377710000000000
   4.440000000000000  -0.080610000000000
   4.460000000000000  -0.519890000000000
   4.480000000000000  -1.865690000000000
   4.500000000000000  -1.628300000000000
   4.520000000000001  -1.120250000000000
   4.540000000000000  -2.598120000000000
   4.560000000000001  -3.703690000000000
   4.580000000000000  -3.147120000000000
   4.600000000000001  -2.050990000000000
   4.620000000000000  -1.782480000000000
   4.640000000000000  -0.636900000000000
   4.660000000000000   0.275500000000000
   4.680000000000000   3.434680000000000
   4.700000000000000   6.328670000000000
   4.720000000000000   5.206350000000000
   4.740000000000000   5.903940000000000
   4.760000000000000   8.115860000000000
   4.780000000000000   5.706000000000000
   4.800000000000000   3.879530000000000
   4.820000000000000   2.933610000000000
   4.840000000000000   2.135240000000000
   4.860000000000000   1.307210000000000
   4.880000000000000   0.867080000000000
   4.900000000000000  -1.290480000000000
   4.920000000000000  -3.030340000000000
   4.940000000000000  -2.434930000000000
   4.960000000000000  -2.294390000000000
   4.980000000000000  -2.017410000000000
   5.000000000000000  -2.845890000000000
   5.020000000000001  -0.350090000000000
   5.040000000000000  -2.701480000000000
   5.060000000000001  -1.389230000000000
   5.080000000000000   2.237020000000000
   5.100000000000001   2.550140000000000
   5.120000000000000   4.610040000000001
   5.140000000000000   2.681090000000000
   5.160000000000000  -0.064100000000000
   5.180000000000000  -1.034000000000000
   5.200000000000000  -2.806010000000000
   5.220000000000000  -3.999370000000000
   5.240000000000000  -4.910470000000000
   5.260000000000000  -3.266900000000000
   5.280000000000000  -0.598610000000000
   5.300000000000000  -0.406250000000000
   5.320000000000000   0.860720000000000
   5.340000000000000   0.132980000000000
   5.360000000000000  -0.214510000000000
   5.380000000000000  -0.035270000000000
   5.400000000000000  -0.198560000000000
   5.420000000000000   0.670790000000000
   5.440000000000000   0.905530000000000
   5.460000000000000   0.253350000000000
   5.480000000000000  -0.764750000000000
   5.500000000000000  -2.518840000000000
   5.520000000000001  -3.979410000000000
   5.540000000000000  -2.036520000000000
   5.560000000000001   0.068180000000000
   5.580000000000000   1.054550000000000
   5.600000000000001   2.159930000000000
   5.620000000000000   2.893570000000000
   5.640000000000000   4.723700000000000
   5.660000000000000   3.596910000000000
   5.680000000000000   3.034010000000000
   5.700000000000000   3.855200000000000
   5.720000000000000   3.152690000000000
   5.740000000000000   2.748210000000000
   5.760000000000000   2.614990000000000
   5.780000000000000   1.672490000000000
   5.800000000000000  -0.130900000000000
   5.820000000000000  -1.477550000000000
   5.840000000000000  -3.188670000000000
   5.860000000000000  -5.259900000000000
   5.880000000000000  -6.394900000000000
   5.900000000000000  -7.939390000000000
   5.920000000000000  -6.540130000000000
   5.940000000000000  -3.338500000000000
   5.960000000000000  -2.516310000000000
   5.980000000000000  -2.943680000000000
   6.000000000000000  -2.168270000000000
   6.020000000000001  -0.666930000000000
   6.040000000000000   0.922630000000000
   6.060000000000001   3.022060000000000
   6.080000000000000   2.875120000000000
   6.100000000000001   2.441380000000000
   6.120000000000000   1.401800000000000
   6.140000000000001   2.100860000000000
   6.160000000000000   2.210820000000000
   6.180000000000000   2.099360000000000
   6.200000000000000   2.705050000000000
   6.220000000000000   2.085960000000000
   6.240000000000000   1.246690000000000
   6.260000000000000   1.134740000000000
   6.280000000000000   1.425670000000000
   6.300000000000000  -0.036450000000000
   6.320000000000000  -1.419930000000000
   6.340000000000000  -0.223370000000000
   6.360000000000000   0.419220000000000
   6.380000000000000   0.456440000000000
   6.400000000000000   1.175110000000000
   6.420000000000000   1.046080000000000
   6.440000000000000   2.042700000000000
   6.460000000000000   2.749360000000000
   6.480000000000000   2.641260000000000
   6.500000000000000   2.745560000000000
   6.520000000000001   3.502760000000000
   6.540000000000000   2.551830000000000
   6.560000000000001   0.472320000000000
   6.580000000000000  -0.740170000000000
   6.600000000000001  -1.841000000000000
   6.620000000000000  -2.832880000000000
   6.640000000000001  -4.926470000000000
   6.660000000000000  -5.841350000000000
   6.680000000000000  -4.346360000000001
   6.700000000000000  -6.811070000000000
   6.720000000000000  -6.095070000000000
   6.740000000000000  -2.723240000000000
   6.760000000000000  -1.970540000000000
   6.780000000000000  -2.898510000000000
   6.800000000000000  -2.175810000000000
   6.820000000000000  -0.044290000000000
   6.840000000000000   1.258170000000000
   6.860000000000000   6.167740000000000
   6.880000000000000   5.939940000000000
   6.900000000000000   2.500700000000000
   6.920000000000000   4.654400000000000
   6.940000000000000   6.640480000000000
   6.960000000000000   4.702790000000000
   6.980000000000000   4.253200000000000
   7.000000000000000   5.501520000000000
   7.020000000000001   3.406190000000001
   7.040000000000000   0.101420000000000
   7.060000000000001  -3.465420000000000
   7.080000000000000  -3.149120000000000
   7.100000000000001  -3.572960000000000
   7.120000000000000  -2.596010000000000
   7.140000000000001  -2.449660000000000
   7.160000000000000  -3.533620000000000
   7.180000000000000   2.827970000000000
   7.200000000000000  -0.976980000000000
   7.220000000000000  -2.963030000000000
   7.240000000000000  -7.145840000000000
   7.260000000000000  -6.796110000000000
   7.280000000000000   1.466490000000000
   7.300000000000000   1.859140000000000
   7.320000000000000   3.572850000000000
   7.340000000000000   3.131420000000000
   7.360000000000000   1.171300000000000
   7.380000000000000   0.976360000000000
   7.400000000000000   0.060810000000000
   7.420000000000000  -0.344970000000000
   7.440000000000000  -1.557990000000000
   7.460000000000000  -2.115820000000000
   7.480000000000000   0.109830000000000
   7.500000000000000  -1.243440000000000
   7.520000000000001   1.271560000000000
   7.540000000000000   3.682200000000000
   7.560000000000001   5.825460000000001
   7.580000000000000   5.408750000000000
   7.600000000000001  -0.104740000000000
   7.620000000000000  -0.351750000000000
   7.640000000000001  -0.763150000000000
   7.660000000000000  -0.155570000000000
   7.680000000000000   1.795410000000000
   7.700000000000000   0.253940000000000
   7.720000000000000   0.124430000000000
   7.740000000000000  -1.070650000000000
   7.760000000000000  -2.350840000000000
   7.780000000000000  -0.659110000000000
   7.800000000000000  -1.224990000000000
   7.820000000000000  -1.598940000000000
   7.840000000000000   0.475870000000000
   7.860000000000000   0.719010000000000
   7.880000000000000   4.957350000000000
   7.900000000000000   1.847560000000000
   7.920000000000000  -2.496280000000000
   7.940000000000000  -5.866760000000000
   7.960000000000000  -4.967540000000001
   7.980000000000000   0.048400000000000
   8.000000000000000  -6.371540000000000
   8.020000000000000  -7.529059999999999
   8.040000000000001  -5.303570000000000
   8.060000000000001  -4.585810000000000
   8.080000000000000  -2.105940000000000
   8.100000000000000   2.457300000000000
   8.120000000000001   2.541900000000000
   8.140000000000001   3.878440000000000
   8.160000000000000   4.481850000000000
   8.180000000000000   3.857400000000000
   8.199999999999999   3.308850000000000
   8.220000000000001   2.030740000000000
   8.240000000000000   1.959760000000000
   8.260000000000000   3.125640000000000
   8.279999999999999   2.264800000000000
   8.300000000000001  -0.043220000000000
   8.320000000000000  -0.910220000000000
   8.340000000000000  -6.652010000000001
   8.359999999999999  -6.635780000000000
   8.380000000000001  -9.047710000000000
   8.400000000000000  -7.625470000000000
   8.420000000000000  -3.017200000000000
   8.440000000000000  -2.917510000000000
   8.460000000000001  -2.504550000000000
   8.480000000000000  -0.970460000000000
   8.500000000000000   0.157660000000000
   8.520000000000000  -0.568300000000000
   8.540000000000001  -2.199210000000000
   8.560000000000001  -3.379920000000000
   8.580000000000000  -0.916670000000000
   8.600000000000000   0.828780000000000
   8.620000000000001   1.215340000000000
   8.640000000000001  -1.808980000000000
   8.660000000000000   6.695430000000000
   8.680000000000000   8.475850000000001
   8.700000000000001   4.989770000000000
   8.720000000000001   4.894550000000000
   8.740000000000000   5.332100000000001
   8.760000000000000   4.762989999999999
   8.779999999999999   2.103570000000000
   8.800000000000001   2.277880000000000
   8.820000000000000  -0.235960000000000
   8.840000000000000  -3.413200000000000
   8.859999999999999  -5.689060000000000
   8.880000000000001  -3.471780000000000
   8.900000000000000  -5.558640000000001
   8.920000000000000  -3.129960000000000
   8.940000000000000   4.013910000000000
   8.960000000000001   0.976100000000000
   8.980000000000000  -2.929950000000000
   9.000000000000000   0.676410000000000
   9.020000000000000   1.859490000000000
   9.040000000000001   0.659170000000000
   9.060000000000001   1.371190000000000
   9.080000000000000   2.423160000000000
   9.100000000000000   2.599240000000000
   9.120000000000001   1.120330000000000
   9.140000000000001   0.487850000000000
   9.160000000000000   0.392730000000000
   9.180000000000000   0.347020000000000
   9.200000000000001  -0.242290000000000
   9.220000000000001  -0.744000000000000
   9.240000000000000  -0.618770000000000
   9.260000000000000  -0.458060000000000
   9.279999999999999   0.846030000000000
   9.300000000000001   3.215600000000000
   9.320000000000000   4.575150000000000
   9.340000000000000   4.747260000000000
   9.359999999999999   3.424440000000000
   9.380000000000001   2.066960000000000
   9.400000000000000   0.930240000000000
   9.420000000000000  -0.026950000000000
   9.440000000000000  -1.095440000000000
   9.460000000000001  -2.000770000000000
   9.480000000000000  -2.798910000000000
   9.500000000000000  -3.161650000000000
   9.520000000000000  -2.702110000000000
   9.540000000000001  -1.373550000000000
   9.560000000000001  -1.352060000000000
   9.580000000000000  -1.336550000000000
   9.600000000000000  -1.859350000000000
   9.620000000000001  -3.428570000000000
   9.640000000000001  -6.493280000000000
   9.660000000000000  -5.834000000000000
   9.680000000000000   1.069460000000000
   9.700000000000001   2.934560000000000
   9.720000000000001   3.875270000000000
   9.740000000000000   4.612970000000001
   9.760000000000000   4.253140000000000
   9.779999999999999   3.777090000000000
   9.800000000000001   2.695430000000000
   9.820000000000000   2.492730000000000
   9.840000000000000   1.895720000000000
   9.859999999999999   0.868140000000000
   9.880000000000001   0.006440000000000
   9.900000000000000  -0.171220000000000
   9.920000000000000  -0.266490000000000
   9.940000000000000  -1.331300000000000
   9.960000000000001  -2.779010000000000
   9.980000000000000  -2.474720000000000
  10.000000000000000  -2.539110000000000
  10.020000000000000  -2.103490000000000
  10.040000000000001  -1.820540000000000
  10.060000000000000  -2.007750000000000
  10.080000000000000  -0.291840000000000
  10.100000000000000   1.698620000000000
  10.120000000000001   1.448370000000000
  10.140000000000001   1.683230000000000
  10.160000000000000   2.430460000000000
  10.180000000000000   0.943470000000000
  10.200000000000001   0.529650000000000
  10.220000000000001   0.551290000000000
  10.240000000000000   0.167590000000000
  10.260000000000000  -0.410910000000000
  10.279999999999999  -1.008790000000000
  10.300000000000001  -2.372860000000000
  10.320000000000000  -3.410970000000000
  10.340000000000000  -4.467029999999999
  10.359999999999999  -4.326590000000000
  10.380000000000001  -5.270449999999999
  10.400000000000000  -2.344590000000000
  10.420000000000000   1.325380000000000
  10.440000000000000   0.778160000000000
  10.460000000000001   3.050330000000000
  10.480000000000000   4.101640000000000
  10.500000000000000   3.772550000000000
  10.520000000000000   2.653300000000000
  10.540000000000001   2.536170000000000
  10.560000000000000   3.476630000000000
  10.580000000000000   5.754720000000000
  10.600000000000000   5.191990000000000
  10.620000000000001   2.749380000000000
  10.640000000000001   0.942260000000000
  10.660000000000000  -0.142100000000000
  10.680000000000000  -3.954880000000000
  10.700000000000001  -7.262940000000000
  10.720000000000001  -7.863700000000000
  10.740000000000000  -8.365030000000001
  10.760000000000000  -9.707350000000000
  10.779999999999999  -4.984100000000001
  10.800000000000001   4.316470000000000
  10.820000000000000   4.669990000000000
  10.840000000000000   3.750370000000000
  10.859999999999999   1.174460000000000
  10.880000000000001  -1.133730000000000
  10.900000000000000   0.685830000000000
  10.920000000000000   1.017950000000000
  10.940000000000000   1.865540000000000
  10.960000000000001   2.007370000000000
  10.980000000000000   3.398770000000000
  11.000000000000000   6.452870000000001
  11.020000000000000   6.315050000000000
  11.040000000000001   5.065960000000001
  11.060000000000000   4.453120000000000
  11.080000000000000   1.286070000000000
  11.100000000000000   0.832550000000000
  11.120000000000001   0.178640000000000
  11.140000000000001  -0.349350000000000
  11.160000000000000  -4.084530000000000
  11.180000000000000  -3.287910000000000
  11.200000000000001  -5.162680000000000
  11.220000000000001  -3.332490000000000
  11.240000000000000   6.969539999999999
  11.260000000000000   3.867700000000000
  11.279999999999999  -0.979940000000000
  11.300000000000001  -6.216420000000000
  11.320000000000000  -4.182720000000000
  11.340000000000000  -1.680320000000000
  11.359999999999999  -1.015980000000000
  11.380000000000001  -0.012260000000000
  11.400000000000000   0.327430000000000
  11.420000000000000   1.871320000000000
  11.440000000000000   4.274350000000000
  11.460000000000001   4.291460000000000
  11.480000000000000   1.896800000000000
  11.500000000000000   1.052600000000000
  11.520000000000000   1.909370000000000
  11.540000000000001   2.071200000000000
  11.560000000000000   1.471040000000000
  11.580000000000000   0.927580000000000
  11.600000000000000   0.110030000000000
  11.620000000000001  -0.641330000000000
  11.640000000000001  -1.321870000000000
  11.660000000000000  -1.833560000000000
  11.680000000000000  -2.685740000000000
  11.700000000000001  -2.370460000000000
  11.720000000000001  -1.627960000000000
  11.740000000000000  -1.376690000000000
  11.760000000000000  -2.075950000000000
  11.779999999999999  -2.113970000000000
  11.800000000000001  -1.149030000000000
  11.820000000000000   0.246510000000000
  11.840000000000000   0.984250000000000
  11.859999999999999   0.995340000000000
  11.880000000000001   1.177950000000000
  11.900000000000000   1.224260000000000
  11.920000000000000   1.793540000000000
  11.940000000000000   2.486590000000000
  11.960000000000001   2.476770000000000
  11.980000000000000   2.261750000000000
  12.000000000000000   2.204100000000000
  12.020000000000000   1.728800000000000
  12.040000000000001   0.472570000000000
  12.060000000000000   0.466790000000000
  12.080000000000000   0.700010000000000
  12.100000000000000   0.502930000000000
  12.120000000000001   0.407170000000000
  12.140000000000001  -0.319800000000000
  12.160000000000000  -1.054430000000000
  12.180000000000000  -1.769650000000000
  12.200000000000001  -2.308980000000000
  12.220000000000001  -2.630740000000000
  12.240000000000000  -2.630780000000000
  12.260000000000000  -2.910220000000000
  12.280000000000001  -2.950340000000000
  12.300000000000001  -2.350170000000000
  12.320000000000000  -1.256260000000000
  12.340000000000000  -0.436030000000000
  12.359999999999999   0.154420000000000
  12.380000000000001   0.972030000000000
  12.400000000000000   1.314820000000000
  12.420000000000000   1.779980000000000
  12.440000000000000   2.631730000000000
  12.460000000000001   3.819710000000000
  12.480000000000000   4.208250000000000
  12.500000000000000   3.312050000000000
  12.520000000000000   2.233010000000000
  12.540000000000001   1.269190000000000
  12.560000000000000   0.352140000000000
  12.580000000000000  -0.835820000000000
  12.600000000000000  -1.469520000000000
  12.620000000000001  -1.677020000000000
  12.640000000000001  -2.036440000000000
  12.660000000000000  -1.846090000000000
  12.680000000000000  -1.423850000000000
  12.700000000000001  -0.578820000000000
  12.720000000000001   0.324730000000000
  12.740000000000000   0.399270000000000
  12.760000000000000  -0.155040000000000
  12.780000000000001  -0.445290000000000
  12.800000000000001  -0.392990000000000
  12.820000000000000  -0.677000000000000
  12.840000000000000  -1.021620000000000
  12.859999999999999  -1.190660000000000
  12.880000000000001  -1.130060000000000
  12.900000000000000  -0.936320000000000
  12.920000000000000  -0.758430000000000
  12.940000000000000  -0.546710000000000
  12.960000000000001  -0.509320000000000
  12.980000000000000  -0.651340000000000
  13.000000000000000  -0.738790000000000
  13.020000000000000  -0.565040000000000
  13.040000000000001  -0.402470000000000
  13.060000000000000  -0.119700000000000
  13.080000000000000   0.532100000000000
  13.100000000000000   1.052380000000000
  13.120000000000001   1.331300000000000
  13.140000000000001   1.588470000000000
  13.160000000000000   1.530770000000000
  13.180000000000000   0.969770000000000
  13.200000000000001   0.780440000000000
  13.220000000000001   0.227780000000000
  13.240000000000000  -0.445940000000000
  13.260000000000000  -0.696790000000000
  13.280000000000001  -0.668620000000000
  13.300000000000001  -0.926160000000000
  13.320000000000000  -0.842370000000000
  13.340000000000000  -0.900390000000000
  13.359999999999999  -0.636870000000000
  13.380000000000001  -1.680070000000000
  13.400000000000000  -0.832470000000000
  13.420000000000000  -0.112610000000000
  13.440000000000000  -1.773340000000000
  13.460000000000001  -0.985460000000000
  13.480000000000000  -1.185540000000000
  13.500000000000000  -0.108340000000000
  13.520000000000000   0.472030000000000
  13.540000000000001   0.062030000000000
  13.560000000000000   0.040300000000000
  13.580000000000000   0.194690000000000
  13.600000000000000   0.353750000000000
  13.620000000000001   0.202220000000000
  13.640000000000001   0.138980000000000
  13.660000000000000   0.071090000000000
  13.680000000000000   0.213700000000000
  13.700000000000001   0.501000000000000
  13.720000000000001   1.621510000000000
  13.740000000000000   2.463860000000000
  13.760000000000000   2.853550000000000
  13.780000000000001   1.990370000000000
  13.800000000000001   0.490940000000000
  13.820000000000000  -0.172120000000000
  13.840000000000000  -0.985990000000000
  13.859999999999999  -1.761900000000000
  13.880000000000001  -2.359930000000000
  13.900000000000000  -2.739660000000000
  13.920000000000000  -2.694380000000000
  13.940000000000000  -1.868090000000000
  13.960000000000001  -0.826220000000000
  13.980000000000000  -0.313200000000000
  14.000000000000000  -0.004140000000000
  14.020000000000000  -0.000230000000000
  14.040000000000001   0.204420000000000
  14.060000000000000   0.545980000000000
  14.080000000000000   0.936410000000000
  14.100000000000000   1.314900000000000
  14.120000000000001   1.426190000000000
  14.140000000000001   1.265590000000000
  14.160000000000000   0.882420000000000
  14.180000000000000   0.125310000000000
  14.200000000000001  -0.250750000000000
  14.220000000000001   0.029030000000000
  14.240000000000000   0.175060000000000
  14.260000000000000   0.166870000000000
  14.280000000000001   0.116240000000000
  14.300000000000001  -0.185860000000000
  14.320000000000000  -0.605070000000000
  14.340000000000000  -0.988290000000000
  14.359999999999999  -1.329670000000000
  14.380000000000001  -2.151450000000000
  14.400000000000000  -1.378040000000000
  14.420000000000000  -0.210030000000000
  14.440000000000000   0.027400000000000
  14.460000000000001   0.687720000000000
  14.480000000000000   0.496370000000000
  14.500000000000000   0.034520000000000
  14.520000000000000  -0.198420000000000
  14.540000000000001  -0.185000000000000
  14.560000000000000   0.063990000000000
  14.580000000000000   0.511940000000000
  14.600000000000000   0.643550000000000
  14.620000000000001   0.414540000000000
  14.640000000000001   0.004380000000000
  14.660000000000000  -0.171480000000000
  14.680000000000000  -0.623650000000000
  14.700000000000001  -0.174480000000000
  14.720000000000001   0.848260000000000
  14.740000000000000   1.084890000000000
  14.760000000000000   1.600600000000000
  14.780000000000001   2.151210000000000
  14.800000000000001   1.942490000000000
  14.820000000000000   1.184320000000000
  14.840000000000000   0.820130000000000
  14.859999999999999   0.905460000000000
  14.880000000000001   0.837790000000000
  14.900000000000000   0.314880000000000
  14.920000000000000  -0.176060000000000
  14.940000000000000  -0.686830000000000
  14.960000000000001  -1.195560000000000
  14.980000000000000  -1.611820000000000
  15.000000000000000  -2.155320000000000
  15.020000000000000  -2.549750000000000
  15.040000000000001  -2.044410000000000
  15.060000000000000  -1.018640000000000
  15.080000000000000  -0.699320000000000
  15.100000000000000  -0.527600000000000
  15.120000000000001  -0.130610000000000
  15.140000000000001   0.123430000000000
  15.160000000000000   0.408890000000000
  15.180000000000000   0.776500000000000
  15.200000000000001   0.881770000000000
  15.220000000000001   0.693700000000000
  15.240000000000000   0.499680000000000
  15.260000000000000   0.231750000000000
  15.280000000000001   0.072450000000000
  15.300000000000001  -0.026360000000000
  15.320000000000000  -0.215070000000000
  15.340000000000000  -0.477890000000000
  15.359999999999999  -0.570500000000000
  15.380000000000001  -0.490380000000000
  15.400000000000000  -0.447700000000000
  15.420000000000000  -0.528620000000000
  15.440000000000000  -0.628340000000000
  15.460000000000001  -0.967790000000000
  15.480000000000000  -0.791570000000000
  15.500000000000000  -0.158480000000000
  15.520000000000000   0.051390000000000
  15.540000000000001   0.609730000000000
  15.560000000000000   1.389520000000000
  15.580000000000000   1.993930000000000
  15.600000000000000   2.344050000000000
  15.620000000000001   2.527860000000000
  15.640000000000001   2.294100000000000
  15.660000000000000   0.907820000000000
  15.680000000000000  -0.214240000000000
  15.700000000000001  -0.949070000000000
  15.720000000000001  -1.697340000000000
  15.740000000000000  -2.067800000000000
  15.760000000000000  -2.214150000000000
  15.780000000000001  -2.019540000000000
  15.800000000000001  -1.610100000000000
  15.820000000000000  -0.901360000000000
  15.840000000000000  -0.366120000000000
  15.860000000000001  -0.140950000000000
  15.880000000000001   0.150240000000000
  15.900000000000000   0.485190000000000
  15.920000000000000   0.879780000000000
  15.940000000000000   1.318000000000000
  15.960000000000001   1.231390000000000
  15.980000000000000   0.857660000000000
  16.000000000000000   0.353960000000000
  16.020000000000000  -0.285480000000000
  16.039999999999999  -0.667070000000000
  16.059999999999999  -0.948370000000000
  16.080000000000002  -1.148490000000000
  16.100000000000001  -1.473130000000000
  16.120000000000001  -1.586450000000000
  16.140000000000001  -2.027330000000000
  16.160000000000000  -0.606690000000000
  16.180000000000000   0.640990000000000
  16.199999999999999   0.347100000000000
  16.219999999999999   0.995400000000000
  16.240000000000002   1.938560000000000
  16.260000000000002   2.801940000000000
  16.280000000000001   3.159340000000000
  16.300000000000001   2.560460000000000
  16.320000000000000   1.057350000000000
  16.340000000000000   0.600640000000000
  16.359999999999999   0.120430000000000
  16.379999999999999  -0.858020000000000
  16.399999999999999  -1.546410000000000
  16.420000000000002  -1.990820000000000
  16.440000000000001  -2.700280000000000
  16.460000000000001  -3.096330000000000
  16.480000000000000  -2.361830000000000
  16.500000000000000  -1.528950000000000
  16.520000000000000  -1.220280000000000
  16.539999999999999  -0.588610000000000
  16.559999999999999   0.437880000000000
  16.580000000000002   0.969340000000000
  16.600000000000001   1.295590000000000
  16.620000000000001   1.857230000000000
  16.640000000000001   1.995220000000000
  16.660000000000000   1.534170000000000
  16.680000000000000   0.752790000000000
  16.699999999999999   0.267690000000000
  16.719999999999999   0.072990000000000
  16.740000000000002  -0.452300000000000
  16.760000000000002  -0.866540000000000
  16.780000000000001  -1.001440000000000
  16.800000000000001  -1.311070000000000
  16.820000000000000  -1.617980000000000
  16.840000000000000  -1.749150000000000
  16.859999999999999  -1.407900000000000
  16.879999999999999  -0.794490000000000
  16.899999999999999  -0.591200000000000
  16.920000000000002  -0.359020000000000
  16.940000000000001  -0.038790000000000
  16.960000000000001   0.040870000000000
  16.980000000000000   0.033710000000000
  17.000000000000000   0.098430000000000
  17.020000000000000   0.184760000000000
  17.039999999999999   0.299080000000000
  17.059999999999999   0.590290000000000
  17.080000000000002   1.108350000000000
  17.100000000000001   1.738860000000000
  17.120000000000001   2.190920000000000
  17.140000000000001   2.163090000000000
  17.160000000000000   1.865440000000000
  17.180000000000000   1.533530000000000
  17.199999999999999   1.152360000000000
  17.219999999999999   0.540530000000000
  17.240000000000002  -0.033720000000000
  17.260000000000002  -0.436870000000000
  17.280000000000001  -0.840940000000000
  17.300000000000001  -1.125200000000000
  17.320000000000000  -0.937590000000000
  17.340000000000000  -0.634430000000000
  17.359999999999999  -0.313680000000000
  17.379999999999999   0.021000000000000
  17.400000000000002   0.195840000000000
  17.420000000000002   0.305520000000000
  17.440000000000001   0.330610000000000
  17.460000000000001   0.468030000000000
  17.480000000000000   0.917390000000000
  17.500000000000000   1.338930000000000
  17.520000000000000   1.544150000000000
  17.539999999999999   1.475210000000000
  17.559999999999999   0.782480000000000
  17.580000000000002   0.224500000000000
  17.600000000000001  -0.265550000000000
  17.620000000000001  -0.738110000000000
  17.640000000000001  -1.208170000000000
  17.660000000000000  -1.723570000000000
  17.680000000000000  -2.328190000000000
  17.699999999999999  -1.814040000000000
  17.719999999999999  -0.701990000000000
  17.740000000000002   0.136140000000000
  17.760000000000002   0.961530000000000
  17.780000000000001   1.135310000000000
  17.800000000000001   1.087590000000000
  17.820000000000000   1.040400000000000
  17.840000000000000   0.945610000000000
  17.859999999999999   0.695370000000000
  17.879999999999999   0.399160000000000
  17.900000000000002  -0.091690000000000
  17.920000000000002  -0.625150000000000
  17.940000000000001  -1.158210000000000
  17.960000000000001  -1.481130000000000
  17.980000000000000  -1.312970000000000
  18.000000000000000  -0.725820000000000
  18.020000000000000  -0.139770000000000
  18.039999999999999   0.345960000000000
  18.059999999999999   0.587340000000000
  18.080000000000002   0.484260000000000
  18.100000000000001   0.237440000000000
  18.120000000000001   0.071530000000000
  18.140000000000001   0.109250000000000
  18.160000000000000   0.136580000000000
  18.180000000000000  -0.032700000000000
  18.199999999999999  -0.458710000000000
  18.219999999999999  -0.770020000000000
  18.240000000000002  -1.025590000000000
  18.260000000000002  -0.895590000000000
  18.280000000000001  -0.172770000000000
  18.300000000000001   0.301110000000000
  18.320000000000000   0.497980000000000
  18.340000000000000   0.413160000000000
  18.359999999999999   0.350970000000000
  18.379999999999999   0.404760000000000
  18.400000000000002   0.383430000000000
  18.420000000000002   0.493800000000000
  18.440000000000001   0.724840000000000
  18.460000000000001   0.837260000000000
  18.480000000000000   0.604330000000000
  18.500000000000000   0.363810000000000
  18.520000000000000   0.202290000000000
  18.539999999999999   0.070890000000000
  18.559999999999999  -0.132330000000000
  18.580000000000002  -0.426690000000000
  18.600000000000001  -0.632460000000000
  18.620000000000001  -0.546080000000000
  18.640000000000001  -0.253520000000000
  18.660000000000000  -0.055410000000000
  18.680000000000000  -0.085950000000000
  18.699999999999999  -0.295920000000000
  18.719999999999999  -0.358600000000000
  18.740000000000002  -0.291020000000000
  18.760000000000002  -0.288590000000000
  18.780000000000001  -0.257040000000000
  18.800000000000001  -0.161790000000000
  18.820000000000000  -0.152960000000000
  18.840000000000000  -0.343780000000000
  18.859999999999999  -0.655580000000000
  18.879999999999999  -0.767180000000000
  18.900000000000002  -0.604990000000000
  18.920000000000002  -0.396460000000000
  18.940000000000001  -0.396670000000000
  18.960000000000001  -0.537060000000000
  18.980000000000000  -0.490340000000000
  19.000000000000000  -0.292480000000000
  19.020000000000000  -0.253100000000000
  19.039999999999999  -0.543220000000000
  19.059999999999999  -0.730710000000000
  19.080000000000002  -0.699950000000000
  19.100000000000001  -0.469690000000000
  19.120000000000001  -0.060310000000000
  19.140000000000001   0.058460000000000
  19.160000000000000   0.157100000000000
  19.180000000000000   0.292780000000000
  19.199999999999999   0.458570000000000
  19.219999999999999   0.657700000000000
  19.240000000000002   0.811590000000000
  19.260000000000002   1.113940000000000
  19.280000000000001   1.388130000000000
  19.300000000000001   1.673690000000000
  19.320000000000000   1.854550000000000
  19.340000000000000   1.718990000000000
  19.359999999999999   1.410530000000000
  19.379999999999999   1.042560000000000
  19.400000000000002   0.719500000000000
  19.420000000000002   0.345610000000000
  19.440000000000001  -0.080730000000000
  19.460000000000001  -0.428800000000000
  19.480000000000000  -0.670790000000000
  19.500000000000000  -0.756670000000000
  19.520000000000000  -0.683670000000000
  19.539999999999999  -0.552920000000000
  19.559999999999999  -0.431390000000000
  19.580000000000002  -0.255840000000000
  19.600000000000001  -0.060330000000000
  19.620000000000001   0.030520000000000
  19.640000000000001   0.129830000000000
  19.660000000000000   0.255230000000000
  19.680000000000000   0.373190000000000
  19.699999999999999   0.321010000000000
  19.719999999999999  -0.029290000000000
  19.740000000000002  -0.401660000000000
  19.760000000000002  -0.579160000000000
  19.780000000000001  -0.603600000000000
  19.800000000000001  -0.772360000000000
  19.820000000000000  -0.941570000000000
  19.840000000000000  -1.087990000000000
  19.859999999999999  -0.997840000000000
  19.879999999999999  -0.536260000000000
  19.900000000000002  -0.203050000000000
  19.920000000000002   0.048480000000000
  19.940000000000001   0.315280000000000
  19.960000000000001   0.445680000000000
  19.980000000000000   0.575780000000000
  20.000000000000000   0.862440000000000
  20.020000000000000   1.210350000000000
  20.039999999999999   1.532730000000000
  20.059999999999999   1.681580000000000
  20.080000000000002   1.580700000000000
  20.100000000000001   1.121270000000000
  20.120000000000001   0.596870000000000
  20.140000000000001   0.117820000000000
  20.160000000000000  -0.410250000000000
  20.180000000000000  -0.971880000000000
  20.199999999999999  -1.489280000000000
  20.219999999999999  -1.832380000000000
  20.240000000000002  -1.765450000000000
  20.260000000000002  -1.187890000000000
  20.280000000000001  -0.678070000000000
  20.300000000000001  -0.237350000000000
  20.320000000000000   0.181500000000000
  20.340000000000000   0.331050000000000
  20.359999999999999   0.422000000000000
  20.379999999999999   0.508770000000000
  20.400000000000002   0.631290000000000
  20.420000000000002   0.801500000000000
  20.440000000000001   1.025790000000000
  20.460000000000001   1.066050000000000
  20.480000000000000   0.428360000000000
  20.500000000000000  -0.122020000000000
  20.520000000000000  -0.356070000000000
  20.539999999999999  -0.449480000000000
  20.559999999999999  -0.452290000000000
  20.580000000000002  -0.526430000000000
  20.600000000000001  -0.606110000000000
  20.620000000000001  -0.686080000000000
  20.640000000000001  -0.404980000000000
  20.660000000000000   0.084430000000000
  20.680000000000000   0.438800000000000
  20.699999999999999   0.741970000000000
  20.719999999999999   0.927580000000000
  20.740000000000002   0.638740000000000
  20.760000000000002   0.135200000000000
  20.780000000000001   0.049880000000000
  20.800000000000001   0.113350000000000
  20.820000000000000   0.047040000000000
  20.840000000000000  -0.034430000000000
  20.859999999999999  -0.125160000000000
  20.879999999999999  -0.276090000000000
  20.900000000000002  -0.440200000000000
  20.920000000000002  -0.485690000000000
  20.940000000000001  -0.509100000000000
  20.960000000000001  -0.425500000000000
  20.980000000000000  -0.229590000000000
  21.000000000000000  -0.039370000000000
  21.020000000000000   0.070500000000000
  21.039999999999999   0.047980000000000
  21.059999999999999  -0.153740000000000
  21.080000000000002  -0.274370000000000
  21.100000000000001  -0.016830000000000
  21.120000000000001   0.235370000000000
  21.140000000000001   0.298960000000000
  21.160000000000000   0.192040000000000
  21.180000000000000   0.028680000000000
  21.199999999999999  -0.207990000000000
  21.219999999999999  -0.445540000000000
  21.240000000000002  -0.496790000000000
  21.260000000000002  -0.358280000000000
  21.280000000000001  -0.029680000000000
  21.300000000000001   0.193560000000000
  21.320000000000000   0.324640000000000
  21.340000000000000   0.421550000000000
  21.359999999999999   0.455610000000000
  21.379999999999999   0.457650000000000
  21.400000000000002   0.392930000000000
  21.420000000000002   0.175100000000000
  21.440000000000001  -0.049720000000000
  21.460000000000001  -0.176060000000000
  21.480000000000000  -0.349440000000000
  21.500000000000000  -0.404910000000000
  21.520000000000000  -0.429800000000000
  21.539999999999999  -0.428710000000000
  21.559999999999999  -0.440790000000000
  21.580000000000002  -0.494010000000000
  21.600000000000001  -0.575750000000000
  21.620000000000001  -0.593630000000000
  21.640000000000001  -0.425350000000000
  21.660000000000000  -0.249830000000000
  21.680000000000000  -0.070140000000000
  21.699999999999999   0.026140000000000
  21.719999999999999  -0.031130000000000
  21.740000000000002  -0.138080000000000
  21.760000000000002  -0.151870000000000
  21.780000000000001  -0.129270000000000
  21.800000000000001  -0.120260000000000
  21.820000000000000  -0.027530000000000
  21.840000000000000   0.126620000000000
  21.859999999999999   0.331990000000000
  21.879999999999999   0.573040000000000
  21.900000000000002   0.813190000000000
  21.920000000000002   0.975290000000000
  21.940000000000001   1.040650000000000
  21.960000000000001   0.976370000000000
  21.980000000000000   0.820940000000000
  22.000000000000000   0.652920000000000
  22.020000000000000   0.470000000000000
  22.039999999999999   0.217870000000000
  22.059999999999999  -0.102760000000000
  22.080000000000002  -0.348490000000000
  22.100000000000001  -0.557750000000000
  22.120000000000001  -0.680920000000000
  22.140000000000001  -0.700980000000000
  22.160000000000000  -0.438890000000000
  22.180000000000000  -0.217010000000000
  22.199999999999999  -0.179280000000000
  22.219999999999999  -0.128950000000000
  22.240000000000002   0.010840000000000
  22.260000000000002   0.293850000000000
  22.280000000000001   0.542810000000000
  22.300000000000001   0.725280000000000
  22.320000000000000   0.685900000000000
  22.340000000000000   0.514250000000000
  22.359999999999999   0.445140000000000
  22.379999999999999   0.568030000000000
  22.400000000000002   0.599590000000000
  22.420000000000002   0.493460000000000
  22.440000000000001   0.249460000000000
  22.460000000000001  -0.034100000000000
  22.480000000000000  -0.249620000000000
  22.500000000000000  -0.442240000000000
  22.520000000000000  -0.476160000000000
  22.539999999999999  -0.469360000000000
  22.559999999999999  -0.481770000000000
  22.580000000000002  -0.411420000000000
  22.600000000000001  -0.423780000000000
  22.620000000000001  -0.370890000000000
  22.640000000000001  -0.109790000000000
  22.660000000000000   0.073590000000000
  22.680000000000000   0.157160000000000
  22.699999999999999   0.197110000000000
  22.719999999999999   0.075910000000000
  22.740000000000002  -0.119970000000000
  22.760000000000002  -0.212970000000000
  22.780000000000001  -0.221130000000000
  22.800000000000001  -0.293250000000000
  22.820000000000000  -0.433030000000000
  22.840000000000000  -0.435080000000000
  22.859999999999999  -0.179770000000000
  22.879999999999999   0.272150000000000
  22.900000000000002   0.632320000000000
  22.920000000000002   0.718020000000000
  22.940000000000001   0.616340000000000
  22.960000000000001   0.414730000000000
  22.980000000000000   0.132780000000000
  23.000000000000000  -0.114440000000000
  23.020000000000000  -0.346150000000000
  23.039999999999999  -0.489750000000000
  23.059999999999999  -0.548020000000000
  23.080000000000002  -0.568850000000000
  23.100000000000001  -0.486410000000000
  23.120000000000001  -0.465680000000000
  23.140000000000001  -0.483000000000000
  23.160000000000000  -0.281570000000000
  23.180000000000000  -0.110860000000000
  23.199999999999999  -0.025120000000000
  23.219999999999999   0.134980000000000
  23.240000000000002   0.284150000000000
  23.260000000000002   0.325940000000000
  23.280000000000001   0.232090000000000
  23.300000000000001   0.140500000000000
  23.320000000000000  -0.010700000000000
  23.340000000000000  -0.268310000000000
  23.359999999999999  -0.467980000000000
  23.379999999999999  -0.497760000000000
  23.400000000000002  -0.358150000000000
  23.420000000000002  -0.177850000000000
  23.440000000000001  -0.130820000000000
  23.460000000000001  -0.078180000000000
  23.480000000000000   0.090560000000000
  23.500000000000000   0.264920000000000
  23.520000000000000   0.355280000000000
  23.539999999999999   0.458120000000000
  23.559999999999999   0.442010000000000
  23.580000000000002   0.221300000000000
  23.600000000000001   0.067230000000000
  23.620000000000001  -0.037460000000000
  23.640000000000001  -0.051730000000000
  23.660000000000000  -0.090560000000000
  23.680000000000000  -0.159860000000000
  23.699999999999999  -0.165380000000000
  23.719999999999999  -0.186940000000000
  23.740000000000002   0.039180000000000
  23.760000000000002   0.343570000000000
  23.780000000000001   0.451880000000000
  23.800000000000001   0.556720000000000
  23.820000000000000   0.591120000000000
  23.840000000000000   0.484380000000000
  23.859999999999999   0.378900000000000
  23.879999999999999   0.316440000000000
  23.900000000000002   0.279380000000000
  23.920000000000002   0.140780000000000
  23.940000000000001  -0.135160000000000
  23.960000000000001  -0.373770000000000
  23.980000000000000  -0.476140000000000
  24.000000000000000  -0.419080000000000
  24.020000000000000  -0.328120000000000
  24.039999999999999  -0.249270000000000
  24.060000000000002  -0.163750000000000
  24.080000000000002  -0.024800000000000
  24.100000000000001   0.120400000000000
  24.120000000000001   0.189420000000000
  24.140000000000001   0.251250000000000
  24.160000000000000   0.286680000000000
  24.180000000000000   0.240900000000000
  24.199999999999999   0.173750000000000
  24.219999999999999   0.178880000000000
  24.240000000000002   0.139670000000000
  24.260000000000002   0.109380000000000
  24.280000000000001  -0.026940000000000
  24.300000000000001  -0.177220000000000
  24.320000000000000  -0.167830000000000
  24.340000000000000  -0.240960000000000
  24.359999999999999  -0.356510000000000
  24.379999999999999  -0.559330000000000
  24.400000000000002  -0.536390000000000
  24.420000000000002  -0.169640000000000
  24.440000000000001   0.194590000000000
  24.460000000000001   0.310730000000000
  24.480000000000000   0.118750000000000
  24.500000000000000  -0.133370000000000
  24.520000000000000  -0.166390000000000
  24.539999999999999   0.045740000000000
  24.560000000000002   0.183660000000000
  24.580000000000002   0.249820000000000
  24.600000000000001   0.197000000000000
  24.620000000000001   0.092490000000000
  24.640000000000001  -0.012650000000000
  24.660000000000000   0.003240000000000
  24.680000000000000   0.142370000000000
  24.699999999999999   0.167590000000000
  24.719999999999999   0.152870000000000
  24.740000000000002   0.154300000000000
  24.760000000000002   0.177270000000000
  24.780000000000001   0.210010000000000
  24.800000000000001   0.220010000000000
  24.820000000000000   0.218810000000000
  24.840000000000000   0.257110000000000
  24.859999999999999   0.317780000000000
  24.879999999999999   0.378040000000000
  24.900000000000002   0.324560000000000
  24.920000000000002   0.173460000000000
  24.940000000000001   0.021970000000000
  24.960000000000001  -0.111870000000000
  24.980000000000000  -0.197850000000000
  25.000000000000000  -0.200390000000000
  25.020000000000000  -0.195130000000000
  25.039999999999999  -0.224270000000000
  25.060000000000002  -0.295320000000000
  25.080000000000002  -0.326960000000000
  25.100000000000001  -0.351750000000000
  25.120000000000001  -0.320890000000000
  25.140000000000001  -0.129880000000000
  25.160000000000000   0.036240000000000
  25.180000000000000   0.147810000000000
  25.199999999999999   0.086480000000000
  25.219999999999999  -0.042610000000000
  25.240000000000002  -0.137300000000000
  25.260000000000002  -0.255710000000000
  25.280000000000001  -0.342280000000000
  25.300000000000001  -0.427700000000000
  25.320000000000000  -0.480050000000000
  25.340000000000000  -0.448930000000000
  25.359999999999999  -0.379120000000000
  25.379999999999999  -0.362210000000000
  25.400000000000002  -0.367270000000000
  25.420000000000002  -0.300850000000000
  25.440000000000001  -0.137750000000000
  25.460000000000001   0.101690000000000
  25.480000000000000   0.306730000000000
  25.500000000000000   0.370100000000000
  25.520000000000000   0.134990000000000
  25.539999999999999  -0.197400000000000
  25.560000000000002  -0.342350000000000
  25.580000000000002  -0.486480000000000
  25.600000000000001  -0.551600000000000
  25.620000000000001  -0.271530000000000
  25.640000000000001   0.034570000000000
  25.660000000000000   0.272620000000000
  25.680000000000000   0.281830000000000
  25.699999999999999   0.136270000000000
  25.719999999999999   0.088260000000000
  25.740000000000002   0.113350000000000
  25.760000000000002   0.270530000000000
  25.780000000000001   0.232680000000000
  25.800000000000001   0.102260000000000
  25.820000000000000  -0.088990000000000
  25.840000000000000  -0.258340000000000
  25.859999999999999  -0.322060000000000
  25.879999999999999  -0.278090000000000
  25.900000000000002  -0.152780000000000
  25.920000000000002   0.013600000000000
  25.940000000000001   0.204980000000000
  25.960000000000001   0.236170000000000
  25.980000000000000   0.221670000000000
  26.000000000000000   0.165170000000000
  26.020000000000000   0.126400000000000
  26.039999999999999   0.122590000000000
  26.060000000000002   0.187800000000000
  26.080000000000002   0.313740000000000
  26.100000000000001   0.440890000000000
  26.120000000000001   0.462520000000000
  26.140000000000001   0.252070000000000
  26.160000000000000   0.082730000000000
  26.180000000000000  -0.011090000000000
  26.199999999999999  -0.100420000000000
  26.219999999999999  -0.148660000000000
  26.240000000000002  -0.175080000000000
  26.260000000000002  -0.185650000000000
  26.280000000000001  -0.133910000000000
  26.300000000000001  -0.005810000000000
  26.320000000000000   0.110200000000000
  26.340000000000000   0.234670000000000
  26.359999999999999   0.329190000000000
  26.379999999999999   0.335340000000000
  26.400000000000002   0.315380000000000
  26.420000000000002   0.185990000000000
  26.440000000000001   0.020980000000000
  26.460000000000001  -0.042200000000000
  26.480000000000000  -0.076810000000000
  26.500000000000000   0.040210000000000
  26.520000000000000   0.147940000000000
  26.539999999999999   0.103570000000000
  26.560000000000002   0.051700000000000
  26.580000000000002   0.103090000000000
  26.600000000000001   0.232920000000000
  26.620000000000001   0.355890000000000
  26.640000000000001   0.472320000000000
  26.660000000000000   0.463250000000000
  26.680000000000000   0.314100000000000
  26.699999999999999   0.091510000000000
  26.719999999999999  -0.071470000000000
  26.740000000000002  -0.132360000000000
  26.760000000000002  -0.127120000000000
  26.780000000000001  -0.098700000000000
  26.800000000000001  -0.151370000000000
  26.820000000000000  -0.232890000000000
  26.840000000000000  -0.285410000000000
  26.859999999999999  -0.313820000000000
  26.879999999999999  -0.329590000000000
  26.900000000000002  -0.305480000000000
  26.920000000000002  -0.241230000000000
  26.940000000000001  -0.221060000000000
  26.960000000000001  -0.187310000000000
  26.980000000000000  -0.046480000000000
  27.000000000000000   0.155270000000000
  27.020000000000000   0.255120000000000
  27.039999999999999   0.159220000000000
  27.060000000000002   0.008590000000000
  27.080000000000002  -0.074810000000000
  27.100000000000001  -0.105440000000000
  27.120000000000001  -0.065510000000000
  27.140000000000001   0.036090000000000
  27.160000000000000   0.135870000000000
  27.180000000000000   0.153450000000000
  27.199999999999999   0.068370000000000
  27.219999999999999  -0.069240000000000
  27.240000000000002  -0.124030000000000
  27.260000000000002  -0.078390000000000
  27.280000000000001  -0.053460000000000
  27.300000000000001  -0.074250000000000
  27.320000000000000  -0.081630000000000
  27.340000000000000  -0.076680000000000
  27.359999999999999  -0.008490000000000
  27.379999999999999   0.023080000000000
  27.400000000000002  -0.031420000000000
  27.420000000000002  -0.112920000000000
  27.440000000000001  -0.240580000000000
  27.460000000000001  -0.334600000000000
  27.480000000000000  -0.359170000000000
  27.500000000000000  -0.314740000000000
  27.520000000000000  -0.168560000000000
  27.539999999999999   0.002560000000000
  27.560000000000002   0.073350000000000
  27.580000000000002   0.099720000000000
  27.600000000000001   0.082400000000000
  27.620000000000001   0.088900000000000
  27.640000000000001   0.222940000000000
  27.660000000000000   0.427680000000000
  27.680000000000000   0.575230000000000
  27.699999999999999   0.565080000000000
  27.719999999999999   0.339250000000000
  27.740000000000002   0.118600000000000
  27.760000000000002  -0.004830000000000
  27.780000000000001  -0.099500000000000
  27.800000000000001  -0.134410000000000
  27.820000000000000  -0.225310000000000
  27.840000000000000  -0.371540000000000
  27.859999999999999  -0.552280000000000
  27.879999999999999  -0.770630000000000
  27.900000000000002  -0.893740000000000
  27.920000000000002  -0.705880000000000
  27.940000000000001  -0.221660000000000
  27.960000000000001   0.131510000000000
  27.980000000000000   0.362260000000000
  28.000000000000000   0.534480000000000
  28.020000000000000   0.602090000000000
  28.039999999999999   0.566380000000000
  28.060000000000002   0.473110000000000
  28.080000000000002   0.418120000000000
  28.100000000000001   0.330550000000000
  28.120000000000001   0.203710000000000
  28.140000000000001   0.003430000000000
  28.160000000000000  -0.219390000000000
  28.180000000000000  -0.363840000000000
  28.199999999999999  -0.470150000000000
  28.219999999999999  -0.505810000000000
  28.240000000000002  -0.360390000000000
  28.260000000000002  -0.123130000000000
  28.280000000000001   0.096340000000000
  28.300000000000001   0.248410000000000
  28.320000000000000   0.351800000000000
  28.340000000000000   0.360950000000000
  28.359999999999999   0.259210000000000
  28.379999999999999   0.135540000000000
  28.400000000000002   0.068290000000000
  28.420000000000002  -0.011120000000000
  28.440000000000001  -0.149130000000000
  28.460000000000001  -0.313290000000000
  28.480000000000000  -0.494650000000000
  28.500000000000000  -0.579350000000000
  28.520000000000000  -0.561160000000000
  28.539999999999999  -0.358680000000000
  28.560000000000002  -0.009550000000000
  28.580000000000002   0.252290000000000
  28.600000000000001   0.376780000000000
  28.620000000000001   0.326910000000000
  28.640000000000001   0.249160000000000
  28.660000000000000   0.253240000000000
  28.680000000000000   0.289320000000000
  28.699999999999999   0.278810000000000
  28.719999999999999   0.125850000000000
  28.740000000000002  -0.038160000000000
  28.760000000000002  -0.148800000000000
  28.780000000000001  -0.214910000000000
  28.800000000000001  -0.148750000000000
  28.820000000000000   0.016540000000000
  28.840000000000000   0.084880000000000
  28.859999999999999   0.071730000000000
  28.879999999999999   0.074290000000000
  28.900000000000002   0.041100000000000
  28.920000000000002   0.010630000000000
  28.940000000000001   0.043020000000000
  28.960000000000001   0.067550000000000
  28.980000000000000   0.091130000000000
  29.000000000000000   0.087840000000000
  29.020000000000000   0.042590000000000
  29.039999999999999   0.005970000000000
  29.060000000000002   0.004040000000000
  29.080000000000002   0.106680000000000
  29.100000000000001   0.245470000000000
  29.120000000000001   0.355000000000000
  29.140000000000001   0.378080000000000
  29.160000000000000   0.213930000000000
  29.180000000000000  -0.020290000000000
  29.199999999999999  -0.154500000000000
  29.219999999999999  -0.235960000000000
  29.240000000000002  -0.206830000000000
  29.260000000000002  -0.127260000000000
  29.280000000000001  -0.067990000000000
  29.300000000000001  -0.102440000000000
  29.320000000000000  -0.198540000000000
  29.340000000000000  -0.208450000000000
  29.359999999999999  -0.132010000000000
  29.379999999999999  -0.008980000000000
  29.400000000000002   0.070900000000000
  29.420000000000002   0.129760000000000
  29.440000000000001   0.167070000000000
  29.460000000000001   0.195760000000000
  29.480000000000000   0.147020000000000
  29.500000000000000   0.046530000000000
  29.520000000000000  -0.060250000000000
  29.539999999999999  -0.130420000000000
  29.560000000000002  -0.108620000000000
  29.580000000000002  -0.038840000000000
  29.600000000000001  -0.070600000000000
  29.620000000000001  -0.195410000000000
  29.640000000000001  -0.218150000000000
  29.660000000000000  -0.232980000000000
  29.680000000000000  -0.223550000000000
  29.699999999999999  -0.136960000000000
  29.719999999999999  -0.058200000000000
  29.740000000000002  -0.046830000000000
  29.760000000000002  -0.066120000000000
  29.780000000000001  -0.045480000000000
  29.800000000000001   0.012820000000000
  29.820000000000000   0.027050000000000
  29.840000000000000  -0.008600000000000
  29.859999999999999  -0.029080000000000
  29.879999999999999  -0.002710000000000
  29.900000000000002   0.079600000000000
  29.920000000000002   0.157000000000000
  29.940000000000001   0.182950000000000
  29.960000000000001   0.117560000000000
  29.980000000000000  -0.004840000000000