                   0                   0
   0.020000000000000  -0.166130000000000
   0.040000000000000  -0.195460000000000
   0.060000000000000   0.008100000000000
   0.080000000000000   0.086560000000000
   0.100000000000000   0.324460000000000
   0.120000000000000   0.320180000000000
   0.140000000000000  -0.295060000000000
   0.160000000000000  -0.621220000000000
   0.180000000000000  -0.173970000000000
   0.200000000000000   0.098520000000000
   0.220000000000000   0.249820000000000
   0.240000000000000   0.202470000000000
   0.260000000000000   0.073670000000000
   0.280000000000000  -0.233960000000000
   0.300000000000000  -0.346350000000000
   0.320000000000000  -0.097600000000000
   0.340000000000000  -0.130020000000000
   0.360000000000000  -0.131810000000000
   0.380000000000000  -0.092390000000000
   0.400000000000000  -0.225680000000000
   0.420000000000000  -0.052000000000000
   0.440000000000000   0.085910000000000
   0.460000000000000  -0.009650000000000
   0.480000000000000  -0.121880000000000
   0.500000000000000  -0.167880000000000
   0.520000000000000   0.001450000000000
   0.540000000000000   0.263360000000000
   0.560000000000000   0.087300000000000
   0.580000000000000  -0.119760000000000
   0.600000000000000  -0.105640000000000
   0.620000000000000  -0.034360000000000
   0.640000000000000   0.041660000000000
   0.660000000000000  -0.028750000000000
   0.680000000000000  -0.153350000000000
   0.700000000000000  -0.091140000000000
   0.720000000000000   0.020870000000000
   0.740000000000000  -0.041640000000000
   0.760000000000000  -0.217740000000000
   0.780000000000000  -0.307590000000000
   0.800000000000000  -0.180680000000000
   0.820000000000000   0.134070000000000
   0.840000000000000   0.187350000000000
   0.860000000000000   0.048640000000000
   0.880000000000000   0.145550000000000
   0.900000000000000   0.081690000000000
   0.920000000000000  -0.013580000000000
   0.940000000000000   0.190350000000000
   0.960000000000000   0.061740000000000
   0.980000000000000  -0.169410000000000
   1.000000000000000   0.152880000000000
   1.020000000000000   0.788580000000000
   1.040000000000000   1.547540000000000
   1.060000000000000   2.190750000000000
   1.080000000000000   2.629360000000000
   1.100000000000000   2.543170000000000
   1.120000000000000   1.883900000000000
   1.140000000000000   1.389650000000000
   1.160000000000000   1.463790000000000
   1.180000000000000   1.617830000000000
   1.200000000000000   1.493190000000000
   1.220000000000000   0.944510000000000
   1.240000000000000   0.000920000000000
   1.260000000000000  -0.627810000000000
   1.280000000000000  -0.820690000000000
   1.300000000000000  -0.942800000000000
   1.320000000000000  -1.399340000000000
   1.340000000000000  -1.925020000000000
   1.360000000000000  -1.853270000000000
   1.380000000000000  -1.257430000000000
   1.400000000000000  -0.868820000000000
   1.420000000000000  -1.107370000000000
   1.440000000000000  -1.683620000000000
   1.460000000000000  -1.999970000000000
   1.480000000000000  -1.439180000000000
   1.500000000000000  -0.530660000000000
   1.520000000000000  -0.195740000000000
   1.540000000000000  -0.180860000000000
   1.560000000000000   0.070480000000000
   1.580000000000000   0.371030000000000
   1.600000000000000   0.277820000000000
   1.620000000000000   0.119970000000000
   1.640000000000000   0.218020000000000
   1.660000000000000   0.091320000000000
   1.680000000000000  -0.447730000000000
   1.700000000000000  -0.638950000000000
   1.720000000000000  -0.411210000000000
   1.740000000000000  -0.435880000000000
   1.760000000000000  -0.579340000000000
   1.780000000000000  -0.625970000000000
   1.800000000000000  -0.507300000000000
   1.820000000000000  -0.128730000000000
   1.840000000000000   0.400960000000000
   1.860000000000000   0.743010000000000
   1.880000000000000   1.228250000000000
   1.900000000000000   2.077040000000000
   1.920000000000000   2.654470000000000
   1.940000000000000   2.211180000000000
   1.960000000000000   0.907820000000000
   1.980000000000000   0.433070000000000
   2.000000000000000   0.847540000000000
   2.020000000000000   0.782570000000000
   2.040000000000000   0.341510000000000
   2.060000000000000  -0.229610000000000
   2.080000000000000  -0.373310000000000
   2.100000000000000  -0.001110000000000
   2.120000000000000   0.312230000000000
   2.140000000000000  -0.147890000000000
   2.160000000000000  -1.041280000000000
   2.180000000000000  -1.427270000000000
   2.200000000000000  -1.269290000000000
   2.220000000000000  -0.725760000000000
   2.240000000000000   0.130930000000000
   2.260000000000000   0.456720000000000
   2.280000000000000  -0.188420000000000
   2.300000000000000  -0.830060000000000
   2.320000000000000  -0.184680000000000
   2.340000000000000   0.875050000000000
   2.360000000000000   1.044460000000000
   2.380000000000000   0.545940000000000
   2.400000000000000   0.170290000000000
   2.420000000000000  -0.067230000000000
   2.440000000000000  -0.574320000000000
   2.460000000000000  -0.871200000000000
   2.480000000000000  -0.703100000000000
   2.500000000000000  -0.502160000000000
   2.520000000000000  -0.384690000000000
   2.540000000000000  -0.246610000000000
   2.560000000000000   0.080150000000000
   2.580000000000000   0.247890000000000
   2.600000000000000  -0.121360000000000
   2.620000000000000  -0.876590000000000
   2.640000000000000  -1.481650000000000
   2.660000000000000  -1.199170000000000
   2.680000000000000  -0.171460000000000
   2.700000000000000   1.148760000000000
   2.720000000000000   1.928340000000000
   2.740000000000000   1.381590000000000
   2.760000000000000  -0.153340000000000
   2.780000000000000  -0.631500000000000
   2.800000000000000  -0.126240000000000
   2.820000000000000  -0.289190000000000
   2.840000000000000  -0.574960000000000
   2.860000000000000  -0.387480000000000
   2.880000000000000   0.235900000000000
   2.900000000000000   0.952160000000000
   2.920000000000000   1.345200000000000
   2.940000000000000   1.530020000000000
   2.960000000000000   1.415240000000000
   2.980000000000000   1.289390000000000
   3.000000000000000   1.264620000000000
   3.020000000000000   0.585110000000000
   3.040000000000000  -0.829900000000000
   3.060000000000000  -1.415650000000000
   3.080000000000000  -1.158120000000000
   3.100000000000000  -0.733210000000000
   3.120000000000000  -0.629270000000000
   3.140000000000000  -0.785110000000000
   3.160000000000000  -0.786100000000000
   3.180000000000000  -0.961130000000000
   3.200000000000000  -1.379180000000000
   3.220000000000000  -1.475530000000000
   3.240000000000000  -0.824620000000000
   3.260000000000000   0.069530000000000
   3.280000000000000   0.483150000000000
   3.300000000000000   0.674560000000000
   3.320000000000000   0.799050000000000
   3.340000000000000   0.820370000000000
   3.360000000000000   0.888400000000000
   3.380000000000000   0.915890000000000
   3.400000000000000   0.870730000000000
   3.420000000000000   0.729470000000000
   3.440000000000000   0.334390000000000
   3.460000000000000  -0.111140000000000
   3.480000000000000  -0.160540000000000
   3.500000000000000   0.157990000000000
   3.520000000000000   0.440300000000000
   3.540000000000000   0.407870000000000
   3.560000000000000   0.074570000000000
   3.580000000000000  -0.136190000000000
   3.600000000000000  -0.230900000000000
   3.620000000000000  -0.468240000000000
   3.640000000000000  -0.650210000000000
   3.660000000000000  -0.553140000000000
   3.680000000000000  -0.207400000000000
   3.700000000000000  -0.095580000000000
   3.720000000000000  -0.367400000000000
   3.740000000000000  -0.634890000000000
   3.760000000000000  -0.812770000000000
   3.780000000000000  -0.991140000000000
   3.800000000000000  -0.902590000000000
   3.820000000000000  -0.458600000000000
   3.840000000000000  -0.257960000000000
   3.860000000000000  -0.276080000000000
   3.880000000000000  -0.235180000000000
   3.900000000000000  -0.339900000000000
   3.920000000000000  -0.329370000000000
   3.940000000000000  -0.112310000000000
   3.960000000000000   0.137620000000000
   3.980000000000000   0.170740000000000
   4.000000000000000   0.001990000000000
   4.020000000000001  -0.061470000000000
   4.040000000000000   0.179300000000000
   4.060000000000001   0.600520000000000
   4.080000000000000   1.102430000000000
   4.100000000000000   1.513970000000000
   4.120000000000000   1.632020000000000
   4.140000000000000   1.402680000000000
   4.160000000000000   0.933900000000000
   4.180000000000000   0.242890000000000
   4.200000000000000  -0.268290000000000
   4.220000000000000  -0.415780000000000
   4.240000000000000  -0.673190000000000
   4.260000000000000  -0.819840000000000
   4.280000000000000  -0.783120000000000
   4.300000000000000  -0.755690000000000
   4.320000000000000  -0.797770000000000
   4.340000000000000  -0.703140000000000
   4.360000000000000  -0.319910000000000
   4.380000000000000   0.241790000000000
   4.400000000000000   0.577840000000000
   4.420000000000000   0.563610000000000
   4.440000000000000   0.452060000000000
   4.460000000000000  -0.133740000000000
   4.480000000000000  -0.992700000000000
   4.500000000000000  -1.153270000000000
   4.520000000000001  -0.852760000000000
   4.540000000000000  -0.172530000000000
   4.560000000000001   0.697560000000000
   4.580000000000000   1.336770000000000
   4.600000000000001   1.565620000000000
   4.620000000000000   1.434770000000000
   4.640000000000000   0.947890000000000
   4.660000000000000   0.267970000000000
   4.680000000000000  -0.041530000000000
   4.700000000000000   0.081890000000000
   4.720000000000000   0.341800000000000
   4.740000000000000   0.501810000000000
   4.760000000000000   0.164530000000000
   4.780000000000000  -0.373460000000000
   4.800000000000000  -0.596020000000000
   4.820000000000000  -0.691120000000000
   4.840000000000000  -0.808300000000000
   4.860000000000000  -0.812330000000000
   4.880000000000000  -0.819190000000000
   4.900000000000000  -0.742890000000000
   4.920000000000000  -0.619260000000000
   4.940000000000000  -0.446970000000000
   4.960000000000000  -0.246430000000000
   4.980000000000000  -0.080600000000000
   5.000000000000000  -0.061100000000000
   5.020000000000001  -0.250790000000000
   5.040000000000000  -0.421040000000000
   5.060000000000001  -0.380150000000000
   5.080000000000000  -0.219960000000000
   5.100000000000001   0.026650000000000
   5.120000000000000   0.175970000000000
   5.140000000000000   0.222740000000000
   5.160000000000000   0.304460000000000
   5.180000000000000   0.331730000000000
   5.200000000000000   0.208330000000000
   5.220000000000000   0.081960000000000
   5.240000000000000   0.147560000000000
   5.260000000000000   0.211280000000000
   5.280000000000000   0.196010000000000
   5.300000000000000   0.319550000000000
   5.320000000000000   0.548050000000000
   5.340000000000000   0.649280000000000
   5.360000000000000   0.665500000000000
   5.380000000000000   0.801200000000000
   5.400000000000000   0.870540000000000
   5.420000000000000   0.685380000000000
   5.440000000000000   0.214270000000000
   5.460000000000000  -0.241350000000000
   5.480000000000000  -0.417040000000000
   5.500000000000000  -0.380160000000000
   5.520000000000001  -0.288440000000000
   5.540000000000000  -0.323030000000000
   5.560000000000001  -0.498440000000000
   5.580000000000000  -0.641230000000000
   5.600000000000001  -0.636910000000000
   5.620000000000000  -0.529630000000000
   5.640000000000000  -0.500470000000000
   5.660000000000000  -0.492840000000000
   5.680000000000000  -0.316190000000000
   5.700000000000000   0.031630000000000
   5.720000000000000   0.269310000000000
   5.740000000000000   0.334580000000000
   5.760000000000000   0.375390000000000
   5.780000000000000   0.307230000000000
   5.800000000000000   0.104120000000000
   5.820000000000000  -0.152230000000000
   5.840000000000000  -0.337600000000000
   5.860000000000000  -0.506850000000000
   5.880000000000000  -0.508980000000000
   5.900000000000000  -0.288080000000000
   5.920000000000000  -0.069160000000000
   5.940000000000000  -0.098520000000000
   5.960000000000000  -0.427650000000000
   5.980000000000000  -0.789850000000000
   6.000000000000000  -0.864980000000000
   6.020000000000001  -0.672380000000000
   6.040000000000000  -0.147830000000000
   6.060000000000001   0.250120000000000
   6.080000000000000   0.449170000000000
   6.100000000000001   0.720020000000000
   6.120000000000000   0.866590000000000
   6.140000000000001   0.915090000000000
   6.160000000000000   0.903810000000000
   6.180000000000000   0.893350000000000
   6.200000000000000   0.853230000000000
   6.220000000000000   0.727740000000000
   6.240000000000000   0.513410000000000
   6.260000000000000   0.291750000000000
   6.280000000000000   0.102800000000000
   6.300000000000000  -0.075980000000000
   6.320000000000000  -0.249400000000000
   6.340000000000000  -0.409950000000000
   6.360000000000000  -0.603170000000000
   6.380000000000000  -0.871440000000000
   6.400000000000000  -1.087330000000000
   6.420000000000000  -0.974190000000000
   6.440000000000000  -0.491610000000000
   6.460000000000000  -0.050170000000000
   6.480000000000000  -0.042930000000000
   6.500000000000000   0.103140000000000
   6.520000000000001   0.434670000000000
   6.540000000000000   0.636140000000000
   6.560000000000001   0.572750000000000
   6.580000000000000   0.517970000000000
   6.600000000000001   0.463080000000000
   6.620000000000000   0.179910000000000
   6.640000000000001  -0.169630000000000
   6.660000000000000  -0.339280000000000
   6.680000000000000  -0.488500000000000
   6.700000000000000  -0.622660000000000
   6.720000000000000  -0.835030000000000
   6.740000000000000  -0.910070000000000
   6.760000000000000  -0.732980000000000
   6.780000000000000  -0.517920000000000
   6.800000000000000  -0.387200000000000
   6.820000000000000  -0.275660000000000
   6.840000000000000  -0.091080000000000
   6.860000000000000   0.219100000000000
   6.880000000000000   0.572560000000000
   6.900000000000000   0.868310000000000
   6.920000000000000   0.979210000000000
   6.940000000000000   0.930330000000000
   6.960000000000000   0.822940000000000
   6.980000000000000   0.748370000000000
   7.000000000000000   0.629410000000000
   7.020000000000001   0.395110000000000
   7.040000000000000   0.310570000000000
   7.060000000000001   0.263590000000000
   7.080000000000000   0.127280000000000
   7.100000000000001  -0.012570000000000
   7.120000000000000  -0.200100000000000
   7.140000000000001  -0.405520000000000
   7.160000000000000  -0.603660000000000
   7.180000000000000  -0.760410000000000
   7.200000000000000  -0.809570000000000
   7.220000000000000  -0.633770000000000
   7.240000000000000  -0.284120000000000
   7.260000000000000   0.062300000000000
   7.280000000000000   0.356240000000000
   7.300000000000000   0.459430000000000
   7.320000000000000   0.317060000000000
   7.340000000000000  -0.042390000000000
   7.360000000000000  -0.404430000000000
   7.380000000000000  -0.521160000000000
   7.400000000000000  -0.508110000000000
   7.420000000000000  -0.299020000000000
   7.440000000000000   0.067230000000000
   7.460000000000000   0.303080000000000
   7.480000000000000   0.337810000000000
   7.500000000000000   0.350720000000000
   7.520000000000001   0.335040000000000
   7.540000000000000   0.253400000000000
   7.560000000000001   0.101330000000000
   7.580000000000000  -0.070900000000000
   7.600000000000001  -0.162160000000000
   7.620000000000000  -0.129180000000000
   7.640000000000001  -0.182600000000000
   7.660000000000000  -0.315540000000000
   7.680000000000000  -0.399860000000000
   7.700000000000000  -0.400980000000000
   7.720000000000000  -0.357950000000000
   7.740000000000000  -0.318260000000000
   7.760000000000000  -0.176900000000000
   7.780000000000000  -0.003170000000000
   7.800000000000000   0.026980000000000
   7.820000000000000  -0.058500000000000
   7.840000000000000   0.013790000000000
   7.860000000000000   0.339190000000000
   7.880000000000000   0.447920000000000
   7.900000000000000   0.321740000000000
   7.920000000000000   0.327530000000000
   7.940000000000000   0.326660000000000
   7.960000000000000   0.149660000000000
   7.980000000000000  -0.199860000000000
   8.000000000000000  -0.406530000000000
   8.020000000000000  -0.402550000000000
   8.040000000000001  -0.369360000000000
   8.060000000000001  -0.346020000000000
   8.080000000000000  -0.327050000000000
   8.100000000000000  -0.332860000000000
   8.120000000000001  -0.369070000000000
   8.140000000000001  -0.411750000000000
   8.160000000000000  -0.438220000000000
   8.180000000000000  -0.410540000000000
   8.199999999999999  -0.274960000000000
   8.220000000000001  -0.024400000000000
   8.240000000000000   0.207360000000000
   8.260000000000000   0.361600000000000
   8.279999999999999   0.443400000000000
   8.300000000000001   0.372910000000000
   8.320000000000000   0.260650000000000
   8.340000000000000   0.253430000000000
   8.359999999999999   0.368790000000000
   8.380000000000001   0.543210000000000
   8.400000000000000   0.760150000000000
   8.420000000000000   0.858740000000000
   8.440000000000000   0.886230000000000
   8.460000000000001   0.895240000000000
   8.480000000000000   0.781600000000000
   8.500000000000000   0.516420000000000
   8.520000000000000   0.152310000000000
   8.540000000000001  -0.058450000000000
   8.560000000000001   0.006910000000000
   8.580000000000000   0.014840000000000
   8.600000000000000  -0.216780000000000
   8.620000000000001  -0.552830000000000
   8.640000000000001  -0.781540000000000
   8.660000000000000  -0.850140000000000
   8.680000000000000  -0.886300000000000
   8.700000000000001  -0.912700000000000
   8.720000000000001  -0.854490000000000
   8.740000000000000  -0.702430000000000
   8.760000000000000  -0.629640000000000
   8.779999999999999  -0.633660000000000
   8.800000000000001  -0.530390000000000
   8.820000000000000  -0.268700000000000
   8.840000000000000   0.012150000000000
   8.859999999999999   0.235470000000000
   8.880000000000001   0.359650000000000
   8.900000000000000   0.377550000000000
   8.920000000000000   0.412240000000000
   8.940000000000000   0.483670000000000
   8.960000000000001   0.617260000000000
   8.980000000000000   0.743500000000000
   9.000000000000000   0.746170000000000
   9.020000000000000   0.605280000000000
   9.040000000000001   0.420330000000000
   9.060000000000001   0.239130000000000
   9.080000000000000   0.106410000000000
   9.100000000000000   0.026350000000000
   9.120000000000001  -0.061170000000000
   9.140000000000001  -0.139490000000000
   9.160000000000000  -0.029590000000000
   9.180000000000000   0.172510000000000
   9.200000000000001   0.176810000000000
   9.220000000000001  -0.092940000000000
   9.240000000000000  -0.324340000000000
   9.260000000000000  -0.272740000000000
   9.279999999999999  -0.052610000000000
   9.300000000000001   0.110640000000000
   9.320000000000000   0.120580000000000
   9.340000000000000   0.073990000000000
   9.359999999999999   0.048800000000000
   9.380000000000001   0.044290000000000
   9.400000000000000   0.086430000000000
   9.420000000000000   0.142840000000000
   9.440000000000000   0.085860000000000
   9.460000000000001  -0.021300000000000
   9.480000000000000  -0.095090000000000
   9.500000000000000  -0.116710000000000
   9.520000000000000  -0.125310000000000
   9.540000000000001  -0.222890000000000
   9.560000000000001  -0.265530000000000
   9.580000000000000  -0.163570000000000
   9.600000000000000  -0.075830000000000
   9.620000000000001  -0.183290000000000
   9.640000000000001  -0.328310000000000
   9.660000000000000  -0.409490000000000
   9.680000000000000  -0.474930000000000
   9.700000000000001  -0.532470000000000
   9.720000000000001  -0.481960000000000
   9.740000000000000  -0.314830000000000
   9.760000000000000  -0.227900000000000
   9.779999999999999  -0.263950000000000
   9.800000000000001  -0.146810000000000
   9.820000000000000   0.154420000000000
   9.840000000000000   0.406820000000000
   9.859999999999999   0.447180000000000
   9.880000000000001   0.297000000000000
   9.900000000000000   0.184050000000000
   9.920000000000000   0.221920000000000
   9.940000000000000   0.309750000000000
   9.960000000000001   0.343210000000000
   9.980000000000000   0.356710000000000
  10.000000000000000   0.437210000000000
  10.020000000000000   0.577790000000000
  10.040000000000001   0.585990000000000
  10.060000000000000   0.490080000000000
  10.080000000000000   0.410250000000000
  10.100000000000000   0.317480000000000
  10.120000000000001   0.106700000000000
  10.140000000000001  -0.148290000000000
  10.160000000000000  -0.289330000000000
  10.180000000000000  -0.375430000000000
  10.200000000000001  -0.477130000000000
  10.220000000000001  -0.582450000000000
  10.240000000000000  -0.617910000000000
  10.260000000000000  -0.594290000000000
  10.279999999999999  -0.523270000000000
  10.300000000000001  -0.384040000000000
  10.320000000000000  -0.292530000000000
  10.340000000000000  -0.307360000000000
  10.359999999999999  -0.170250000000000
  10.380000000000001   0.067620000000000
  10.400000000000000   0.283150000000000
  10.420000000000000   0.399020000000000
  10.440000000000000   0.369090000000000
  10.460000000000001   0.326490000000000
  10.480000000000000   0.324360000000000
  10.500000000000000   0.279810000000000
  10.520000000000000   0.265300000000000
  10.540000000000001   0.333110000000000
  10.560000000000000   0.357890000000000
  10.580000000000000   0.300020000000000
  10.600000000000000   0.261660000000000
  10.620000000000001   0.244830000000000
  10.640000000000001   0.111140000000000
  10.660000000000000  -0.076900000000000
  10.680000000000000  -0.188880000000000
  10.700000000000001  -0.338740000000000
  10.720000000000001  -0.426630000000000
  10.740000000000000  -0.325880000000000
  10.760000000000000  -0.093540000000000
  10.779999999999999   0.011930000000000
  10.800000000000001  -0.075190000000000
  10.820000000000000  -0.210300000000000
  10.840000000000000  -0.189760000000000
  10.859999999999999   0.030330000000000
  10.880000000000001   0.154490000000000
  10.900000000000000   0.078700000000000
  10.920000000000000   0.114990000000000
  10.940000000000000   0.251510000000000
  10.960000000000001   0.415930000000000
  10.980000000000000   0.501100000000000
  11.000000000000000   0.525380000000000
  11.020000000000000   0.505080000000000
  11.040000000000001   0.458390000000000
  11.060000000000000   0.410830000000000
  11.080000000000000   0.336390000000000
  11.100000000000000   0.248880000000000
  11.120000000000001   0.148350000000000
  11.140000000000001  -0.000530000000000
  11.160000000000000  -0.185560000000000
  11.180000000000000  -0.278510000000000
  11.200000000000001  -0.319130000000000
  11.220000000000001  -0.386460000000000
  11.240000000000000  -0.470630000000000
  11.260000000000000  -0.394880000000000
  11.279999999999999  -0.221170000000000
  11.300000000000001  -0.122460000000000
  11.320000000000000  -0.136240000000000
  11.340000000000000  -0.238100000000000
  11.359999999999999  -0.342390000000000
  11.380000000000001  -0.383000000000000
  11.400000000000000  -0.411580000000000
  11.420000000000000  -0.418150000000000
  11.440000000000000  -0.337990000000000
  11.460000000000001  -0.175820000000000
  11.480000000000000  -0.075100000000000
  11.500000000000000  -0.087690000000000
  11.520000000000000  -0.134210000000000
  11.540000000000001  -0.113520000000000
  11.560000000000000   0.051830000000000
  11.580000000000000   0.237720000000000
  11.600000000000000   0.357020000000000
  11.620000000000001   0.389460000000000
  11.640000000000001   0.377200000000000
  11.660000000000000   0.397560000000000
  11.680000000000000   0.490070000000000
  11.700000000000001   0.615860000000000
  11.720000000000001   0.694220000000000
  11.740000000000000   0.713890000000000
  11.760000000000000   0.677830000000000
  11.779999999999999   0.569670000000000
  11.800000000000001   0.467270000000000
  11.820000000000000   0.370360000000000
  11.840000000000000   0.187110000000000
  11.859999999999999  -0.062150000000000
  11.880000000000001  -0.209260000000000
  11.900000000000000  -0.326080000000000
  11.920000000000000  -0.459140000000000
  11.940000000000000  -0.621630000000000
  11.960000000000001  -0.834590000000000
  11.980000000000000  -0.993190000000000
  12.000000000000000  -0.960170000000000
  12.020000000000000  -0.661370000000000
  12.040000000000001  -0.273850000000000
  12.060000000000000  -0.144970000000000
  12.080000000000000  -0.175640000000000
  12.100000000000000  -0.212130000000000
  12.120000000000001  -0.182010000000000
  12.140000000000001   0.013020000000000
  12.160000000000000   0.501910000000000
  12.180000000000000   0.982550000000000
  12.200000000000001   1.180230000000000
  12.220000000000001   1.192680000000000
  12.240000000000000   1.023300000000000
  12.260000000000000   0.900370000000000
  12.280000000000001   0.787430000000000
  12.300000000000001   0.584720000000000
  12.320000000000000   0.281920000000000
  12.340000000000000  -0.042090000000000
  12.359999999999999  -0.312400000000000
  12.380000000000001  -0.590970000000000
  12.400000000000000  -0.763620000000000
  12.420000000000000  -0.778950000000000
  12.440000000000000  -0.751420000000000
  12.460000000000001  -0.778890000000000
  12.480000000000000  -0.805430000000000
  12.500000000000000  -0.767840000000000
  12.520000000000000  -0.615240000000000
  12.540000000000001  -0.334710000000000
  12.560000000000000  -0.052690000000000
  12.580000000000000   0.142250000000000
  12.600000000000000   0.271630000000000
  12.620000000000001   0.405110000000000
  12.640000000000001   0.555560000000000
  12.660000000000000   0.705720000000000
  12.680000000000000   0.722630000000000
  12.700000000000001   0.586500000000000
  12.720000000000001   0.481830000000000
  12.740000000000000   0.261110000000000
  12.760000000000000  -0.119250000000000
  12.780000000000001  -0.468640000000000
  12.800000000000001  -0.672550000000000
  12.820000000000000  -0.788870000000000
  12.840000000000000  -0.831560000000000
  12.859999999999999  -0.770080000000000
  12.880000000000001  -0.567350000000000
  12.900000000000000  -0.277410000000000
  12.920000000000000   0.016630000000000
  12.940000000000000   0.159260000000000
  12.960000000000001   0.222750000000000
  12.980000000000000   0.306790000000000
  13.000000000000000   0.387950000000000
  13.020000000000000   0.460210000000000
  13.040000000000001   0.546430000000000
  13.060000000000000   0.702360000000000
  13.080000000000000   0.903830000000000
  13.100000000000000   1.038300000000000
  13.120000000000001   1.069070000000000
  13.140000000000001   0.995910000000000
  13.160000000000000   0.784450000000000
  13.180000000000000   0.613300000000000
  13.200000000000001   0.556990000000000
  13.220000000000001   0.407130000000000
  13.240000000000000   0.099950000000000
  13.260000000000000  -0.189210000000000
  13.280000000000001  -0.387330000000000
  13.300000000000001  -0.470650000000000
  13.320000000000000  -0.495110000000000
  13.340000000000000  -0.528910000000000
  13.359999999999999  -0.527410000000000
  13.380000000000001  -0.556380000000000
  13.400000000000000  -0.654520000000000
  13.420000000000000  -0.778190000000000
  13.440000000000000  -0.853160000000000
  13.460000000000001  -0.809660000000000
  13.480000000000000  -0.531780000000000
  13.500000000000000  -0.095030000000000
  13.520000000000000   0.128620000000000
  13.540000000000001   0.081360000000000
  13.560000000000000  -0.009010000000000
  13.580000000000000  -0.046370000000000
  13.600000000000000  -0.049390000000000
  13.620000000000001  -0.099260000000000
  13.640000000000001  -0.181450000000000
  13.660000000000000  -0.226810000000000
  13.680000000000000  -0.238830000000000
  13.700000000000001  -0.282300000000000
  13.720000000000001  -0.409020000000000
  13.740000000000000  -0.546880000000000
  13.760000000000000  -0.609030000000000
  13.780000000000001  -0.530010000000000
  13.800000000000001  -0.385040000000000
  13.820000000000000  -0.282920000000000
  13.840000000000000  -0.227340000000000
  13.859999999999999  -0.109940000000000
  13.880000000000001   0.031010000000000
  13.900000000000000   0.115430000000000
  13.920000000000000   0.148920000000000
  13.940000000000000   0.208740000000000
  13.960000000000001   0.261250000000000
  13.980000000000000   0.267920000000000
  14.000000000000000   0.285890000000000
  14.020000000000000   0.410380000000000
  14.040000000000001   0.596780000000000
  14.060000000000000   0.708540000000000
  14.080000000000000   0.679050000000000
  14.100000000000000   0.499220000000000
  14.120000000000001   0.279420000000000
  14.140000000000001   0.242700000000000
  14.160000000000000   0.295880000000000
  14.180000000000000   0.316970000000000
  14.200000000000001   0.282880000000000
  14.220000000000001   0.273650000000000
  14.240000000000000   0.361340000000000
  14.260000000000000   0.414670000000000
  14.280000000000001   0.307270000000000
  14.300000000000001   0.110780000000000
  14.320000000000000  -0.043510000000000
  14.340000000000000  -0.194600000000000
  14.359999999999999  -0.360900000000000
  14.380000000000001  -0.482930000000000
  14.400000000000000  -0.529200000000000
  14.420000000000000  -0.484270000000000
  14.440000000000000  -0.322590000000000
  14.460000000000001  -0.182910000000000
  14.480000000000000  -0.135970000000000
  14.500000000000000  -0.085060000000000
  14.520000000000000  -0.039550000000000
  14.540000000000001  -0.035000000000000
  14.560000000000000  -0.125910000000000
  14.580000000000000  -0.231400000000000
  14.600000000000000  -0.262880000000000
  14.620000000000001  -0.255650000000000
  14.640000000000001  -0.229880000000000
  14.660000000000000  -0.220620000000000
  14.680000000000000  -0.229380000000000
  14.700000000000001  -0.232990000000000
  14.720000000000001  -0.249380000000000
  14.740000000000000  -0.286350000000000
  14.760000000000000  -0.332680000000000
  14.780000000000001  -0.389310000000000
  14.800000000000001  -0.423050000000000
  14.820000000000000  -0.322850000000000
  14.840000000000000  -0.071010000000000
  14.859999999999999   0.219960000000000
  14.880000000000001   0.510710000000000
  14.900000000000000   0.748240000000000
  14.920000000000000   0.844550000000000
  14.940000000000000   0.905740000000000
  14.960000000000001   0.966700000000000
  14.980000000000000   0.981950000000000
  15.000000000000000   0.859400000000000
  15.020000000000000   0.505320000000000
  15.040000000000001   0.106440000000000
  15.060000000000000  -0.099430000000000
  15.080000000000000  -0.218890000000000
  15.100000000000000  -0.364930000000000
  15.120000000000001  -0.519270000000000
  15.140000000000001  -0.593050000000000
  15.160000000000000  -0.615440000000000
  15.180000000000000  -0.630510000000000
  15.200000000000001  -0.649390000000000
  15.220000000000001  -0.641420000000000
  15.240000000000000  -0.607340000000000
  15.260000000000000  -0.540490000000000
  15.280000000000001  -0.350090000000000
  15.300000000000001   0.008000000000000
  15.320000000000000   0.287110000000000
  15.340000000000000   0.458300000000000
  15.359999999999999   0.566560000000000
  15.380000000000001   0.580390000000000
  15.400000000000000   0.538170000000000
  15.420000000000000   0.448700000000000
  15.440000000000000   0.346110000000000
  15.460000000000001   0.274770000000000
  15.480000000000000   0.188450000000000
  15.500000000000000   0.004980000000000
  15.520000000000000  -0.173010000000000
  15.540000000000001  -0.199120000000000
  15.560000000000000  -0.136310000000000
  15.580000000000000  -0.164990000000000
  15.600000000000000  -0.313650000000000
  15.620000000000001  -0.488400000000000
  15.640000000000001  -0.566840000000000
  15.660000000000000  -0.564500000000000
  15.680000000000000  -0.526730000000000
  15.700000000000001  -0.417660000000000
  15.720000000000001  -0.215940000000000
  15.740000000000000   0.129140000000000
  15.760000000000000   0.426570000000000
  15.780000000000001   0.522850000000000
  15.800000000000001   0.502560000000000
  15.820000000000000   0.400510000000000
  15.840000000000000   0.331340000000000
  15.860000000000001   0.351820000000000
  15.880000000000001   0.393400000000000
  15.900000000000000   0.327150000000000
  15.920000000000000   0.234760000000000
  15.940000000000000   0.176240000000000
  15.960000000000001   0.165400000000000
  15.980000000000000   0.261390000000000
  16.000000000000000   0.422910000000000
  16.020000000000000   0.453390000000000
  16.039999999999999   0.312320000000000
  16.059999999999999   0.025380000000000
  16.080000000000002  -0.296660000000000
  16.100000000000001  -0.502060000000000
  16.120000000000001  -0.597350000000000
  16.140000000000001  -0.603570000000000
  16.160000000000000  -0.514050000000000
  16.180000000000000  -0.389160000000000
  16.199999999999999  -0.324240000000000
  16.219999999999999  -0.308620000000000
  16.240000000000002  -0.230680000000000
  16.260000000000002  -0.062970000000000
  16.280000000000001   0.088860000000000
  16.300000000000001   0.150310000000000
  16.320000000000000   0.190380000000000
  16.340000000000000   0.217910000000000
  16.359999999999999   0.242300000000000
  16.379999999999999   0.276720000000000
  16.399999999999999   0.348340000000000
  16.420000000000002   0.434200000000000
  16.440000000000001   0.482390000000000
  16.460000000000001   0.385500000000000
  16.480000000000000   0.080930000000000
  16.500000000000000  -0.210730000000000
  16.520000000000000  -0.283850000000000
  16.539999999999999  -0.273860000000000
  16.559999999999999  -0.190990000000000
  16.580000000000002  -0.130120000000000
  16.600000000000001  -0.114220000000000
  16.620000000000001  -0.102060000000000
  16.640000000000001  -0.061190000000000
  16.660000000000000   0.010120000000000
  16.680000000000000   0.030520000000000
  16.699999999999999  -0.035990000000000
  16.719999999999999  -0.124060000000000
  16.740000000000002  -0.185330000000000
  16.760000000000002  -0.157150000000000
  16.780000000000001  -0.044580000000000
  16.800000000000001   0.092610000000000
  16.820000000000000   0.210670000000000
  16.840000000000000   0.278830000000000
  16.859999999999999   0.302320000000000
  16.879999999999999   0.265550000000000
  16.899999999999999   0.242900000000000
  16.920000000000002   0.235590000000000
  16.940000000000001   0.244830000000000
  16.960000000000001   0.264050000000000
  16.980000000000000   0.287320000000000
  17.000000000000000   0.272390000000000
  17.020000000000000   0.220340000000000
  17.039999999999999   0.163420000000000
  17.059999999999999   0.124950000000000
  17.080000000000002   0.102990000000000
  17.100000000000001   0.075630000000000
  17.120000000000001   0.007930000000000
  17.140000000000001  -0.131130000000000
  17.160000000000000  -0.258410000000000
  17.180000000000000  -0.301000000000000
  17.199999999999999  -0.274290000000000
  17.219999999999999  -0.206940000000000
  17.240000000000002  -0.160070000000000
  17.260000000000002  -0.156080000000000
  17.280000000000001  -0.210750000000000
  17.300000000000001  -0.301150000000000
  17.320000000000000  -0.396510000000000
  17.340000000000000  -0.449250000000000
  17.359999999999999  -0.460420000000000
  17.379999999999999  -0.483680000000000
  17.400000000000002  -0.492900000000000
  17.420000000000002  -0.395110000000000
  17.440000000000001  -0.181340000000000
  17.460000000000001   0.062610000000000
  17.480000000000000   0.244330000000000
  17.500000000000000   0.362680000000000
  17.520000000000000   0.447030000000000
  17.539999999999999   0.509220000000000
  17.559999999999999   0.512720000000000
  17.580000000000002   0.373750000000000
  17.600000000000001   0.185080000000000
  17.620000000000001   0.115040000000000
  17.640000000000001   0.108280000000000
  17.660000000000000   0.049930000000000
  17.680000000000000  -0.046510000000000
  17.699999999999999  -0.094850000000000
  17.719999999999999  -0.112630000000000
  17.740000000000002  -0.163810000000000
  17.760000000000002  -0.274590000000000
  17.780000000000001  -0.413190000000000
  17.800000000000001  -0.482780000000000
  17.820000000000000  -0.466230000000000
  17.840000000000000  -0.410020000000000
  17.859999999999999  -0.330600000000000
  17.879999999999999  -0.203310000000000
  17.900000000000002  -0.075950000000000
  17.920000000000002   0.024210000000000
  17.940000000000001   0.103200000000000
  17.960000000000001   0.123030000000000
  17.980000000000000   0.137810000000000
  18.000000000000000   0.226620000000000
  18.020000000000000   0.337900000000000
  18.039999999999999   0.370870000000000
  18.059999999999999   0.325600000000000
  18.080000000000002   0.271650000000000
  18.100000000000001   0.203170000000000
  18.120000000000001   0.114370000000000
  18.140000000000001  -0.001280000000000
  18.160000000000000  -0.146540000000000
  18.180000000000000  -0.287330000000000
  18.199999999999999  -0.345520000000000
  18.219999999999999  -0.341610000000000
  18.240000000000002  -0.256890000000000
  18.260000000000002  -0.100020000000000
  18.280000000000001   0.039730000000000
  18.300000000000001   0.114210000000000
  18.320000000000000   0.156970000000000
  18.340000000000000   0.164360000000000
  18.359999999999999   0.103640000000000
  18.379999999999999  -0.001310000000000
  18.400000000000002  -0.049710000000000
  18.420000000000002  -0.040850000000000
  18.440000000000001  -0.037180000000000
  18.460000000000001  -0.059420000000000
  18.480000000000000  -0.066390000000000
  18.500000000000000  -0.019350000000000
  18.520000000000000   0.009400000000000
  18.539999999999999  -0.038940000000000
  18.559999999999999  -0.100960000000000
  18.580000000000002  -0.154130000000000
  18.600000000000001  -0.204500000000000
  18.620000000000001  -0.233150000000000
  18.640000000000001  -0.180030000000000
  18.660000000000000  -0.065400000000000
  18.680000000000000   0.045050000000000
  18.699999999999999   0.129140000000000
  18.719999999999999   0.180640000000000
  18.740000000000002   0.163160000000000
  18.760000000000002   0.122750000000000
  18.780000000000001   0.082570000000000
  18.800000000000001   0.040980000000000
  18.820000000000000   0.006460000000000
  18.840000000000000  -0.022910000000000
  18.859999999999999  -0.017280000000000
  18.879999999999999   0.028180000000000
  18.900000000000002   0.047790000000000
  18.920000000000002   0.039610000000000
  18.940000000000001  -0.011190000000000
  18.960000000000001  -0.120340000000000
  18.980000000000000  -0.219410000000000
  19.000000000000000  -0.237770000000000
  19.020000000000000  -0.194710000000000
  19.039999999999999  -0.138840000000000
  19.059999999999999  -0.043990000000000
  19.080000000000002   0.088400000000000
  19.100000000000001   0.174650000000000
  19.120000000000001   0.241030000000000
  19.140000000000001   0.285250000000000
  19.160000000000000   0.293400000000000
  19.180000000000000   0.259290000000000
  19.199999999999999   0.226120000000000
  19.219999999999999   0.193720000000000
  19.240000000000002   0.156480000000000
  19.260000000000002   0.117140000000000
  19.280000000000001   0.103350000000000
  19.300000000000001   0.123590000000000
  19.320000000000000   0.132440000000000
  19.340000000000000   0.093640000000000
  19.359999999999999   0.014940000000000
  19.379999999999999  -0.102310000000000
  19.400000000000002  -0.227600000000000
  19.420000000000002  -0.330210000000000
  19.440000000000001  -0.403010000000000
  19.460000000000001  -0.442480000000000
  19.480000000000000  -0.447670000000000
  19.500000000000000  -0.415890000000000
  19.520000000000000  -0.362270000000000
  19.539999999999999  -0.306020000000000
  19.559999999999999  -0.244890000000000
  19.580000000000002  -0.190060000000000
  19.600000000000001  -0.132180000000000
  19.620000000000001  -0.073940000000000
  19.640000000000001  -0.023610000000000
  19.660000000000000   0.011170000000000
  19.680000000000000   0.064940000000000
  19.699999999999999   0.174450000000000
  19.719999999999999   0.317810000000000
  19.740000000000002   0.452310000000000
  19.760000000000002   0.526230000000000
  19.780000000000001   0.560900000000000
  19.800000000000001   0.545600000000000
  19.820000000000000   0.465720000000000
  19.840000000000000   0.344330000000000
  19.859999999999999   0.207460000000000
  19.879999999999999   0.119430000000000
  19.900000000000002   0.042420000000000
  19.920000000000002  -0.003300000000000
  19.940000000000001  -0.003310000000000
  19.960000000000001   0.002270000000000
  19.980000000000000  -0.017630000000000
  20.000000000000000  -0.038470000000000
  20.020000000000000  -0.076890000000000
  20.039999999999999  -0.152380000000000
  20.059999999999999  -0.212410000000000
  20.080000000000002  -0.230170000000000
  20.100000000000001  -0.211570000000000
  20.120000000000001  -0.185540000000000
  20.140000000000001  -0.178230000000000
  20.160000000000000  -0.166680000000000
  20.180000000000000  -0.155450000000000
  20.199999999999999  -0.153990000000000
  20.219999999999999  -0.153760000000000
  20.240000000000002  -0.146140000000000
  20.260000000000002  -0.146500000000000
  20.280000000000001  -0.155750000000000
  20.300000000000001  -0.126640000000000
  20.320000000000000  -0.053930000000000
  20.340000000000000  -0.014640000000000
  20.359999999999999  -0.006850000000000
  20.379999999999999   0.010020000000000
  20.400000000000002   0.042430000000000
  20.420000000000002   0.052080000000000
  20.440000000000001   0.023060000000000
  20.460000000000001  -0.013450000000000
  20.480000000000000  -0.050730000000000
  20.500000000000000  -0.082380000000000
  20.520000000000000  -0.097510000000000
  20.539999999999999  -0.100980000000000
  20.559999999999999  -0.087590000000000
  20.580000000000002  -0.067130000000000
  20.600000000000001  -0.026460000000000
  20.620000000000001   0.030020000000000
  20.640000000000001   0.075260000000000
  20.660000000000000   0.054080000000000
  20.680000000000000  -0.018860000000000
  20.699999999999999  -0.083060000000000
  20.719999999999999  -0.089800000000000
  20.740000000000002  -0.031960000000000
  20.760000000000002   0.025690000000000
  20.780000000000001   0.051870000000000
  20.800000000000001   0.108160000000000
  20.820000000000000   0.162750000000000
  20.840000000000000   0.140940000000000
  20.859999999999999   0.097910000000000
  20.879999999999999   0.065970000000000
  20.900000000000002   0.035250000000000
  20.920000000000002   0.038430000000000
  20.940000000000001   0.099360000000000
  20.960000000000001   0.160830000000000
  20.980000000000000   0.171030000000000
  21.000000000000000   0.167350000000000
  21.020000000000000   0.175640000000000
  21.039999999999999   0.172490000000000
  21.059999999999999   0.124030000000000
  21.080000000000002   0.032320000000000
  21.100000000000001  -0.052890000000000
  21.120000000000001  -0.119780000000000
  21.140000000000001  -0.170240000000000
  21.160000000000000  -0.212100000000000
  21.180000000000000  -0.240850000000000
  21.199999999999999  -0.230690000000000
  21.219999999999999  -0.146890000000000
  21.240000000000002  -0.083440000000000
  21.260000000000002  -0.072580000000000
  21.280000000000001  -0.067190000000000
  21.300000000000001  -0.056540000000000
  21.320000000000000  -0.044680000000000
  21.340000000000000  -0.024270000000000
  21.359999999999999   0.028680000000000
  21.379999999999999   0.097530000000000
  21.400000000000002   0.135550000000000
  21.420000000000002   0.168030000000000
  21.440000000000001   0.191140000000000
  21.460000000000001   0.202150000000000
  21.480000000000000   0.155520000000000
  21.500000000000000   0.039770000000000
  21.520000000000000  -0.092490000000000
  21.539999999999999  -0.153610000000000
  21.559999999999999  -0.163640000000000
  21.580000000000002  -0.162750000000000
  21.600000000000001  -0.158330000000000
  21.620000000000001  -0.127380000000000
  21.640000000000001  -0.050770000000000
  21.660000000000000   0.023380000000000
  21.680000000000000   0.083690000000000
  21.699999999999999   0.086170000000000
  21.719999999999999   0.034410000000000
  21.740000000000002  -0.003170000000000
  21.760000000000002  -0.021090000000000
  21.780000000000001  -0.029490000000000
  21.800000000000001  -0.031590000000000
  21.820000000000000  -0.030380000000000
  21.840000000000000  -0.031050000000000
  21.859999999999999  -0.032710000000000
  21.879999999999999  -0.035850000000000
  21.900000000000002  -0.043920000000000
  21.920000000000002  -0.051680000000000
  21.940000000000001  -0.012240000000000
  21.960000000000001   0.085200000000000
  21.980000000000000   0.157510000000000
  22.000000000000000   0.186260000000000
  22.020000000000000   0.174350000000000
  22.039999999999999   0.162800000000000
  22.059999999999999   0.146510000000000
  22.080000000000002   0.126480000000000
  22.100000000000001   0.100610000000000
  22.120000000000001   0.058630000000000
  22.140000000000001  -0.011780000000000
  22.160000000000000  -0.108160000000000
  22.180000000000000  -0.161130000000000
  22.199999999999999  -0.162980000000000
  22.219999999999999  -0.124520000000000
  22.240000000000002  -0.074880000000000
  22.260000000000002   0.007050000000000
  22.280000000000001   0.094370000000000
  22.300000000000001   0.098000000000000
  22.320000000000000  -0.000330000000000
  22.340000000000000  -0.127470000000000
  22.359999999999999  -0.183480000000000
  22.379999999999999  -0.150900000000000
  22.400000000000002  -0.126910000000000
  22.420000000000002  -0.111310000000000
  22.440000000000001  -0.096130000000000
  22.460000000000001  -0.076860000000000
  22.480000000000000  -0.055880000000000
  22.500000000000000  -0.025890000000000
  22.520000000000000   0.042950000000000
  22.539999999999999   0.131840000000000
  22.559999999999999   0.198610000000000
  22.580000000000002   0.251220000000000
  22.600000000000001   0.277290000000000
  22.620000000000001   0.255070000000000
  22.640000000000001   0.219270000000000
  22.660000000000000   0.206010000000000
  22.680000000000000   0.199170000000000
  22.699999999999999   0.170570000000000
  22.719999999999999   0.071650000000000
  22.740000000000002  -0.046530000000000
  22.760000000000002  -0.128230000000000
  22.780000000000001  -0.164290000000000
  22.800000000000001  -0.179840000000000
  22.820000000000000  -0.194020000000000
  22.840000000000000  -0.199260000000000
  22.859999999999999  -0.156240000000000
  22.879999999999999  -0.083310000000000
  22.900000000000002  -0.026710000000000
  22.920000000000002  -0.022410000000000
  22.940000000000001  -0.042770000000000
  22.960000000000001  -0.048140000000000
  22.980000000000000  -0.050940000000000
  23.000000000000000  -0.052020000000000
  23.020000000000000  -0.054900000000000
  23.039999999999999  -0.055080000000000
  23.059999999999999  -0.045880000000000
  23.080000000000002  -0.026720000000000
  23.100000000000001  -0.008910000000000
  23.120000000000001   0.008970000000000
  23.140000000000001   0.027550000000000
  23.160000000000000   0.050510000000000
  23.180000000000000   0.077900000000000
  23.199999999999999   0.104860000000000
  23.219999999999999   0.133570000000000
  23.240000000000002   0.158350000000000
  23.260000000000002   0.170140000000000
  23.280000000000001   0.145230000000000
  23.300000000000001   0.084210000000000
  23.320000000000000   0.015550000000000
  23.340000000000000  -0.035410000000000
  23.359999999999999  -0.058520000000000
  23.379999999999999  -0.035900000000000
  23.400000000000002  -0.001680000000000
  23.420000000000002   0.030500000000000
  23.440000000000001   0.057640000000000
  23.460000000000001   0.081300000000000
  23.480000000000000   0.104410000000000
  23.500000000000000   0.123280000000000
  23.520000000000000   0.139410000000000
  23.539999999999999   0.145010000000000
  23.559999999999999   0.135310000000000
  23.580000000000002   0.119750000000000
  23.600000000000001   0.093700000000000
  23.620000000000001   0.065090000000000
  23.640000000000001   0.037580000000000
  23.660000000000000   0.020700000000000
  23.680000000000000   0.006310000000000
  23.699999999999999  -0.023220000000000
  23.719999999999999  -0.066160000000000
  23.740000000000002  -0.094650000000000
  23.760000000000002  -0.105760000000000
  23.780000000000001  -0.104140000000000
  23.800000000000001  -0.079650000000000
  23.820000000000000  -0.055040000000000
  23.840000000000000  -0.049650000000000
  23.859999999999999  -0.073880000000000
  23.879999999999999  -0.100250000000000
  23.900000000000002  -0.122200000000000
  23.920000000000002  -0.120080000000000
  23.940000000000001  -0.091220000000000
  23.960000000000001  -0.076210000000000
  23.980000000000000  -0.083070000000000
  24.000000000000000  -0.086200000000000
  24.020000000000000  -0.079480000000000
  24.039999999999999  -0.096990000000000
  24.060000000000002  -0.160700000000000
  24.080000000000002  -0.201520000000000
  24.100000000000001  -0.161200000000000
  24.120000000000001  -0.095730000000000
  24.140000000000001  -0.038720000000000
  24.160000000000000  -0.008880000000000
  24.180000000000000  -0.025790000000000
  24.199999999999999  -0.040750000000000
  24.219999999999999  -0.059050000000000
  24.240000000000002  -0.077630000000000
  24.260000000000002  -0.096070000000000
  24.280000000000001  -0.113090000000000
  24.300000000000001  -0.128330000000000
  24.320000000000000  -0.136320000000000
  24.340000000000000  -0.124410000000000
  24.359999999999999  -0.083730000000000
  24.379999999999999  -0.040220000000000
  24.400000000000002   0.006370000000000
  24.420000000000002   0.054250000000000
  24.440000000000001   0.103400000000000
  24.460000000000001   0.140950000000000
  24.480000000000000   0.134660000000000
  24.500000000000000   0.102910000000000
  24.520000000000000   0.070280000000000
  24.539999999999999   0.050260000000000
  24.560000000000002   0.093430000000000
  24.580000000000002   0.162160000000000
  24.600000000000001   0.199210000000000
  24.620000000000001   0.164890000000000
  24.640000000000001   0.103790000000000
  24.660000000000000   0.073420000000000
  24.680000000000000   0.085230000000000
  24.699999999999999   0.132740000000000
  24.719999999999999   0.172530000000000
  24.740000000000002   0.209790000000000
  24.760000000000002   0.229280000000000
  24.780000000000001   0.221200000000000
  24.800000000000001   0.191130000000000
  24.820000000000000   0.171200000000000
  24.840000000000000   0.180840000000000
  24.859999999999999   0.211720000000000
  24.879999999999999   0.230130000000000
  24.900000000000002   0.216430000000000
  24.920000000000002   0.168120000000000
  24.940000000000001   0.115890000000000
  24.960000000000001   0.058720000000000
  24.980000000000000   0.018560000000000
  25.000000000000000  -0.013650000000000
  25.020000000000000  -0.048110000000000
  25.039999999999999  -0.082130000000000
  25.060000000000002  -0.112970000000000
  25.080000000000002  -0.129500000000000
  25.100000000000001  -0.118690000000000
  25.120000000000001  -0.115510000000000
  25.140000000000001  -0.142080000000000
  25.160000000000000  -0.175360000000000
  25.180000000000000  -0.203570000000000
  25.199999999999999  -0.215030000000000
  25.219999999999999  -0.203710000000000
  25.240000000000002  -0.187650000000000
  25.260000000000002  -0.163360000000000
  25.280000000000001  -0.142320000000000
  25.300000000000001  -0.130080000000000
  25.320000000000000  -0.127360000000000
  25.340000000000000  -0.123440000000000
  25.359999999999999  -0.097880000000000
  25.379999999999999  -0.058660000000000
  25.400000000000002  -0.056980000000000
  25.420000000000002  -0.107310000000000
  25.440000000000001  -0.127810000000000
  25.460000000000001  -0.107150000000000
  25.480000000000000  -0.074270000000000
  25.500000000000000  -0.048300000000000
  25.520000000000000  -0.021080000000000
  25.539999999999999   0.003820000000000
  25.560000000000002   0.010990000000000
  25.580000000000002  -0.015300000000000
  25.600000000000001  -0.040250000000000
  25.620000000000001  -0.058880000000000
  25.640000000000001  -0.077340000000000
  25.660000000000000  -0.088600000000000
  25.680000000000000  -0.074040000000000
  25.699999999999999  -0.051760000000000
  25.719999999999999  -0.051780000000000
  25.740000000000002  -0.057260000000000
  25.760000000000002  -0.040260000000000
  25.780000000000001  -0.012030000000000
  25.800000000000001   0.011010000000000
  25.820000000000000   0.030290000000000
  25.840000000000000   0.045200000000000
  25.859999999999999   0.055110000000000
  25.879999999999999   0.052880000000000
  25.900000000000002   0.030840000000000
  25.920000000000002   0.004490000000000
  25.940000000000001  -0.021250000000000
  25.960000000000001  -0.020440000000000
  25.980000000000000   0.012730000000000
  26.000000000000000   0.041810000000000
  26.020000000000000   0.049310000000000
  26.039999999999999   0.035040000000000
  26.060000000000002   0.026630000000000
  26.080000000000002   0.034450000000000
  26.100000000000001   0.051880000000000
  26.120000000000001   0.058110000000000
  26.140000000000001   0.045610000000000
  26.160000000000000   0.025800000000000
  26.180000000000000   0.008310000000000
  26.199999999999999   0.005980000000000
  26.219999999999999   0.030570000000000
  26.240000000000002   0.039530000000000
  26.260000000000002   0.037180000000000
  26.280000000000001   0.070790000000000
  26.300000000000001   0.118490000000000
  26.320000000000000   0.162970000000000
  26.340000000000000   0.202720000000000
  26.359999999999999   0.231840000000000
  26.379999999999999   0.252140000000000
  26.400000000000002   0.253050000000000
  26.420000000000002   0.235010000000000
  26.440000000000001   0.211490000000000
  26.460000000000001   0.182040000000000
  26.480000000000000   0.153160000000000
  26.500000000000000   0.123230000000000
  26.520000000000000   0.096580000000000
  26.539999999999999   0.071600000000000
  26.560000000000002   0.044160000000000
  26.580000000000002   0.010960000000000
  26.600000000000001  -0.029680000000000
  26.620000000000001  -0.078400000000000
  26.640000000000001  -0.102330000000000
  26.660000000000000  -0.095780000000000
  26.680000000000000  -0.064270000000000
  26.699999999999999  -0.022280000000000
  26.719999999999999   0.024300000000000
  26.740000000000002   0.053350000000000
  26.760000000000002   0.062380000000000
  26.780000000000001   0.051210000000000
  26.800000000000001   0.036990000000000
  26.820000000000000   0.024130000000000
  26.840000000000000   0.005820000000000
  26.859999999999999  -0.020500000000000
  26.879999999999999  -0.048110000000000
  26.900000000000002  -0.077070000000000
  26.920000000000002  -0.104670000000000
  26.940000000000001  -0.130840000000000
  26.960000000000001  -0.153040000000000
  26.980000000000000  -0.165640000000000
  27.000000000000000  -0.171270000000000
  27.020000000000000  -0.167620000000000
  27.039999999999999  -0.154920000000000
  27.060000000000002  -0.139590000000000
  27.080000000000002  -0.101070000000000
  27.100000000000001  -0.041450000000000
  27.120000000000001   0.033050000000000
  27.140000000000001   0.096820000000000
  27.160000000000000   0.138930000000000
  27.180000000000000   0.162500000000000
  27.199999999999999   0.161810000000000
  27.219999999999999   0.141890000000000
  27.240000000000002   0.115110000000000
  27.260000000000002   0.075370000000000
  27.280000000000001   0.032380000000000
  27.300000000000001  -0.014280000000000
  27.320000000000000  -0.054670000000000
  27.340000000000000  -0.083450000000000
  27.359999999999999  -0.095540000000000
  27.379999999999999  -0.089760000000000
  27.400000000000002  -0.083800000000000
  27.420000000000002  -0.075580000000000
  27.440000000000001  -0.068540000000000
  27.460000000000001  -0.060370000000000
  27.480000000000000  -0.028130000000000
  27.500000000000000   0.026910000000000
  27.520000000000000   0.041260000000000
  27.539999999999999   0.045010000000000
  27.560000000000002   0.053500000000000
  27.580000000000002   0.063030000000000
  27.600000000000001   0.073940000000000
  27.620000000000001   0.082720000000000
  27.640000000000001   0.075390000000000
  27.660000000000000   0.048740000000000
  27.680000000000000   0.033900000000000
  27.699999999999999   0.041930000000000
  27.719999999999999   0.053040000000000
  27.740000000000002   0.055010000000000
  27.760000000000002   0.031040000000000
  27.780000000000001  -0.001180000000000
  27.800000000000001  -0.009420000000000
  27.820000000000000   0.006620000000000
  27.840000000000000   0.013720000000000
  27.859999999999999   0.007860000000000
  27.879999999999999   0.006850000000000
  27.900000000000002   0.017270000000000
  27.920000000000002   0.038720000000000
  27.940000000000001   0.065430000000000
  27.960000000000001   0.071490000000000
  27.980000000000000   0.071990000000000
  28.000000000000000   0.078100000000000
  28.020000000000000   0.087180000000000
  28.039999999999999   0.106510000000000
  28.060000000000002   0.132750000000000
  28.080000000000002   0.141180000000000
  28.100000000000001   0.122380000000000
  28.120000000000001   0.099220000000000
  28.140000000000001   0.070350000000000
  28.160000000000000   0.036530000000000
  28.180000000000000  -0.003610000000000
  28.199999999999999  -0.049500000000000
  28.219999999999999  -0.093750000000000
  28.240000000000002  -0.135120000000000
  28.260000000000002  -0.166080000000000
  28.280000000000001  -0.177340000000000
  28.300000000000001  -0.172360000000000
  28.320000000000000  -0.136110000000000
  28.340000000000000  -0.090640000000000
  28.359999999999999  -0.058010000000000
  28.379999999999999  -0.056340000000000
  28.400000000000002  -0.073370000000000
  28.420000000000002  -0.075610000000000
  28.440000000000001  -0.074950000000000
  28.460000000000001  -0.075800000000000
  28.480000000000000  -0.092180000000000
  28.500000000000000  -0.130550000000000
  28.520000000000000  -0.158170000000000
  28.539999999999999  -0.174060000000000
  28.560000000000002  -0.183820000000000
  28.580000000000002  -0.182970000000000
  28.600000000000001  -0.183030000000000
  28.620000000000001  -0.177170000000000
  28.640000000000001  -0.148090000000000
  28.660000000000000  -0.108330000000000
  28.680000000000000  -0.081020000000000
  28.699999999999999  -0.075960000000000
  28.719999999999999  -0.073340000000000
  28.740000000000002  -0.049510000000000
  28.760000000000002  -0.023820000000000
  28.780000000000001  -0.014390000000000
  28.800000000000001  -0.032820000000000
  28.820000000000000  -0.052280000000000
  28.840000000000000  -0.055440000000000
  28.859999999999999  -0.043770000000000
  28.879999999999999  -0.033200000000000
  28.900000000000002  -0.022420000000000
  28.920000000000002  -0.011940000000000
  28.940000000000001  -0.002890000000000
  28.960000000000001   0.001390000000000
  28.980000000000000   0.011180000000000
  29.000000000000000   0.045200000000000
  29.020000000000000   0.086700000000000
  29.039999999999999   0.118980000000000
  29.060000000000002   0.139800000000000
  29.080000000000002   0.123760000000000
  29.100000000000001   0.096380000000000
  29.120000000000001   0.078850000000000
  29.140000000000001   0.064350000000000
  29.160000000000000   0.056960000000000
  29.180000000000000   0.058440000000000
  29.199999999999999   0.078450000000000
  29.219999999999999   0.105700000000000
  29.240000000000002   0.108620000000000
  29.260000000000002   0.075260000000000
  29.280000000000001   0.042170000000000
  29.300000000000001   0.025000000000000
  29.320000000000000   0.012130000000000
  29.340000000000000   0.004750000000000
  29.359999999999999   0.000060000000000
  29.379999999999999  -0.007200000000000
  29.400000000000002  -0.020040000000000
  29.420000000000002  -0.034180000000000
  29.440000000000001  -0.035140000000000
  29.460000000000001  -0.025660000000000
  29.480000000000000  -0.014620000000000
  29.500000000000000  -0.002840000000000
  29.520000000000000  -0.000720000000000
  29.539999999999999  -0.014040000000000
  29.560000000000002  -0.024900000000000
  29.580000000000002  -0.028520000000000
  29.600000000000001  -0.014110000000000
  29.620000000000001   0.002230000000000
  29.640000000000001  -0.006320000000000
  29.660000000000000  -0.018480000000000
  29.680000000000000  -0.016630000000000
  29.699999999999999   0.006390000000000
  29.719999999999999   0.065710000000000
  29.740000000000002   0.126260000000000
  29.760000000000002   0.162210000000000
  29.780000000000001   0.150950000000000
  29.800000000000001   0.136460000000000
  29.820000000000000   0.131370000000000
  29.840000000000000   0.122010000000000
  29.859999999999999   0.105030000000000
  29.879999999999999   0.084330000000000
  29.900000000000002   0.064530000000000
  29.920000000000002   0.043100000000000
  29.940000000000001   0.018730000000000
  29.960000000000001  -0.009760000000000
  29.980000000000000  -0.041900000000000