0	-0.0406900000000000
0.0200000000000000	-0.0685900000000000
0.0400000000000000	-0.0562200000000000
0.0600000000000000	-0.0650200000000000
0.0800000000000000	-0.0455400000000000
0.100000000000000	-0.0438300000000000
0.120000000000000	-0.0433500000000000
0.140000000000000	0.00101000000000000
0.160000000000000	0.00508000000000000
0.180000000000000	0.0495100000000000
0.200000000000000	0.0377000000000000
0.220000000000000	-0.0258400000000000
0.240000000000000	-0.0273700000000000
0.260000000000000	-0.00372000000000000
0.280000000000000	0.0103700000000000
0.300000000000000	0.0179300000000000
0.320000000000000	-0.0198300000000000
0.340000000000000	-0.0535900000000000
0.360000000000000	-0.0798400000000000
0.380000000000000	-0.0579300000000000
0.400000000000000	-0.0155300000000000
0.420000000000000	-0.00839000000000000
0.440000000000000	0.00392000000000000
0.460000000000000	-0.0124700000000000
0.480000000000000	-0.00269000000000000
0.500000000000000	0.0414900000000000
0.520000000000000	0.0283600000000000
0.540000000000000	0.0485000000000000
0.560000000000000	0.0187000000000000
0.580000000000000	-0.0776300000000000
0.600000000000000	-0.0836500000000000
0.620000000000000	-0.102670000000000
0.640000000000000	-0.0780200000000000
0.660000000000000	-0.0259400000000000
0.680000000000000	-0.0327800000000000
0.700000000000000	-0.0115200000000000
0.720000000000000	-0.0101900000000000
0.740000000000000	-0.0208700000000000
0.760000000000000	0.0355900000000000
0.780000000000000	0.000780000000000000
0.800000000000000	-0.00163000000000000
0.820000000000000	0.0225900000000000
0.840000000000000	0.0417400000000000
0.860000000000000	0.0113800000000000
0.880000000000000	-0.0468600000000000
0.900000000000000	-0.105570000000000
0.920000000000000	-0.118130000000000
0.940000000000000	-0.0645500000000000
0.960000000000000	-0.0248600000000000
0.980000000000000	0.0422900000000000
1	0.0624200000000000
1.02000000000000	0.0503800000000000
1.04000000000000	0.0352700000000000
1.06000000000000	-0.000780000000000000
1.08000000000000	-0.0739500000000000
1.10000000000000	-0.0971600000000000
1.12000000000000	-0.0629800000000000
1.14000000000000	-0.0436400000000000
1.16000000000000	-0.0276600000000000
1.18000000000000	0.0180200000000000
1.20000000000000	0.0451900000000000
1.22000000000000	0.00507000000000000
1.24000000000000	-0.0350000000000000
1.26000000000000	-0.0514200000000000
1.28000000000000	-0.0388100000000000
1.30000000000000	-0.0590600000000000
1.32000000000000	-0.0115100000000000
1.34000000000000	-0.0288100000000000
1.36000000000000	-0.0534000000000000
1.38000000000000	-0.00952000000000000
1.40000000000000	0.0385100000000000
1.42000000000000	0.0928500000000000
1.44000000000000	0.112090000000000
1.46000000000000	0.0881900000000000
1.48000000000000	0.161620000000000
1.50000000000000	0.168770000000000
1.52000000000000	0.0954200000000000
1.54000000000000	-0.0757100000000000
1.56000000000000	-0.165750000000000
1.58000000000000	-0.182620000000000
1.60000000000000	-0.189010000000000
1.62000000000000	-0.170680000000000
1.64000000000000	-0.130910000000000
1.66000000000000	0.0104800000000000
1.68000000000000	0.0453400000000000
1.70000000000000	0.0644600000000000
1.72000000000000	0.0628200000000000
1.74000000000000	0.0231000000000000
1.76000000000000	0.00114000000000000
1.78000000000000	-0.0276200000000000
1.80000000000000	0.0114500000000000
1.82000000000000	-0.00251000000000000
1.84000000000000	0.0606000000000000
1.86000000000000	0.157610000000000
1.88000000000000	0.193230000000000
1.90000000000000	0.141040000000000
1.92000000000000	-0.0138800000000000
1.94000000000000	-0.110970000000000
1.96000000000000	-0.171450000000000
1.98000000000000	-0.155790000000000
2	-0.108440000000000
2.02000000000000	-0.0558800000000000
2.04000000000000	0.0250300000000000
2.06000000000000	0.0449800000000000
2.08000000000000	0.211530000000000
2.10000000000000	0.267420000000000
2.12000000000000	0.168420000000000
2.14000000000000	0.0431800000000000
2.16000000000000	-0.0707600000000000
2.18000000000000	-0.0914800000000000
2.20000000000000	-0.149070000000000
2.22000000000000	-0.127090000000000
2.24000000000000	-0.104350000000000
2.26000000000000	-0.0740400000000000
2.28000000000000	-0.0347900000000000
2.30000000000000	-0.0624000000000000
2.32000000000000	-0.0365500000000000
2.34000000000000	-0.0603300000000000
2.36000000000000	-0.0440600000000000
2.38000000000000	0.0101200000000000
2.40000000000000	0.0146600000000000
2.42000000000000	-0.0376200000000000
2.44000000000000	-0.0757100000000000
2.46000000000000	-0.00540000000000000
2.48000000000000	0.00619000000000000
2.50000000000000	-0.0245400000000000
2.52000000000000	0.00246000000000000
2.54000000000000	0.101930000000000
2.56000000000000	0.216310000000000
2.58000000000000	0.209770000000000
2.60000000000000	0.134620000000000
2.62000000000000	0.0161300000000000
2.64000000000000	-0.103610000000000
2.66000000000000	-0.0852100000000000
2.68000000000000	-0.0169800000000000
2.70000000000000	0.0325900000000000
2.72000000000000	0.00476000000000000
2.74000000000000	-0.0242400000000000
2.76000000000000	0.00828000000000000
2.78000000000000	-0.0780900000000000
2.80000000000000	-0.129050000000000
2.82000000000000	-0.133780000000000
2.84000000000000	-0.139280000000000
2.86000000000000	-0.119500000000000
2.88000000000000	-0.123230000000000
2.90000000000000	-0.0214900000000000
2.92000000000000	0.102710000000000
2.94000000000000	0.210740000000000
2.96000000000000	0.354790000000000
2.98000000000000	0.354610000000000
3	0.243090000000000
3.02000000000000	0.0460200000000000
3.04000000000000	-0.110690000000000
3.06000000000000	-0.148980000000000
3.08000000000000	-0.148420000000000
3.10000000000000	-0.0957100000000000
3.12000000000000	-0.0541000000000000
3.14000000000000	-0.0566900000000000
3.16000000000000	-0.108480000000000
3.18000000000000	-0.0406700000000000
3.20000000000000	0.0270600000000000
3.22000000000000	0.0223000000000000
3.24000000000000	0.0239800000000000
3.26000000000000	0.0523500000000000
3.28000000000000	0.0454500000000000
3.30000000000000	0.00971000000000000
3.32000000000000	-0.0539500000000000
3.34000000000000	-0.0727900000000000
3.36000000000000	-0.0710600000000000
3.38000000000000	-0.0615800000000000
3.40000000000000	-0.0663100000000000
3.42000000000000	-0.105230000000000
3.44000000000000	-0.149780000000000
3.46000000000000	-0.134020000000000
3.48000000000000	-0.0836500000000000
3.50000000000000	0.0278000000000000
3.52000000000000	-0.0382300000000000
3.54000000000000	-0.0993500000000000
3.56000000000000	0.00160000000000000
3.58000000000000	0.159770000000000
3.60000000000000	0.305900000000000
3.62000000000000	0.218690000000000
3.64000000000000	0.151730000000000
3.66000000000000	0.0343700000000000
3.68000000000000	0.00873000000000000
3.70000000000000	-0.0449900000000000
3.72000000000000	-0.0894200000000000
3.74000000000000	-0.00440000000000000
3.76000000000000	0.0758300000000000
3.78000000000000	0.0535600000000000
3.80000000000000	-0.00276000000000000
3.82000000000000	-0.0417800000000000
3.84000000000000	-0.125900000000000
3.86000000000000	-0.241770000000000
3.88000000000000	-0.164820000000000
3.90000000000000	-0.0165500000000000
3.92000000000000	0.0683800000000000
3.94000000000000	0.136280000000000
3.96000000000000	0.132930000000000
3.98000000000000	0.126120000000000
4	-0.0372400000000000
4.02000000000000	-0.253090000000000
4.04000000000000	-0.297320000000000
4.06000000000000	-0.118700000000000
4.08000000000000	0.138520000000000
4.10000000000000	0.439860000000000
4.12000000000000	0.595260000000000
4.14000000000000	0.570880000000000
4.16000000000000	0.518690000000000
4.18000000000000	0.429280000000000
4.20000000000000	0.182660000000000
4.22000000000000	-0.0607800000000000
4.24000000000000	-0.218390000000000
4.26000000000000	-0.0781300000000000
4.28000000000000	0.0529600000000000
4.30000000000000	0.0907000000000000
4.32000000000000	-0.00906000000000000
4.34000000000000	-0.264770000000000
4.36000000000000	-0.440780000000000
4.38000000000000	-0.543510000000000
4.40000000000000	-0.414310000000000
4.42000000000000	-0.248590000000000
4.44000000000000	-0.0901200000000000
4.46000000000000	0.223470000000000
4.48000000000000	0.448690000000000
4.50000000000000	0.337050000000000
4.52000000000000	0.140910000000000
4.54000000000000	-0.0707400000000000
4.56000000000000	-0.197980000000000
4.58000000000000	-0.189990000000000
4.60000000000000	0.0933800000000000
4.62000000000000	0.360060000000000
4.64000000000000	0.587850000000000
4.66000000000000	0.662500000000000
4.68000000000000	0.651770000000000
4.70000000000000	0.484760000000000
4.72000000000000	0.0838400000000000
4.74000000000000	-0.400230000000000
4.76000000000000	-0.724420000000000
4.78000000000000	-0.813070000000000
4.80000000000000	-0.646150000000000
4.82000000000000	-0.442460000000000
4.84000000000000	-0.286530000000000
4.86000000000000	-0.271410000000000
4.88000000000000	-0.525030000000000
4.90000000000000	-0.626340000000000
4.92000000000000	-0.285930000000000
4.94000000000000	0.188860000000000
4.96000000000000	0.467340000000000
4.98000000000000	0.570490000000000
5	0.509370000000000
5.02000000000000	0.409670000000000
5.04000000000000	0.436830000000000
5.06000000000000	0.412610000000000
5.08000000000000	0.415720000000000
5.10000000000000	0.308350000000000
5.12000000000000	0.285290000000000
5.14000000000000	0.0782200000000000
5.16000000000000	-0.277130000000000
5.18000000000000	-0.585170000000000
5.20000000000000	-0.442530000000000
5.22000000000000	0.0122400000000000
5.24000000000000	0.339230000000000
5.26000000000000	0.397370000000000
5.28000000000000	0.125300000000000
5.30000000000000	-0.154150000000000
5.32000000000000	-0.313780000000000
5.34000000000000	-0.265270000000000
5.36000000000000	-0.0397800000000000
5.38000000000000	0.252860000000000
5.40000000000000	0.256100000000000
5.42000000000000	-0.0396900000000000
5.44000000000000	-0.0818300000000000
5.46000000000000	0.0829300000000000
5.48000000000000	0.164500000000000
5.50000000000000	0.194460000000000
5.52000000000000	0.0115700000000000
5.54000000000000	-0.151490000000000
5.56000000000000	-0.129640000000000
5.58000000000000	-0.108640000000000
5.60000000000000	-0.113700000000000
5.62000000000000	-0.519180000000000
5.64000000000000	-0.999570000000000
5.66000000000000	-1.14215000000000
5.68000000000000	-0.959570000000000
5.70000000000000	-0.658840000000000
5.72000000000000	-0.261810000000000
5.74000000000000	0.189980000000000
5.76000000000000	0.610980000000000
5.78000000000000	0.892180000000000
5.80000000000000	0.927650000000000
5.82000000000000	0.825300000000000
5.84000000000000	0.749820000000000
5.86000000000000	0.737510000000000
5.88000000000000	0.732900000000000
5.90000000000000	0.308520000000000
5.92000000000000	-0.431640000000000
5.94000000000000	-1.01589000000000
5.96000000000000	-1.03679000000000
5.98000000000000	-0.871320000000000
6	-0.729160000000000
6.02000000000000	-0.515330000000000
6.04000000000000	-0.431810000000000
6.06000000000000	-0.267610000000000
6.08000000000000	-0.107330000000000
6.10000000000000	-0.137850000000000
6.12000000000000	-0.190770000000000
6.14000000000000	-0.149250000000000
6.16000000000000	-0.0482600000000000
6.18000000000000	0.0399100000000000
6.20000000000000	0.362060000000000
6.22000000000000	0.564160000000000
6.24000000000000	0.539900000000000
6.26000000000000	0.223690000000000
6.28000000000000	-0.110250000000000
6.30000000000000	-0.360480000000000
6.32000000000000	-0.421670000000000
6.34000000000000	-0.254800000000000
6.36000000000000	-0.0421300000000000
6.38000000000000	0.295720000000000
6.40000000000000	0.536870000000000
6.42000000000000	0.508720000000000
6.44000000000000	0.438400000000000
6.46000000000000	0.326710000000000
6.48000000000000	0.122610000000000
6.50000000000000	0.0496700000000000
6.52000000000000	-0.0387500000000000
6.54000000000000	-0.0237000000000000
6.56000000000000	0.0359500000000000
6.58000000000000	0.105610000000000
6.60000000000000	0.139910000000000
6.62000000000000	0.00322000000000000
6.64000000000000	-0.0180100000000000
6.66000000000000	-0.0781600000000000
6.68000000000000	-0.103190000000000
6.70000000000000	-0.263170000000000
6.72000000000000	-0.333280000000000
6.74000000000000	-0.280220000000000
6.76000000000000	-0.0744400000000000
6.78000000000000	0.137100000000000
6.80000000000000	0.236230000000000
6.82000000000000	0.273400000000000
6.84000000000000	0.164500000000000
6.86000000000000	0.0632000000000000
6.88000000000000	-0.0601600000000000
6.90000000000000	-0.179310000000000
6.92000000000000	-0.0997900000000000
6.94000000000000	0.0215500000000000
6.96000000000000	0.137710000000000
6.98000000000000	0.0484200000000000
7	-0.287050000000000
7.02000000000000	-0.482340000000000
7.04000000000000	-0.361970000000000
7.06000000000000	-0.123730000000000
7.08000000000000	0.125250000000000
7.10000000000000	0.494130000000000
7.12000000000000	0.709660000000000
7.14000000000000	0.706210000000000
7.16000000000000	0.768060000000000
7.18000000000000	0.843760000000000
7.20000000000000	0.703730000000000
7.22000000000000	0.135240000000000
7.24000000000000	-0.645240000000000
7.26000000000000	-1.17987000000000
7.28000000000000	-1.41033000000000
7.30000000000000	-1.12222000000000
7.32000000000000	-0.415220000000000
7.34000000000000	0.0155900000000000
7.36000000000000	0.315280000000000
7.38000000000000	0.497350000000000
7.40000000000000	0.409340000000000
7.42000000000000	0.224990000000000
7.44000000000000	-0.0469200000000000
7.46000000000000	-0.272290000000000
7.48000000000000	-0.0837100000000000
7.50000000000000	0.216360000000000
7.52000000000000	0.442500000000000
7.54000000000000	0.471710000000000
7.56000000000000	0.198280000000000
7.58000000000000	0.0348700000000000
7.60000000000000	0.0982800000000000
7.62000000000000	0.0215700000000000
7.64000000000000	0.0105600000000000
7.66000000000000	-0.108110000000000
7.68000000000000	-0.0815100000000000
7.70000000000000	0.129260000000000
7.72000000000000	0.186160000000000
7.74000000000000	0.171930000000000
7.76000000000000	-0.156400000000000
7.78000000000000	-0.566000000000000
7.80000000000000	-0.705450000000000
7.82000000000000	-0.607330000000000
7.84000000000000	-0.269850000000000
7.86000000000000	-0.0747400000000000
7.88000000000000	-0.0278800000000000
7.90000000000000	0.0414100000000000
7.92000000000000	-0.0328800000000000
7.94000000000000	-0.138370000000000
7.96000000000000	-0.182330000000000
7.98000000000000	0.0606600000000000
8	0.492590000000000
8.02000000000000	0.747010000000000
8.04000000000000	0.771330000000000
8.06000000000000	0.393960000000000
8.08000000000000	-0.129210000000000
8.10000000000000	-0.474920000000000
8.12000000000000	-0.576060000000000
8.14000000000000	-0.371950000000000
8.16000000000000	-0.183740000000000
8.18000000000000	-0.129370000000000
8.20000000000000	-0.0282500000000000
8.22000000000000	0.299810000000000
8.24000000000000	0.639780000000000
8.26000000000000	0.759210000000000
8.28000000000000	0.563460000000000
8.30000000000000	0.280950000000000
8.32000000000000	0.0111400000000000
8.34000000000000	-0.243480000000000
8.36000000000000	-0.480140000000000
8.38000000000000	-0.592390000000000
8.40000000000000	-0.604250000000000
8.42000000000000	-0.137670000000000
8.44000000000000	0.424770000000000
8.46000000000000	0.775970000000000
8.48000000000000	0.963530000000000
8.50000000000000	1.02930000000000
8.52000000000000	0.845420000000000
8.54000000000000	0.375700000000000
8.56000000000000	-0.197110000000000
8.58000000000000	-0.542150000000000
8.60000000000000	-0.658700000000000
8.62000000000000	-0.534440000000000
8.64000000000000	-0.340090000000000
8.66000000000000	-0.361920000000000
8.68000000000000	-0.470730000000000
8.70000000000000	-0.673500000000000
8.72000000000000	-0.743540000000000
8.74000000000000	-0.718490000000000
8.76000000000000	-0.550720000000000
8.78000000000000	-0.319680000000000
8.80000000000000	-0.0445400000000000
8.82000000000000	0.338410000000000
8.84000000000000	0.537090000000000
8.86000000000000	0.701600000000000
8.88000000000000	1.00215000000000
8.90000000000000	1.27903000000000
8.92000000000000	1.43430000000000
8.94000000000000	1.46010000000000
8.96000000000000	1.25003000000000
8.98000000000000	0.779320000000000
9	0.175270000000000
9.02000000000000	-0.474680000000000
9.04000000000000	-0.973490000000000
9.06000000000000	-1.07143000000000
9.08000000000000	-0.803900000000000
9.10000000000000	-0.549350000000000
9.12000000000000	-0.497140000000000
9.14000000000000	-0.608680000000000
9.16000000000000	-0.535720000000000
9.18000000000000	-0.255370000000000
9.20000000000000	-0.0159700000000000
9.22000000000000	0.0420900000000000
9.24000000000000	-0.0602100000000000
9.26000000000000	-0.0573200000000000
9.28000000000000	0.285710000000000
9.30000000000000	0.871350000000000
9.32000000000000	1.21637000000000
9.34000000000000	1.22160000000000
9.36000000000000	0.895880000000000
9.38000000000000	0.417350000000000
9.40000000000000	-0.0713000000000000
9.42000000000000	-0.540700000000000
9.44000000000000	-0.810700000000000
9.46000000000000	-1.03223000000000
9.48000000000000	-1.01153000000000
9.50000000000000	-0.911280000000000
9.52000000000000	-0.730220000000000
9.54000000000000	-0.659470000000000
9.56000000000000	-0.411150000000000
9.58000000000000	-0.157700000000000
9.60000000000000	-0.0195900000000000
9.62000000000000	0.0939000000000000
9.64000000000000	0.290290000000000
9.66000000000000	0.607620000000000
9.68000000000000	0.927600000000000
9.70000000000000	1.08913000000000
9.72000000000000	1.02481000000000
9.74000000000000	0.702270000000000
9.76000000000000	0.237280000000000
9.78000000000000	-0.196330000000000
9.80000000000000	-0.378720000000000
9.82000000000000	-0.385270000000000
9.84000000000000	-0.245410000000000
9.86000000000000	0.0512800000000000
9.88000000000000	0.197730000000000
9.90000000000000	0.100000000000000
9.92000000000000	0.0697100000000000
9.94000000000000	0.0402500000000000
9.96000000000000	-0.109990000000000
9.98000000000000	-0.406480000000000
10	-0.544020000000000
10.0200000000000	-0.644710000000000
10.0400000000000	-0.558770000000000
10.0600000000000	-0.455390000000000
10.0800000000000	-0.398330000000000
10.1000000000000	-0.262770000000000
10.1200000000000	-0.149620000000000
10.1400000000000	-0.0514800000000000
10.1600000000000	0.0108200000000000
10.1800000000000	-0.0274500000000000
10.2000000000000	0.0477200000000000
10.2200000000000	0.0898300000000000
10.2400000000000	-0.137570000000000
10.2600000000000	-0.158330000000000
10.2800000000000	0.0900800000000000
10.3000000000000	0.368130000000000
10.3200000000000	0.591730000000000
10.3400000000000	0.548410000000000
10.3600000000000	0.441970000000000
10.3800000000000	0.406710000000000
10.4000000000000	0.444710000000000
10.4200000000000	0.392290000000000
10.4400000000000	0.0504300000000000
10.4600000000000	-0.325460000000000
10.4800000000000	-0.516370000000000
10.5000000000000	-0.675550000000000
10.5200000000000	-0.748130000000000
10.5400000000000	-0.817270000000000
10.5600000000000	-0.906140000000000
10.5800000000000	-0.854300000000000
10.6000000000000	-0.608590000000000
10.6200000000000	-0.143770000000000
10.6400000000000	0.186400000000000
10.6600000000000	0.322090000000000
10.6800000000000	0.322490000000000
10.7000000000000	0.356130000000000
10.7200000000000	0.450330000000000
10.7400000000000	0.405110000000000
10.7600000000000	0.353060000000000
10.7800000000000	0.418960000000000
10.8000000000000	0.324820000000000
10.8200000000000	-0.0373100000000000
10.8400000000000	-0.405680000000000
10.8600000000000	-0.666420000000000
10.8800000000000	-0.741180000000000
10.9000000000000	-0.588660000000000
10.9200000000000	-0.305640000000000
10.9400000000000	0.156510000000000
10.9600000000000	0.575650000000000
10.9800000000000	0.753990000000000
11	0.726950000000000
11.0200000000000	0.506370000000000
11.0400000000000	0.382550000000000
11.0600000000000	0.325120000000000
11.0800000000000	0.286340000000000
11.1000000000000	0.0613000000000000
11.1200000000000	-0.304700000000000
11.1400000000000	-0.644050000000000
11.1600000000000	-0.887050000000000
11.1800000000000	-1.01296000000000
11.2000000000000	-0.959080000000000
11.2200000000000	-0.744820000000000
11.2400000000000	-0.394340000000000
11.2600000000000	-0.0174100000000000
11.2800000000000	0.0818800000000000
11.3000000000000	-0.0192600000000000
11.3200000000000	-0.0544700000000000
11.3400000000000	0.00644000000000000
11.3600000000000	0.221170000000000
11.3800000000000	0.431580000000000
11.4000000000000	0.506230000000000
11.4200000000000	0.535660000000000
11.4400000000000	0.418610000000000
11.4600000000000	0.0961800000000000
11.4800000000000	-0.316710000000000
11.5000000000000	-0.872460000000000
11.5200000000000	-1.17647000000000
11.5400000000000	-1.14624000000000
11.5600000000000	-0.943910000000000
11.5800000000000	-0.526260000000000
11.6000000000000	0.0670900000000000
11.6200000000000	0.434960000000000
11.6400000000000	0.564900000000000
11.6600000000000	0.537910000000000
11.6800000000000	0.358660000000000
11.7000000000000	0.161940000000000
11.7200000000000	0.0671600000000000
11.7400000000000	0.0729400000000000
11.7600000000000	0.162010000000000
11.7800000000000	0.252000000000000
11.8000000000000	0.0989900000000000
11.8200000000000	-0.135230000000000
11.8400000000000	-0.273110000000000
11.8600000000000	-0.236280000000000
11.8800000000000	-0.294890000000000
11.9000000000000	-0.447640000000000
11.9200000000000	-0.471750000000000
11.9400000000000	-0.364710000000000
11.9600000000000	-0.0917700000000000
11.9800000000000	0.159100000000000
12	0.211370000000000
12.0200000000000	0.162260000000000
12.0400000000000	0.0910400000000000
12.0600000000000	0.0793900000000000
12.0800000000000	0.157330000000000
12.1000000000000	0.116710000000000
12.1200000000000	-0.0410200000000000
12.1400000000000	-0.204960000000000
12.1600000000000	-0.256010000000000
12.1800000000000	0.00912000000000000
12.2000000000000	0.297530000000000
12.2200000000000	0.396130000000000
12.2400000000000	0.324200000000000
12.2600000000000	0.213400000000000
12.2800000000000	0.161270000000000
12.3000000000000	0.185140000000000
12.3200000000000	0.193170000000000
12.3400000000000	0.0448800000000000
12.3600000000000	-0.180570000000000
12.3800000000000	-0.334700000000000
12.4000000000000	-0.249660000000000
12.4200000000000	0.0778100000000000
12.4400000000000	0.348910000000000
12.4600000000000	0.576950000000000
12.4800000000000	0.592290000000000
12.5000000000000	0.444000000000000
12.5200000000000	0.158250000000000
12.5400000000000	-0.0448100000000000
12.5600000000000	-0.0594200000000000
12.5800000000000	-0.0495600000000000
12.6000000000000	-0.172040000000000
12.6200000000000	-0.297520000000000
12.6400000000000	-0.368700000000000
12.6600000000000	-0.390520000000000
12.6800000000000	-0.401310000000000
12.7000000000000	-0.425500000000000
12.7200000000000	-0.327520000000000
12.7400000000000	-0.0662100000000000
12.7600000000000	0.328830000000000
12.7800000000000	0.690960000000000
12.8000000000000	0.943820000000000
12.8200000000000	1.02001000000000
12.8400000000000	0.939010000000000
12.8600000000000	0.608540000000000
12.8800000000000	0.212960000000000
12.9000000000000	-0.0406400000000000
12.9200000000000	-0.0612200000000000
12.9400000000000	-0.0568900000000000
12.9600000000000	-0.0903400000000000
12.9800000000000	-0.145050000000000
13	-0.199690000000000
13.0200000000000	-0.198140000000000
13.0400000000000	-0.0360300000000000
13.0600000000000	0.347290000000000
13.0800000000000	0.711800000000000
13.1000000000000	0.889620000000000
13.1200000000000	0.951130000000000
13.1400000000000	0.806300000000000
13.1600000000000	0.475040000000000
13.1800000000000	0.200090000000000
13.2000000000000	0.0780200000000000
13.2200000000000	0.0204400000000000
13.2400000000000	-0.0303900000000000
13.2600000000000	-0.0130200000000000
13.2800000000000	0.0840200000000000
13.3000000000000	0.229440000000000
13.3200000000000	0.194320000000000
13.3400000000000	-0.0248000000000000
13.3600000000000	-0.126130000000000
13.3800000000000	-0.107650000000000
13.4000000000000	-0.0286000000000000
13.4200000000000	0.0248200000000000
13.4400000000000	0.00611000000000000
13.4600000000000	-0.00896000000000000
13.4800000000000	0.101810000000000
13.5000000000000	0.287440000000000
13.5200000000000	0.346460000000000
13.5400000000000	0.408040000000000
13.5600000000000	0.424850000000000
13.5800000000000	0.404940000000000
13.6000000000000	0.416280000000000
13.6200000000000	0.414890000000000
13.6400000000000	0.347100000000000
13.6600000000000	0.217530000000000
13.6800000000000	0.0316800000000000
13.7000000000000	-0.00849000000000000
13.7200000000000	0.119480000000000
13.7400000000000	0.284030000000000
13.7600000000000	0.397580000000000
13.7800000000000	0.436690000000000
13.8000000000000	0.450290000000000
13.8200000000000	0.418500000000000
13.8400000000000	0.279930000000000
13.8600000000000	-0.0394200000000000
13.8800000000000	-0.342670000000000
13.9000000000000	-0.397310000000000
13.9200000000000	-0.316400000000000
13.9400000000000	-0.162740000000000
13.9600000000000	-0.0508200000000000
13.9800000000000	-0.0435400000000000
14	-0.0859400000000000
14.0200000000000	-0.100840000000000
14.0400000000000	-0.0609100000000000
14.0600000000000	-0.0189100000000000
14.0800000000000	0.0325200000000000
14.1000000000000	0.110120000000000
14.1200000000000	0.144540000000000
14.1400000000000	0.0859700000000000
14.1600000000000	-0.0992000000000000
14.1800000000000	-0.304780000000000
14.2000000000000	-0.401290000000000
14.2200000000000	-0.513680000000000
14.2400000000000	-0.574220000000000
14.2600000000000	-0.601000000000000
14.2800000000000	-0.619170000000000
14.3000000000000	-0.592250000000000
14.3200000000000	-0.471260000000000
14.3400000000000	-0.371760000000000
14.3600000000000	-0.390460000000000
14.3800000000000	-0.460280000000000
14.4000000000000	-0.509140000000000
14.4200000000000	-0.504840000000000
14.4400000000000	-0.463220000000000
14.4600000000000	-0.392210000000000
14.4800000000000	-0.304810000000000
14.5000000000000	-0.221760000000000
14.5200000000000	-0.101390000000000
14.5400000000000	-0.0396900000000000
14.5600000000000	-0.0484100000000000
14.5800000000000	-0.128090000000000
14.6000000000000	-0.170380000000000
14.6200000000000	-0.136490000000000
14.6400000000000	-0.0419900000000000
14.6600000000000	-0.0136600000000000
14.6800000000000	-0.0528900000000000
14.7000000000000	-0.127760000000000
14.7200000000000	-0.274240000000000
14.7400000000000	-0.444190000000000
14.7600000000000	-0.533930000000000
14.7800000000000	-0.534200000000000
14.8000000000000	-0.447700000000000
14.8200000000000	-0.303750000000000
14.8400000000000	-0.131090000000000
14.8600000000000	-0.0210700000000000
14.8800000000000	0.00919000000000000
14.9000000000000	-0.0423600000000000
14.9200000000000	-0.0764200000000000
14.9400000000000	-0.126130000000000
14.9600000000000	-0.129540000000000
14.9800000000000	-0.0590500000000000
15	0.0804000000000000
15.0200000000000	0.158520000000000
15.0400000000000	0.114520000000000
15.0600000000000	-0.0902500000000000
15.0800000000000	-0.279710000000000
15.1000000000000	-0.254780000000000
15.1200000000000	-0.170790000000000
15.1400000000000	-0.0791000000000000
15.1600000000000	-0.0211200000000000
15.1800000000000	0.0527400000000000
15.2000000000000	0.132090000000000
15.2200000000000	0.132880000000000
15.2400000000000	0.0288000000000000
15.2600000000000	-0.0560100000000000
15.2800000000000	-0.0333800000000000
15.3000000000000	0.153370000000000
15.3200000000000	0.300240000000000
15.3400000000000	0.308140000000000
15.3600000000000	0.245710000000000
15.3800000000000	0.110770000000000
15.4000000000000	-0.0586400000000000
15.4200000000000	-0.193350000000000
15.4400000000000	-0.302170000000000
15.4600000000000	-0.300060000000000
15.4800000000000	-0.232710000000000
15.5000000000000	-0.147350000000000
15.5200000000000	-0.128200000000000
15.5400000000000	-0.197850000000000
15.5600000000000	-0.285940000000000
15.5800000000000	-0.305400000000000
15.6000000000000	-0.276220000000000
15.6200000000000	-0.195020000000000
15.6400000000000	-0.0471400000000000
15.6600000000000	0.122870000000000
15.6800000000000	0.230920000000000
15.7000000000000	0.293510000000000
15.7200000000000	0.336930000000000
15.7400000000000	0.372610000000000
15.7600000000000	0.397610000000000
15.7800000000000	0.431290000000000
15.8000000000000	0.470260000000000
15.8200000000000	0.438770000000000
15.8400000000000	0.321300000000000
15.8600000000000	0.163110000000000
15.8800000000000	0.0393900000000000
15.9000000000000	-0.00906000000000000
15.9200000000000	0.000720000000000000
15.9400000000000	0.101680000000000
15.9600000000000	0.183000000000000
15.9800000000000	0.195630000000000
16	0.226960000000000
16.0200000000000	0.266390000000000
16.0400000000000	0.224040000000000
16.0600000000000	0.0811700000000000
16.0800000000000	-0.0698100000000000
16.1000000000000	-0.115300000000000
16.1200000000000	-0.0121200000000000
16.1400000000000	0.133300000000000
16.1600000000000	0.231210000000000
16.1800000000000	0.279790000000000
16.2000000000000	0.276220000000000
16.2200000000000	0.287010000000000
16.2400000000000	0.245410000000000
16.2600000000000	0.153280000000000
16.2800000000000	0.0934200000000000
16.3000000000000	0.0985500000000000
16.3200000000000	0.131430000000000
16.3400000000000	0.121370000000000
16.3600000000000	0.00649000000000000
16.3800000000000	-0.148800000000000
16.4000000000000	-0.226860000000000
16.4200000000000	-0.215140000000000
16.4400000000000	-0.120670000000000
16.4600000000000	0.0234500000000000
16.4800000000000	0.178340000000000
16.5000000000000	0.264250000000000
16.5200000000000	0.245250000000000
16.5400000000000	0.198930000000000
16.5600000000000	0.265140000000000
16.5800000000000	0.467300000000000
16.6000000000000	0.641740000000000
16.6200000000000	0.709800000000000
16.6400000000000	0.626890000000000
16.6600000000000	0.498030000000000
16.6800000000000	0.246880000000000
16.7000000000000	0.0211800000000000
16.7200000000000	-0.0509300000000000
16.7400000000000	0.00801000000000000
16.7600000000000	0.0724700000000000
16.7800000000000	0.0245800000000000
16.8000000000000	-0.124950000000000
16.8200000000000	-0.215240000000000
16.8400000000000	-0.211060000000000
16.8600000000000	-0.223740000000000
16.8800000000000	-0.267000000000000
16.9000000000000	-0.312190000000000
16.9200000000000	-0.342290000000000
16.9400000000000	-0.344100000000000
16.9600000000000	-0.349680000000000
16.9800000000000	-0.357470000000000
17	-0.280230000000000
17.0200000000000	-0.0786600000000000
17.0400000000000	0.0465400000000000
17.0600000000000	0.0714200000000000
17.0800000000000	0.0421800000000000
17.1000000000000	-0.0711200000000000
17.1200000000000	-0.182670000000000
17.1400000000000	-0.173280000000000
17.1600000000000	-0.123930000000000
17.1800000000000	-0.130530000000000
17.2000000000000	-0.205620000000000
17.2200000000000	-0.276180000000000
17.2400000000000	-0.355310000000000
17.2600000000000	-0.384840000000000
17.2800000000000	-0.332130000000000
17.3000000000000	-0.261570000000000
17.3200000000000	-0.198890000000000
17.3400000000000	-0.182320000000000
17.3600000000000	-0.126250000000000
17.3800000000000	-0.0457200000000000
17.4000000000000	-0.0136900000000000
17.4200000000000	-0.0198400000000000
17.4400000000000	-0.0502700000000000
17.4600000000000	-0.129500000000000
17.4800000000000	-0.223150000000000
17.5000000000000	-0.298380000000000
17.5200000000000	-0.354740000000000
17.5400000000000	-0.401180000000000
17.5600000000000	-0.401580000000000
17.5800000000000	-0.399030000000000
17.6000000000000	-0.346480000000000
17.6200000000000	-0.276480000000000
17.6400000000000	-0.278200000000000
17.6600000000000	-0.313730000000000
17.6800000000000	-0.367980000000000
17.7000000000000	-0.425960000000000
17.7200000000000	-0.392320000000000
17.7400000000000	-0.217290000000000
17.7600000000000	-0.0598100000000000
17.7800000000000	0.0329700000000000
17.8000000000000	0.0328500000000000
17.8200000000000	0.0360100000000000
17.8400000000000	0.0226400000000000
17.8600000000000	-0.0299000000000000
17.8800000000000	-0.0921400000000000
17.9000000000000	-0.128800000000000
17.9200000000000	-0.118260000000000
17.9400000000000	-0.0687100000000000
17.9600000000000	0.000780000000000000
17.9800000000000	0.0943300000000000
18	0.188940000000000
18.0200000000000	0.271730000000000
18.0400000000000	0.275100000000000
18.0600000000000	0.226890000000000
18.0800000000000	0.164530000000000
18.1000000000000	0.168580000000000
18.1200000000000	0.188060000000000
18.1400000000000	0.156590000000000
18.1600000000000	0.0945700000000000
18.1800000000000	0.00375000000000000
18.2000000000000	-0.0320600000000000
18.2200000000000	-0.0269900000000000
18.2400000000000	0.00561000000000000
18.2600000000000	0.0341100000000000
18.2800000000000	0.105780000000000
18.3000000000000	0.195270000000000
18.3200000000000	0.208650000000000
18.3400000000000	0.152210000000000
18.3600000000000	0.0964000000000000
18.3800000000000	0.0559600000000000
18.4000000000000	0.0978200000000000
18.4200000000000	0.152700000000000
18.4400000000000	0.147680000000000
18.4600000000000	0.0413900000000000
18.4800000000000	-0.0556100000000000
18.5000000000000	-0.0571300000000000
18.5200000000000	0.0425100000000000
18.5400000000000	0.117320000000000
18.5600000000000	0.112210000000000
18.5800000000000	0.132760000000000
18.6000000000000	0.209110000000000
18.6200000000000	0.242660000000000
18.6400000000000	0.226910000000000
18.6600000000000	0.176760000000000
18.6800000000000	0.118660000000000
18.7000000000000	0.198000000000000
18.7200000000000	0.318960000000000
18.7400000000000	0.384840000000000
18.7600000000000	0.405280000000000
18.7800000000000	0.353780000000000
18.8000000000000	0.278630000000000
18.8200000000000	0.163660000000000
18.8400000000000	0.0315800000000000
18.8600000000000	-0.0731500000000000
18.8800000000000	-0.0144800000000000
18.9000000000000	0.112100000000000
18.9200000000000	0.192200000000000
18.9400000000000	0.212240000000000
18.9600000000000	0.206970000000000
18.9800000000000	0.179530000000000
19	0.173350000000000
19.0200000000000	0.175220000000000
19.0400000000000	0.138580000000000
19.0600000000000	0.0925100000000000
19.0800000000000	0.0921800000000000
19.1000000000000	0.143540000000000
19.1200000000000	0.196430000000000
19.1400000000000	0.189540000000000
19.1600000000000	0.145720000000000
19.1800000000000	0.145030000000000
19.2000000000000	0.223880000000000
19.2200000000000	0.438700000000000
19.2400000000000	0.651700000000000
19.2600000000000	0.723250000000000
19.2800000000000	0.646800000000000
19.3000000000000	0.375290000000000
19.3200000000000	0.143290000000000
19.3400000000000	0.0810700000000000
19.3600000000000	0.131670000000000
19.3800000000000	0.224850000000000
19.4000000000000	0.285720000000000
19.4200000000000	0.266300000000000
19.4400000000000	0.156270000000000
19.4600000000000	-0.00439000000000000
19.4800000000000	-0.0882600000000000
19.5000000000000	-0.130460000000000
19.5200000000000	-0.145620000000000
19.5400000000000	-0.159200000000000
19.5600000000000	-0.219420000000000
19.5800000000000	-0.333670000000000
19.6000000000000	-0.454030000000000
19.6200000000000	-0.574230000000000
19.6400000000000	-0.627970000000000
19.6600000000000	-0.618150000000000
19.6800000000000	-0.560210000000000
19.7000000000000	-0.508710000000000
19.7200000000000	-0.494880000000000
19.7400000000000	-0.578780000000000
19.7600000000000	-0.639480000000000
19.7800000000000	-0.666260000000000
19.8000000000000	-0.615680000000000
19.8200000000000	-0.491720000000000
19.8400000000000	-0.369790000000000
19.8600000000000	-0.305230000000000
19.8800000000000	-0.285160000000000
19.9000000000000	-0.306860000000000
19.9200000000000	-0.294210000000000
19.9400000000000	-0.251890000000000
19.9600000000000	-0.247060000000000
19.9800000000000	-0.305950000000000
20	-0.373090000000000
20.0200000000000	-0.408290000000000
20.0400000000000	-0.343650000000000
20.0600000000000	-0.211900000000000
20.0800000000000	-0.104630000000000
20.1000000000000	-0.0920200000000000
20.1200000000000	-0.156860000000000
20.1400000000000	-0.231380000000000
20.1600000000000	-0.222910000000000
20.1800000000000	-0.148690000000000
20.2000000000000	-0.0563800000000000
20.2200000000000	0.0228700000000000
20.2400000000000	0.0906300000000000
20.2600000000000	0.131870000000000
20.2800000000000	0.157310000000000
20.3000000000000	0.181560000000000
20.3200000000000	0.191960000000000
20.3400000000000	0.208620000000000
20.3600000000000	0.211730000000000
20.3800000000000	0.174740000000000
20.4000000000000	0.131500000000000
20.4200000000000	0.114870000000000
20.4400000000000	0.134620000000000
20.4600000000000	0.135890000000000
20.4800000000000	0.125230000000000
20.5000000000000	0.104830000000000
20.5200000000000	0.0707500000000000
20.5400000000000	0.0932200000000000
20.5600000000000	0.133560000000000
20.5800000000000	0.140670000000000
20.6000000000000	0.123920000000000
20.6200000000000	0.138730000000000
20.6400000000000	0.125230000000000
20.6600000000000	0.0464600000000000
20.6800000000000	-0.0225900000000000
20.7000000000000	-0.0708200000000000
20.7200000000000	-0.0683100000000000
20.7400000000000	0.0150000000000000
20.7600000000000	0.140130000000000
20.7800000000000	0.269930000000000
20.8000000000000	0.353180000000000
20.8200000000000	0.336140000000000
20.8400000000000	0.240080000000000
20.8600000000000	0.155080000000000
20.8800000000000	0.185750000000000
20.9000000000000	0.266040000000000
20.9200000000000	0.346350000000000
20.9400000000000	0.378760000000000
20.9600000000000	0.377820000000000
20.9800000000000	0.331160000000000
21	0.244840000000000
21.0200000000000	0.0966900000000000
21.0400000000000	-0.00805000000000000
21.0600000000000	-0.0242500000000000
21.0800000000000	0.0185600000000000
21.1000000000000	0.0605800000000000
21.1200000000000	0.0915300000000000
21.1400000000000	0.136450000000000
21.1600000000000	0.187100000000000
21.1800000000000	0.228050000000000
21.2000000000000	0.247480000000000
21.2200000000000	0.248660000000000
21.2400000000000	0.316310000000000
21.2600000000000	0.477740000000000
21.2800000000000	0.627160000000000
21.3000000000000	0.733780000000000
21.3200000000000	0.753690000000000
21.3400000000000	0.633560000000000
21.3600000000000	0.543160000000000
21.3800000000000	0.528900000000000
21.4000000000000	0.557440000000000
21.4200000000000	0.589080000000000
21.4400000000000	0.582500000000000
21.4600000000000	0.521510000000000
21.4800000000000	0.436460000000000
21.5000000000000	0.359260000000000
21.5200000000000	0.333840000000000
21.5400000000000	0.323860000000000
21.5600000000000	0.307310000000000
21.5800000000000	0.272790000000000
21.6000000000000	0.210150000000000
21.6200000000000	0.113500000000000
21.6400000000000	0.0188700000000000
21.6600000000000	-0.0649700000000000
21.6800000000000	-0.134690000000000
21.7000000000000	-0.178490000000000
21.7200000000000	-0.148130000000000
21.7400000000000	-0.115240000000000
21.7600000000000	-0.0720300000000000
21.7800000000000	-0.0998900000000000
21.8000000000000	-0.143030000000000
21.8200000000000	-0.178110000000000
21.8400000000000	-0.227680000000000
21.8600000000000	-0.317030000000000
21.8800000000000	-0.398940000000000
21.9000000000000	-0.438900000000000
21.9200000000000	-0.476900000000000
21.9400000000000	-0.471380000000000
21.9600000000000	-0.438950000000000
21.9800000000000	-0.471940000000000
22	-0.546230000000000
22.0200000000000	-0.638130000000000
22.0400000000000	-0.713450000000000
22.0600000000000	-0.770770000000000
22.0800000000000	-0.751500000000000
22.1000000000000	-0.715140000000000
22.1200000000000	-0.694470000000000
22.1400000000000	-0.682770000000000
22.1600000000000	-0.633590000000000
22.1800000000000	-0.598120000000000
22.2000000000000	-0.643730000000000
22.2200000000000	-0.704550000000000
22.2400000000000	-0.706930000000000
22.2600000000000	-0.638240000000000
22.2800000000000	-0.516970000000000
22.3000000000000	-0.398620000000000
22.3200000000000	-0.339660000000000
22.3400000000000	-0.310220000000000
22.3600000000000	-0.328180000000000
22.3800000000000	-0.392100000000000
22.4000000000000	-0.426010000000000
22.4200000000000	-0.408500000000000
22.4400000000000	-0.325450000000000
22.4600000000000	-0.273500000000000
22.4800000000000	-0.293460000000000
22.5000000000000	-0.354730000000000
22.5200000000000	-0.400600000000000
22.5400000000000	-0.387580000000000
22.5600000000000	-0.318530000000000
22.5800000000000	-0.201760000000000
22.6000000000000	-0.0726900000000000
22.6200000000000	0.00296000000000000
22.6400000000000	0.0302700000000000
22.6600000000000	0.0387500000000000
22.6800000000000	0.0498000000000000
22.7000000000000	0.0748700000000000
22.7200000000000	0.100580000000000
22.7400000000000	0.136680000000000
22.7600000000000	0.154520000000000
22.7800000000000	0.0973700000000000
22.8000000000000	0.0367400000000000
22.8200000000000	0.0162800000000000
22.8400000000000	0.0451600000000000
22.8600000000000	0.0579000000000000
22.8800000000000	0.0661800000000000
22.9000000000000	0.0932400000000000
22.9200000000000	0.134210000000000
22.9400000000000	0.202620000000000
22.9600000000000	0.289550000000000
22.9800000000000	0.301190000000000
23	0.275000000000000
23.0200000000000	0.264780000000000
23.0400000000000	0.294440000000000
23.0600000000000	0.354850000000000
23.0800000000000	0.412290000000000
23.1000000000000	0.414150000000000
23.1200000000000	0.388410000000000
23.1400000000000	0.397960000000000
23.1600000000000	0.387460000000000
23.1800000000000	0.348020000000000
23.2000000000000	0.284830000000000
23.2200000000000	0.226940000000000
23.2400000000000	0.216970000000000
23.2600000000000	0.256650000000000
23.2800000000000	0.308680000000000
23.3000000000000	0.319250000000000
23.3200000000000	0.274110000000000
23.3400000000000	0.201530000000000
23.3600000000000	0.118520000000000
23.3800000000000	0.0729300000000000
23.4000000000000	0.103740000000000
23.4200000000000	0.207110000000000
23.4400000000000	0.305380000000000
23.4600000000000	0.340480000000000
23.4800000000000	0.358120000000000
23.5000000000000	0.346690000000000
23.5200000000000	0.339010000000000
23.5400000000000	0.313280000000000
23.5600000000000	0.298150000000000
23.5800000000000	0.286520000000000
23.6000000000000	0.254290000000000
23.6200000000000	0.231750000000000
23.6400000000000	0.202380000000000
23.6600000000000	0.117850000000000
23.6800000000000	0.0355800000000000
23.7000000000000	-0.00697000000000000
23.7200000000000	-0.0511800000000000
23.7400000000000	-0.109310000000000
23.7600000000000	-0.162490000000000
23.7800000000000	-0.131620000000000
23.8000000000000	-0.0822800000000000
23.8200000000000	-0.0378000000000000
23.8400000000000	-0.0619000000000000
23.8600000000000	-0.0875300000000000
23.8800000000000	-0.0900400000000000
23.9000000000000	-0.0807000000000000
23.9200000000000	-0.0743800000000000
23.9400000000000	-0.116390000000000
23.9600000000000	-0.186510000000000
23.9800000000000	-0.253310000000000
24	-0.262020000000000
24.0200000000000	-0.197070000000000
24.0400000000000	-0.0815700000000000
24.0600000000000	-0.00114000000000000
24.0800000000000	0.0292000000000000
24.1000000000000	0.00330000000000000
24.1200000000000	-0.0906500000000000
24.1400000000000	-0.136390000000000
24.1600000000000	-0.117870000000000
24.1800000000000	-0.0853100000000000
24.2000000000000	-0.0785100000000000
24.2200000000000	-0.0714700000000000
24.2400000000000	-0.0324700000000000
24.2600000000000	0.0349500000000000
24.2800000000000	0.0329600000000000
24.3000000000000	-0.0584700000000000
24.3200000000000	-0.143500000000000
24.3400000000000	-0.206660000000000
24.3600000000000	-0.206050000000000
24.3800000000000	-0.157660000000000
24.4000000000000	-0.0846000000000000
24.4200000000000	-0.0552500000000000
24.4400000000000	-0.0601700000000000
24.4600000000000	-0.0941000000000000
24.4800000000000	-0.137460000000000
24.5000000000000	-0.176470000000000
24.5200000000000	-0.217900000000000
24.5400000000000	-0.243620000000000
24.5600000000000	-0.261900000000000
24.5800000000000	-0.241770000000000
24.6000000000000	-0.208160000000000
24.6200000000000	-0.197200000000000
24.6400000000000	-0.205730000000000
24.6600000000000	-0.191590000000000
24.6800000000000	-0.170340000000000
24.7000000000000	-0.142420000000000
24.7200000000000	-0.126200000000000
24.7400000000000	-0.122730000000000
24.7600000000000	-0.105830000000000
24.7800000000000	-0.0774300000000000
24.8000000000000	-0.0267500000000000
24.8200000000000	0.0422200000000000
24.8400000000000	0.0993500000000000
24.8600000000000	0.146550000000000
24.8800000000000	0.160920000000000
24.9000000000000	0.141850000000000
24.9200000000000	0.117780000000000
24.9400000000000	0.0987400000000000
24.9600000000000	0.0732100000000000
24.9800000000000	0.0549300000000000
25	0.0411200000000000
25.0200000000000	0.0266100000000000
25.0400000000000	0.0131300000000000
25.0600000000000	0.0201600000000000
25.0800000000000	0.0462100000000000
25.1000000000000	0.0357500000000000
25.1200000000000	0.0167000000000000
25.1400000000000	-0.000400000000000000
25.1600000000000	-0.0326400000000000
25.1800000000000	-0.0657400000000000
25.2000000000000	-0.0888300000000000
25.2200000000000	-0.0918400000000000
25.2400000000000	-0.0677900000000000
25.2600000000000	-0.0746700000000000
25.2800000000000	-0.111240000000000
25.3000000000000	-0.189570000000000
25.3200000000000	-0.264770000000000
25.3400000000000	-0.264110000000000
25.3600000000000	-0.245840000000000
25.3800000000000	-0.236360000000000
25.4000000000000	-0.203590000000000
25.4200000000000	-0.155570000000000
25.4400000000000	-0.0964200000000000
25.4600000000000	-0.0180900000000000
25.4800000000000	0.0622900000000000
25.5000000000000	0.134750000000000
25.5200000000000	0.227720000000000
25.5400000000000	0.315830000000000
25.5600000000000	0.343660000000000
25.5800000000000	0.299860000000000
25.6000000000000	0.234940000000000
25.6200000000000	0.209590000000000
25.6400000000000	0.206260000000000
25.6600000000000	0.201790000000000
25.6800000000000	0.212010000000000
25.7000000000000	0.214650000000000
25.7200000000000	0.207000000000000
25.7400000000000	0.166330000000000
25.7600000000000	0.138520000000000
25.7800000000000	0.135190000000000
25.8000000000000	0.131800000000000
25.8200000000000	0.0745600000000000
25.8400000000000	0.00912000000000000
25.8600000000000	-0.0192400000000000
25.8800000000000	-0.00623000000000000
25.9000000000000	0.00141000000000000
25.9200000000000	0.00102000000000000
25.9400000000000	-0.00396000000000000
25.9600000000000	-0.0214300000000000
25.9800000000000	-0.0480100000000000
26	-0.0777300000000000
26.0200000000000	-0.0838100000000000
26.0400000000000	-0.0667800000000000
26.0600000000000	-0.0525800000000000
26.0800000000000	-0.0536400000000000
26.1000000000000	-0.0702100000000000
26.1200000000000	-0.0973200000000000
26.1400000000000	-0.113990000000000
26.1600000000000	-0.111470000000000
26.1800000000000	-0.103200000000000
26.2000000000000	-0.0997500000000000
26.2200000000000	-0.102280000000000
26.2400000000000	-0.0962800000000000
26.2600000000000	-0.0755400000000000
26.2800000000000	-0.0258600000000000
26.3000000000000	-0.00140000000000000
26.3200000000000	-0.00346000000000000
26.3400000000000	0.0392800000000000
26.3600000000000	0.0994900000000000
26.3800000000000	0.116060000000000
26.4000000000000	0.108610000000000
26.4200000000000	0.108820000000000
26.4400000000000	0.122800000000000
26.4600000000000	0.161580000000000
26.4800000000000	0.219740000000000
26.5000000000000	0.264750000000000
26.5200000000000	0.314310000000000
26.5400000000000	0.336080000000000
26.5600000000000	0.327440000000000
26.5800000000000	0.303800000000000
26.6000000000000	0.280210000000000
26.6200000000000	0.270950000000000
26.6400000000000	0.297010000000000
26.6600000000000	0.345400000000000
26.6800000000000	0.387010000000000
26.7000000000000	0.403060000000000
26.7200000000000	0.397850000000000
26.7400000000000	0.375150000000000
26.7600000000000	0.361600000000000
26.7800000000000	0.356470000000000
26.8000000000000	0.352420000000000
26.8200000000000	0.354950000000000
26.8400000000000	0.361380000000000
26.8600000000000	0.358830000000000
26.8800000000000	0.353950000000000
26.9000000000000	0.337280000000000
26.9200000000000	0.307800000000000
26.9400000000000	0.259230000000000
26.9600000000000	0.200240000000000
26.9800000000000	0.128150000000000
27	0.0839800000000000
27.0200000000000	0.0464000000000000
27.0400000000000	0.0227000000000000
27.0600000000000	0.0154600000000000
27.0800000000000	0.00767000000000000
27.1000000000000	-0.0172200000000000
27.1200000000000	-0.0543400000000000
27.1400000000000	-0.128310000000000
27.1600000000000	-0.199440000000000
27.1800000000000	-0.243280000000000
27.2000000000000	-0.251270000000000
27.2200000000000	-0.262760000000000
27.2400000000000	-0.277960000000000
27.2600000000000	-0.283590000000000
27.2800000000000	-0.306760000000000
27.3000000000000	-0.338990000000000
27.3200000000000	-0.348200000000000
27.3400000000000	-0.334350000000000
27.3600000000000	-0.295490000000000
27.3800000000000	-0.224840000000000
27.4000000000000	-0.141140000000000
27.4200000000000	-0.0970200000000000
27.4400000000000	-0.121940000000000
27.4600000000000	-0.151950000000000
27.4800000000000	-0.155500000000000
27.5000000000000	-0.138930000000000
27.5200000000000	-0.0976400000000000
27.5400000000000	-0.0560700000000000
27.5600000000000	-0.0374800000000000
27.5800000000000	-0.0366100000000000
27.6000000000000	-0.0637700000000000
27.6200000000000	-0.100070000000000
27.6400000000000	-0.123110000000000
27.6600000000000	-0.117920000000000
27.6800000000000	-0.0978300000000000
27.7000000000000	-0.0473800000000000
27.7200000000000	0.0121600000000000
27.7400000000000	0.0470000000000000
27.7600000000000	0.0712600000000000
27.7800000000000	0.0668000000000000
27.8000000000000	0.0494100000000000
27.8200000000000	0.0259500000000000
27.8400000000000	0.0121500000000000
27.8600000000000	0.0174100000000000
27.8800000000000	0.0139200000000000
27.9000000000000	0.00767000000000000
27.9200000000000	-0.00716000000000000
27.9400000000000	-0.00644000000000000
27.9600000000000	0.0114600000000000
27.9800000000000	0.0211700000000000
28	0.00988000000000000
28.0200000000000	-0.0165900000000000
28.0400000000000	-0.0310200000000000
28.0600000000000	-0.0327900000000000
28.0800000000000	-0.0439900000000000
28.1000000000000	-0.0703300000000000
28.1200000000000	-0.118170000000000
28.1400000000000	-0.159580000000000
28.1600000000000	-0.183070000000000
28.1800000000000	-0.199040000000000
28.2000000000000	-0.205970000000000
28.2200000000000	-0.194030000000000
28.2400000000000	-0.146930000000000
28.2600000000000	-0.119290000000000
28.2800000000000	-0.115650000000000
28.3000000000000	-0.163440000000000
28.3200000000000	-0.227770000000000
28.3400000000000	-0.300840000000000
28.3600000000000	-0.362730000000000
28.3800000000000	-0.399030000000000
28.4000000000000	-0.434130000000000
28.4200000000000	-0.412210000000000
28.4400000000000	-0.345840000000000
28.4600000000000	-0.305790000000000
28.4800000000000	-0.291440000000000
28.5000000000000	-0.315870000000000
28.5200000000000	-0.366140000000000
28.5400000000000	-0.422060000000000
28.5600000000000	-0.483280000000000
28.5800000000000	-0.480660000000000
28.6000000000000	-0.450620000000000
28.6200000000000	-0.420060000000000
28.6400000000000	-0.418200000000000
28.6600000000000	-0.433670000000000
28.6800000000000	-0.432270000000000
28.7000000000000	-0.423480000000000
28.7200000000000	-0.416420000000000
28.7400000000000	-0.385610000000000
28.7600000000000	-0.358580000000000
28.7800000000000	-0.280380000000000
28.8000000000000	-0.205950000000000
28.8200000000000	-0.109260000000000
28.8400000000000	-0.00807000000000000
28.8600000000000	0.0604900000000000
28.8800000000000	0.111750000000000
28.9000000000000	0.130390000000000
28.9200000000000	0.124810000000000
28.9400000000000	0.140400000000000
28.9600000000000	0.187450000000000
28.9800000000000	0.250900000000000
29	0.273750000000000
29.0200000000000	0.260610000000000
29.0400000000000	0.240780000000000
29.0600000000000	0.224180000000000
29.0800000000000	0.214480000000000
29.1000000000000	0.225380000000000
29.1200000000000	0.261700000000000
29.1400000000000	0.305510000000000
29.1600000000000	0.344160000000000
29.1800000000000	0.373850000000000
29.2000000000000	0.362340000000000
29.2200000000000	0.346580000000000
29.2400000000000	0.312240000000000
29.2600000000000	0.266870000000000
29.2800000000000	0.239810000000000
29.3000000000000	0.262260000000000
29.3200000000000	0.304630000000000
29.3400000000000	0.340350000000000
29.3600000000000	0.363190000000000
29.3800000000000	0.360900000000000
29.4000000000000	0.325470000000000
29.4200000000000	0.281750000000000
29.4400000000000	0.239410000000000
29.4600000000000	0.245260000000000
29.4800000000000	0.260710000000000
29.5000000000000	0.267730000000000
29.5200000000000	0.253330000000000
29.5400000000000	0.214900000000000
29.5600000000000	0.187320000000000
29.5800000000000	0.152020000000000
29.6000000000000	0.138960000000000
29.6200000000000	0.161310000000000
29.6400000000000	0.209550000000000
29.6600000000000	0.266290000000000
29.6800000000000	0.313910000000000
29.7000000000000	0.322590000000000
29.7200000000000	0.325840000000000
29.7400000000000	0.346990000000000
29.7600000000000	0.339830000000000
29.7800000000000	0.302410000000000
29.8000000000000	0.227930000000000
29.8200000000000	0.195880000000000
29.8400000000000	0.222890000000000
29.8600000000000	0.242030000000000
29.8800000000000	0.242300000000000
29.9000000000000	0.214470000000000
29.9200000000000	0.187930000000000
29.9400000000000	0.170490000000000
29.9600000000000	0.151420000000000
29.9800000000000	0.138430000000000
30	0.128360000000000
30.0200000000000	0.130370000000000
30.0400000000000	0.143160000000000
30.0600000000000	0.160950000000000
30.0800000000000	0.155750000000000
30.1000000000000	0.159160000000000
30.1200000000000	0.152430000000000
30.1400000000000	0.130260000000000
30.1600000000000	0.0865700000000000
30.1800000000000	0.0401400000000000
30.2000000000000	0.0201500000000000
30.2200000000000	-0.00369000000000000
30.2400000000000	-0.0438600000000000
30.2600000000000	-0.0837800000000000
30.2800000000000	-0.110800000000000
30.3000000000000	-0.113400000000000
30.3200000000000	-0.0850800000000000
30.3400000000000	-0.0635700000000000
30.3600000000000	-0.0693600000000000
30.3800000000000	-0.100730000000000
30.4000000000000	-0.124840000000000
30.4200000000000	-0.150050000000000
30.4400000000000	-0.214460000000000
30.4600000000000	-0.234480000000000
30.4800000000000	-0.218290000000000
30.5000000000000	-0.218100000000000
30.5200000000000	-0.196580000000000
30.5400000000000	-0.185550000000000
30.5600000000000	-0.208540000000000
30.5800000000000	-0.221250000000000
30.6000000000000	-0.243070000000000
30.6200000000000	-0.254390000000000
30.6400000000000	-0.287410000000000
30.6600000000000	-0.302390000000000
30.6800000000000	-0.307540000000000
30.7000000000000	-0.301210000000000
30.7200000000000	-0.310370000000000
30.7400000000000	-0.339170000000000
30.7600000000000	-0.340000000000000
30.7800000000000	-0.382310000000000
30.8000000000000	-0.415830000000000
30.8200000000000	-0.409020000000000
30.8400000000000	-0.394080000000000
30.8600000000000	-0.361760000000000
30.8800000000000	-0.344720000000000
30.9000000000000	-0.355190000000000
30.9200000000000	-0.375500000000000
30.9400000000000	-0.401090000000000
30.9600000000000	-0.402190000000000
30.9800000000000	-0.388450000000000
31	-0.377820000000000
31.0200000000000	-0.361620000000000
31.0400000000000	-0.330910000000000
31.0600000000000	-0.274760000000000
31.0800000000000	-0.224950000000000
31.1000000000000	-0.190620000000000
31.1200000000000	-0.150440000000000
31.1400000000000	-0.109850000000000
31.1600000000000	-0.0521700000000000
31.1800000000000	-0.0203200000000000
31.2000000000000	-0.000530000000000000
31.2200000000000	-0.000740000000000000
31.2400000000000	-0.00836000000000000
31.2600000000000	-0.00368000000000000
31.2800000000000	0.00532000000000000
31.3000000000000	0.0112900000000000
31.3200000000000	0.00826000000000000
31.3400000000000	-0.00838000000000000
31.3600000000000	0.00173000000000000
31.3800000000000	0.0166300000000000
31.4000000000000	0.0291500000000000
31.4200000000000	0.0362200000000000
31.4400000000000	0.0565400000000000
31.4600000000000	0.0763600000000000
31.4800000000000	0.0711600000000000
31.5000000000000	0.0738600000000000
31.5200000000000	0.0629000000000000
31.5400000000000	0.0744400000000000
31.5600000000000	0.0675800000000000
31.5800000000000	0.0654900000000000
31.6000000000000	0.0621900000000000
31.6200000000000	0.0871400000000000
31.6400000000000	0.111020000000000
31.6600000000000	0.107600000000000
31.6800000000000	0.116290000000000
31.7000000000000	0.124290000000000
31.7200000000000	0.148300000000000
31.7400000000000	0.166000000000000
31.7600000000000	0.134410000000000
31.7800000000000	0.104470000000000
31.8000000000000	0.0936200000000000
31.8200000000000	0.104290000000000
31.8400000000000	0.0958800000000000
31.8600000000000	0.0750900000000000
31.8800000000000	0.0581100000000000
31.9000000000000	0.0697100000000000
31.9200000000000	0.0716900000000000
31.9400000000000	0.0620600000000000
31.9600000000000	0.0627500000000000
31.9800000000000	0.0725500000000000
32	0.107630000000000
32.0200000000000	0.150920000000000
32.0400000000000	0.160380000000000
32.0600000000000	0.157050000000000
32.0800000000000	0.165800000000000
32.1000000000000	0.190200000000000
32.1200000000000	0.201420000000000
32.1400000000000	0.221910000000000
32.1600000000000	0.237850000000000
32.1800000000000	0.220420000000000
32.2000000000000	0.184650000000000
32.2200000000000	0.148450000000000
32.2400000000000	0.100470000000000
32.2600000000000	0.0993100000000000
32.2800000000000	0.107090000000000
32.3000000000000	0.122840000000000
32.3200000000000	0.163770000000000
32.3400000000000	0.194890000000000
32.3600000000000	0.189640000000000
32.3800000000000	0.180060000000000
32.4000000000000	0.173360000000000
32.4200000000000	0.152760000000000
32.4400000000000	0.133080000000000
32.4600000000000	0.149940000000000
32.4800000000000	0.175520000000000
32.5000000000000	0.197720000000000
32.5200000000000	0.213050000000000
32.5400000000000	0.217940000000000
32.5600000000000	0.191790000000000
32.5800000000000	0.170310000000000
32.6000000000000	0.162770000000000
32.6200000000000	0.160070000000000
32.6400000000000	0.171070000000000
32.6600000000000	0.175330000000000
32.6800000000000	0.169920000000000
32.7000000000000	0.147890000000000
32.7200000000000	0.109610000000000
32.7400000000000	0.0602600000000000
32.7600000000000	0.0441100000000000
32.7800000000000	0.0281500000000000
32.8000000000000	0.0342800000000000
32.8200000000000	0.0274300000000000
32.8400000000000	0.0195100000000000
32.8600000000000	0.0333900000000000
32.8800000000000	0.0469900000000000
32.9000000000000	0.0282200000000000
32.9200000000000	-0.0173600000000000
32.9400000000000	-0.0733700000000000
32.9600000000000	-0.112010000000000
32.9800000000000	-0.122570000000000
33	-0.116520000000000
33.0200000000000	-0.109080000000000
33.0400000000000	-0.102700000000000
33.0600000000000	-0.126710000000000
33.0800000000000	-0.174050000000000
33.1000000000000	-0.211370000000000
33.1200000000000	-0.215890000000000
33.1400000000000	-0.189850000000000
33.1600000000000	-0.170830000000000
33.1800000000000	-0.171370000000000
33.2000000000000	-0.152200000000000
33.2200000000000	-0.139440000000000
33.2400000000000	-0.130420000000000
33.2600000000000	-0.139030000000000
33.2800000000000	-0.148860000000000
33.3000000000000	-0.141490000000000
33.3200000000000	-0.112490000000000
33.3400000000000	-0.0776500000000000
33.3600000000000	-0.0487500000000000
33.3800000000000	-0.0476000000000000
33.4000000000000	-0.0663300000000000
33.4200000000000	-0.105190000000000
33.4400000000000	-0.132150000000000
33.4600000000000	-0.152870000000000
33.4800000000000	-0.182200000000000
33.5000000000000	-0.175090000000000
33.5200000000000	-0.141550000000000
33.5400000000000	-0.0921700000000000
33.5600000000000	-0.0618000000000000
33.5800000000000	-0.0666900000000000
33.6000000000000	-0.0625100000000000
33.6200000000000	-0.0363500000000000
33.6400000000000	-0.0292700000000000
33.6600000000000	-0.0449300000000000
33.6800000000000	-0.0514900000000000
33.7000000000000	-0.0622200000000000
33.7200000000000	-0.0563300000000000
33.7400000000000	-0.0363200000000000
33.7600000000000	-0.0399200000000000
33.7800000000000	-0.0346600000000000
33.8000000000000	-0.0432400000000000
33.8200000000000	-0.00769000000000000
33.8400000000000	0.0673200000000000
33.8600000000000	0.118930000000000
33.8800000000000	0.140990000000000
33.9000000000000	0.158040000000000
33.9200000000000	0.143680000000000
33.9400000000000	0.129110000000000
33.9600000000000	0.110100000000000
33.9800000000000	0.0980200000000000
34	0.106200000000000
34.0200000000000	0.141650000000000
34.0400000000000	0.145500000000000
34.0600000000000	0.122170000000000
34.0800000000000	0.0736200000000000
34.1000000000000	0.0301800000000000
34.1200000000000	0.0203900000000000
34.1400000000000	0.0194000000000000
34.1600000000000	0.0289200000000000
34.1800000000000	0.0363000000000000
34.2000000000000	0.0708600000000000
34.2200000000000	0.127700000000000
34.2400000000000	0.149290000000000
34.2600000000000	0.128180000000000
34.2800000000000	0.0857000000000000
34.3000000000000	0.0295800000000000
34.3200000000000	-0.00986000000000000
34.3400000000000	-0.0460500000000000
34.3600000000000	-0.0881000000000000
34.3800000000000	-0.159080000000000
34.4000000000000	-0.184890000000000
34.4200000000000	-0.182880000000000
34.4400000000000	-0.167750000000000
34.4600000000000	-0.134530000000000
34.4800000000000	-0.0706300000000000
34.5000000000000	0.00322000000000000
34.5200000000000	0.0262100000000000
34.5400000000000	-0.00671000000000000
34.5600000000000	-0.0190100000000000
34.5800000000000	-0.0350000000000000
34.6000000000000	-0.0611800000000000
34.6200000000000	-0.0842300000000000
34.6400000000000	-0.103540000000000
34.6600000000000	-0.150860000000000
34.6800000000000	-0.185380000000000
34.7000000000000	-0.187580000000000
34.7200000000000	-0.152720000000000
34.7400000000000	-0.0994400000000000
34.7600000000000	-0.0692500000000000
34.7800000000000	-0.0537900000000000
34.8000000000000	-0.0502900000000000
34.8200000000000	-0.0594200000000000
34.8400000000000	-0.0459300000000000
34.8600000000000	-0.0334000000000000
34.8800000000000	-0.0451200000000000
34.9000000000000	-0.0454500000000000
34.9200000000000	-0.0234000000000000
34.9400000000000	-0.0279000000000000
34.9600000000000	-0.0120500000000000
34.9800000000000	-0.0198500000000000
35	-0.0328600000000000
35.0200000000000	-0.0200500000000000
35.0400000000000	0.00309000000000000
35.0600000000000	0.0191900000000000
35.0800000000000	0.0119700000000000
35.1000000000000	0.0115200000000000
35.1200000000000	0.00543000000000000
35.1400000000000	0.0147300000000000
35.1600000000000	0.0237700000000000
35.1800000000000	0.0501700000000000
35.2000000000000	0.0711200000000000
35.2200000000000	0.0685700000000000
35.2400000000000	0.0488900000000000
35.2600000000000	0.0216800000000000
35.2800000000000	-0.00405000000000000
35.3000000000000	-0.0209100000000000
35.3200000000000	-0.0302000000000000
35.3400000000000	-0.0188700000000000
35.3600000000000	-0.0199500000000000
35.3800000000000	-0.0262900000000000
35.4000000000000	-0.0102500000000000
35.4200000000000	-0.00373000000000000
35.4400000000000	-0.0139000000000000
35.4600000000000	-0.0156600000000000
35.4800000000000	-0.0290100000000000
35.5000000000000	-0.0237800000000000
35.5200000000000	-0.0110200000000000
35.5400000000000	-0.0205700000000000
35.5600000000000	-0.0350800000000000
35.5800000000000	-0.0159900000000000
35.6000000000000	-0.0123500000000000
35.6200000000000	-0.0420800000000000
35.6400000000000	-0.0687000000000000
35.6600000000000	-0.0688500000000000
35.6800000000000	-0.0632200000000000
35.7000000000000	-0.0405500000000000
35.7200000000000	-0.00688000000000000
35.7400000000000	0.0263200000000000
35.7600000000000	0.0423500000000000
35.7800000000000	0.0366800000000000
35.8000000000000	0.000850000000000000
35.8200000000000	-0.0370000000000000
35.8400000000000	-0.0420300000000000
35.8600000000000	-0.0169200000000000
35.8800000000000	0.00756000000000000
35.9000000000000	0.0103000000000000
35.9200000000000	0.00236000000000000
35.9400000000000	-0.00194000000000000
35.9600000000000	0.0175000000000000
35.9800000000000	0.0297300000000000
36	0.0370600000000000
36.0200000000000	-0.00363000000000000
36.0400000000000	-0.0373800000000000
36.0600000000000	-0.0320900000000000
36.0800000000000	-0.0264300000000000
36.1000000000000	-0.0187400000000000
36.1200000000000	-0.00899000000000000
36.1400000000000	0.0245500000000000
36.1600000000000	0.0831400000000000
36.1800000000000	0.135680000000000
36.2000000000000	0.137850000000000
36.2200000000000	0.104260000000000
36.2400000000000	0.105900000000000
36.2600000000000	0.134430000000000
36.2800000000000	0.137840000000000
36.3000000000000	0.118040000000000
36.3200000000000	0.0847500000000000
36.3400000000000	0.0679600000000000
36.3600000000000	0.0657100000000000
36.3800000000000	0.0895400000000000
36.4000000000000	0.105890000000000
36.4200000000000	0.101260000000000
36.4400000000000	0.0781300000000000
36.4600000000000	0.0583000000000000
36.4800000000000	0.0371800000000000
36.5000000000000	0.0261700000000000
36.5200000000000	0.0532500000000000
36.5400000000000	0.0688800000000000
36.5600000000000	0.0896100000000000
36.5800000000000	0.114100000000000
36.6000000000000	0.135520000000000
36.6200000000000	0.141740000000000
36.6400000000000	0.127350000000000
36.6600000000000	0.116040000000000
36.6800000000000	0.132790000000000
36.7000000000000	0.151340000000000
36.7200000000000	0.127740000000000
36.7400000000000	0.0884800000000000
36.7600000000000	0.0745300000000000
36.7800000000000	0.0658600000000000
36.8000000000000	0.0675400000000000
36.8200000000000	0.0544200000000000
36.8400000000000	0.0527600000000000
36.8600000000000	0.0607300000000000
36.8800000000000	0.0695900000000000
36.9000000000000	0.0731600000000000
36.9200000000000	0.0491700000000000
36.9400000000000	0.0286000000000000
36.9600000000000	0.0238700000000000
36.9800000000000	-0.00466000000000000
37	-0.0266400000000000
37.0200000000000	-0.00628000000000000
37.0400000000000	0.0163300000000000
37.0600000000000	0.0578000000000000
37.0800000000000	0.0871300000000000
37.1000000000000	0.0490200000000000
37.1200000000000	-0.00358000000000000
37.1400000000000	-0.0499100000000000
37.1600000000000	-0.0838700000000000
37.1800000000000	-0.0828300000000000
37.2000000000000	-0.0773000000000000
37.2200000000000	-0.0927100000000000
37.2400000000000	-0.107090000000000
37.2600000000000	-0.106340000000000
37.2800000000000	-0.0850600000000000
37.3000000000000	-0.0779500000000000
37.3200000000000	-0.0828000000000000
37.3400000000000	-0.104190000000000
37.3600000000000	-0.118520000000000
37.3800000000000	-0.117780000000000
37.4000000000000	-0.105530000000000
37.4200000000000	-0.0920000000000000
37.4400000000000	-0.0817100000000000
37.4600000000000	-0.100860000000000
37.4800000000000	-0.0918400000000000
37.5000000000000	-0.0760100000000000
37.5200000000000	-0.0666000000000000
37.5400000000000	-0.0869600000000000
37.5600000000000	-0.0986000000000000
37.5800000000000	-0.102330000000000
37.6000000000000	-0.0993600000000000
37.6200000000000	-0.0776000000000000
37.6400000000000	-0.0478800000000000
37.6600000000000	-0.0326700000000000
37.6800000000000	-0.0472400000000000
37.7000000000000	-0.0728100000000000
37.7200000000000	-0.0905700000000000
37.7400000000000	-0.107150000000000
37.7600000000000	-0.0953300000000000
37.7800000000000	-0.0758500000000000
37.8000000000000	-0.0693300000000000
37.8200000000000	-0.0824800000000000
37.8400000000000	-0.0872000000000000
37.8600000000000	-0.0797000000000000
37.8800000000000	-0.0594600000000000
37.9000000000000	-0.0370900000000000
37.9200000000000	-0.00855000000000000
37.9400000000000	-0.00152000000000000
37.9600000000000	-0.0146500000000000
37.9800000000000	-0.0431800000000000
38	-0.0720900000000000
38.0200000000000	-0.0732700000000000
38.0400000000000	-0.0694300000000000
38.0600000000000	-0.0582800000000000
38.0800000000000	-0.0497300000000000
38.1000000000000	-0.0502500000000000
38.1200000000000	-0.0472900000000000
38.1400000000000	-0.0285300000000000
38.1600000000000	-0.0161500000000000
38.1800000000000	-0.0106600000000000
38.2000000000000	-0.0231100000000000
38.2200000000000	-0.0450500000000000
38.2400000000000	-0.0376500000000000
38.2600000000000	-0.00128000000000000
38.2800000000000	0.0511600000000000
38.3000000000000	0.0954400000000000
38.3200000000000	0.0896600000000000
38.3400000000000	0.0622300000000000
38.3600000000000	0.0215300000000000
38.3800000000000	-0.000180000000000000
38.4000000000000	-0.000240000000000000
38.4200000000000	0.00503000000000000
38.4400000000000	0.0136400000000000
38.4600000000000	0.0417100000000000
38.4800000000000	0.0888700000000000
38.5000000000000	0.106900000000000
38.5200000000000	0.0804700000000000
38.5400000000000	0.0339700000000000
38.5600000000000	-0.00383000000000000
38.5800000000000	0.0133100000000000
38.6000000000000	0.0566800000000000
38.6200000000000	0.0778200000000000
38.6400000000000	0.0764400000000000
38.6600000000000	0.0674000000000000
38.6800000000000	0.0575700000000000
38.7000000000000	0.0622700000000000
38.7200000000000	0.0637300000000000
38.7400000000000	0.0424100000000000
38.7600000000000	0.0293600000000000
38.7800000000000	0.0441900000000000
38.8000000000000	0.0670000000000000
38.8200000000000	0.0730600000000000
38.8400000000000	0.0616400000000000
38.8600000000000	0.0264500000000000
38.8800000000000	-0.00966000000000000
38.9000000000000	-0.0270600000000000
38.9200000000000	-0.0436300000000000
38.9400000000000	-0.0319100000000000
38.9600000000000	0.0182900000000000
38.9800000000000	0.0790600000000000
39	0.127370000000000
39.0200000000000	0.173960000000000
39.0400000000000	0.184640000000000
39.0600000000000	0.161270000000000
39.0800000000000	0.136710000000000
39.1000000000000	0.114400000000000
39.1200000000000	0.0856300000000000
39.1400000000000	0.0479100000000000
39.1600000000000	0.0389500000000000
39.1800000000000	0.0355800000000000
39.2000000000000	0.0173500000000000
39.2200000000000	-0.00606000000000000
39.2400000000000	-0.0500500000000000
39.2600000000000	-0.0902100000000000
39.2800000000000	-0.109720000000000
39.3000000000000	-0.0903000000000000
39.3200000000000	-0.0478200000000000
39.3400000000000	-0.0136300000000000
39.3600000000000	0.0102500000000000
39.3800000000000	0.0177900000000000
39.4000000000000	0.0118300000000000
39.4200000000000	-0.0111900000000000
39.4400000000000	-0.0294200000000000
39.4600000000000	-0.0457200000000000
39.4800000000000	-0.0689900000000000
39.5000000000000	-0.0583000000000000
39.5200000000000	-0.0532900000000000
39.5400000000000	-0.0474400000000000
39.5600000000000	-0.0371600000000000
39.5800000000000	-0.0325400000000000
39.6000000000000	-0.0143700000000000
39.6200000000000	-0.0137800000000000
39.6400000000000	-0.0249600000000000
39.6600000000000	-0.0254900000000000
39.6800000000000	-0.0361000000000000
39.7000000000000	-0.0627500000000000
39.7200000000000	-0.0876500000000000
39.7400000000000	-0.0988900000000000
39.7600000000000	-0.0658900000000000
39.7800000000000	-0.0437800000000000
39.8000000000000	-0.00945000000000000
39.8200000000000	0.00147000000000000
39.8400000000000	-0.0140000000000000
39.8600000000000	-0.0338600000000000
39.8800000000000	-0.0484200000000000
39.9000000000000	-0.0780800000000000
39.9200000000000	-0.100330000000000
39.9400000000000	-0.0941800000000000
39.9600000000000	-0.0555000000000000
39.9800000000000	-0.0494700000000000
40	-0.0780000000000000
40.0200000000000	-0.0944800000000000
40.0400000000000	-0.0620600000000000
40.0600000000000	-0.0149000000000000
40.0800000000000	0.0219500000000000
40.1000000000000	0.0178500000000000
40.1200000000000	0.00309000000000000
40.1400000000000	-0.0126900000000000
40.1600000000000	-0.0344300000000000
40.1800000000000	-0.0383600000000000
40.2000000000000	-0.0455300000000000
40.2200000000000	-0.0447500000000000
40.2400000000000	-0.0264300000000000
40.2600000000000	-0.0276400000000000