                         0            -0.05451762312
                     0.005            -0.05473410039
                      0.01            -0.05508712305
                     0.015            -0.05541798492
                      0.02            -0.05503879899
                     0.025            -0.05415228891
                      0.03            -0.05280926067
                     0.035            -0.05153775714
                      0.04            -0.05036596245
                     0.045            -0.04837866246
                      0.05            -0.04461020982
                     0.055            -0.03970271808
                      0.06            -0.03547587357
                     0.065            -0.03443278608
                      0.07            -0.03801844899
                     0.075            -0.04560131412
                      0.08            -0.05328912663
                     0.085            -0.05828048406
                      0.09            -0.05886704358
                     0.095            -0.05503611105
                       0.1            -0.05451790761
                     0.105            -0.06574993578
                      0.11             -0.0919639431
                     0.115             -0.1308654981
                      0.12             -0.1728420957
                     0.125             -0.2053352682
                      0.13             -0.2209812372
                     0.135              -0.217844784
                      0.14             -0.2003212791
                     0.145             -0.1716352695
                      0.15             -0.1301341626
                     0.155            -0.07201574955
                      0.16            0.001259214543
                     0.165             0.07407797832
                      0.17               0.145543122
                     0.175              0.1892171439
                      0.18              0.2024839917
                     0.185               0.193017636
                      0.19              0.1604983689
                     0.195               0.102019095
                       0.2             0.02686734351
                     0.205            -0.05738805855
                      0.21             -0.1334711322
                     0.215             -0.1909547892
                      0.22             -0.2294754219
                     0.225             -0.2384218476
                      0.23             -0.2332167597
                     0.235             -0.2306214261
                      0.24             -0.2386153989
                     0.245             -0.2422668771
                      0.25             -0.2146662459
                     0.255             -0.1724130063
                      0.26             -0.1304224785
                     0.265             -0.0983469177
                      0.27            -0.07758208089
                     0.275            -0.07114693671
                      0.28            -0.04967042364
                     0.285            0.007522407081
                      0.29             0.09197304678
                     0.295              0.1769873112
                       0.3              0.2365467642
                     0.305              0.2654314263
                      0.31              0.2673836163
                     0.315              0.2562708483
                      0.32              0.2252213154
                     0.325               0.177322617
                      0.33              0.1235641113
                     0.335             0.07633123722
                      0.34             0.03387311577
                     0.345            -0.04163488587
                      0.35             -0.1371295755
                     0.355              -0.230968602
                      0.36             -0.3106831905
                     0.365             -0.3507196644
                      0.37             -0.3355867584
                     0.375              -0.261086283
                      0.38             -0.1763792874
                     0.385             -0.1310142177
                      0.39             -0.1251989478
                     0.395             -0.1559890062
                       0.4             -0.2227917708
                     0.405             -0.2953219077
                      0.41             -0.3030359031
                     0.415             -0.1833278085
                      0.42             0.06229925847
                     0.425              0.3417506757
                      0.43              0.5610237957
                     0.435              0.6327730566
                      0.44              0.5536527579
                     0.445              0.3750605307
                      0.45              0.1651606695
                     0.455            -0.02441933649
                      0.46             -0.1640505699
                     0.465             -0.2561633307
                      0.47             -0.3347424117
                     0.475             -0.4301748765
                      0.48             -0.5578911684
                     0.485             -0.6843165624
                      0.49             -0.7709147298
                     0.495             -0.8042582331
                       0.5             -0.7749967689
                     0.505              -0.669314718
                      0.51             -0.4966847145
                     0.515             -0.2770712856
                      0.52            -0.03634100766
                     0.525                0.16974243
                      0.53              0.2842443576
                     0.535              0.2797927758
                      0.54               0.144404181
                     0.545            -0.09162594936
                      0.55             -0.3495462903
                     0.555             -0.5663609262
                      0.56             -0.6881929839
                     0.565             -0.7051365216
                      0.57             -0.6240153753
                     0.575             -0.4742303112
                      0.58             -0.3107069307
                     0.585             -0.1823994882
                      0.59            -0.08674808382
                     0.595            0.007022195181
                       0.6              0.1399287609
                     0.605              0.3282036543
                      0.61              0.5563297107
                     0.615              0.7683534369
                      0.62              0.8894901618
                     0.625              0.8610183045
                      0.63              0.6978046257
                     0.635              0.4757645952
                      0.64              0.2468049831
                     0.645             0.03172362705
                      0.65              -0.178850034
                     0.655             -0.4229223435
                      0.66             -0.6957368739
                     0.665             -0.9587300247
                      0.67              -1.142057637
                     0.675              -1.173476124
                      0.68              -1.044883701
                     0.685             -0.8366540904
                      0.69             -0.6643635129
                     0.695             -0.6091076088
                       0.7             -0.6147689598
                     0.705             -0.5675668695
                      0.71             -0.3959748621
                     0.715             -0.1227768588
                      0.72              0.1826917281
                     0.725              0.4221457839
                      0.73              0.5524499538
                     0.735              0.5550931602
                      0.74              0.4448352348
                     0.745              0.2930349024
                      0.75              0.1644127551
                     0.755             0.05719262373
                      0.76            -0.07415978391
                     0.765             -0.2584429785
                      0.77             -0.4805564859
                     0.775             -0.6773306652
                      0.78             -0.8296798671
                     0.785             -0.9309775347
                      0.79              -0.993420441
                     0.795              -1.017190071
                       0.8             -0.9779841117
                     0.805              -0.859916151
                      0.81             -0.6647417865
                     0.815             -0.4205190897
                      0.82             -0.2085886566
                     0.825            -0.07899869394
                      0.83            -0.05786582517
                     0.835             -0.1712619009
                      0.84             -0.4015163349
                     0.845             -0.6992545437
                      0.85              -1.015809804
                     0.855              -1.298889126
                      0.86              -1.542633291
                     0.865              -1.780062759
                      0.87              -1.995406974
                     0.875              -2.161679607
                      0.88               -2.26172493
                     0.885              -2.296517076
                      0.89               -2.24518527
                     0.895              -2.117624859
                       0.9              -1.942103358
                     0.905              -1.744687899
                      0.91              -1.586746899
                     0.915              -1.503614016
                      0.92              -1.470235491
                     0.925              -1.465562007
                      0.93              -1.500554277
                     0.935               -1.54729206
                      0.94              -1.577530404
                     0.945              -1.597723308
                      0.95              -1.605742983
                     0.955              -1.608615351
                      0.96              -1.622229669
                     0.965              -1.646341668
                      0.97              -1.679856552
                     0.975              -1.723198113
                      0.98              -1.778357781
                     0.985              -1.841197698
                      0.99              -1.910564208
                     0.995              -1.966516524
                         1              -1.985883426
                     1.005              -1.948317993
                      1.01              -1.855325079
                     1.015              -1.707257844
                      1.02              -1.517968989
                     1.025              -1.315889856
                      1.03              -1.094326101
                     1.035              -0.846385218
                      1.04             -0.5583213369
                     1.045             -0.2300249781
                      1.05              0.1041202008
                     1.055              0.4278766878
                      1.06              0.7647843627
                     1.065               1.081364148
                      1.07                1.37377278
                     1.075               1.687050225
                      1.08               2.025790506
                     1.085                2.36020752
                      1.09               2.690319906
                     1.095               3.018562506
                       1.1               3.304833021
                     1.105               3.552941655
                      1.11               3.788665164
                     1.115               4.009894398
                      1.12               4.196293227
                     1.125               4.351098951
                      1.13               4.460990571
                     1.135               4.515849072
                      1.14               4.506088122
                     1.145               4.446517878
                      1.15               4.387862907
                     1.155               4.343386329
                      1.16               4.316816925
                     1.165               4.301566299
                      1.17               4.316133168
                     1.175               4.359437451
                      1.18               4.408961274
                     1.185               4.478766291
                      1.19                4.56329808
                     1.195               4.625813286
                       1.2               4.664072286
                     1.205               4.703299533
                      1.21                4.73883822
                     1.215               4.696921071
                      1.22               4.587739695
                     1.225               4.372764336
                      1.23               4.020502932
                     1.235               3.593411829
                      1.24               3.164599071
                     1.245               2.677805289
                      1.25               2.141118828
                     1.255               1.639529604
                      1.26               1.224398853
                     1.265              0.8284637214
                      1.27              0.4434410376
                     1.275             0.09635182857
                      1.28             -0.1908850401
                     1.285             -0.3639295161
                      1.29             -0.4339554543
                     1.295             -0.4224451851
                       1.3             -0.3019857426
                     1.305            -0.06758400357
                      1.31              0.2753231436
                     1.315               0.716893218
                      1.32               1.188387324
                     1.325               1.612447137
                      1.33               1.968957252
                     1.335               2.251187028
                      1.34               2.524298409
                     1.345               2.810424717
                      1.35               3.079552257
                     1.355               3.298449654
                      1.36               3.490705053
                     1.365               3.667593087
                      1.37               3.890938338
                     1.375               4.188547251
                      1.38               4.551167034
                     1.385               4.859925993
                      1.39                5.05610343
                     1.395               5.186999241
                       1.4                5.26000428
                     1.405               5.228392536
                      1.41               5.104695303
                     1.415               4.902371901
                      1.42               4.653809064
                     1.425               4.402632843
                      1.43               4.170821562
                     1.435               3.785436693
                      1.44                 3.2993973
                     1.445               2.704573836
                      1.45               2.063123442
                     1.455               1.406340018
                      1.46              0.6943829958
                     1.465            -0.09683359767
                      1.47             -0.9414046818
                     1.475              -1.787455575
                      1.48              -2.512675521
                     1.485              -3.162807765
                      1.49              -3.806204463
                     1.495              -4.341599928
                       1.5              -4.870539432
                     1.505              -5.468082228
                      1.51              -6.101940663
                     1.515              -6.608538873
                      1.52              -6.908540445
                     1.525              -6.903320544
                      1.53              -6.580914894
                     1.535              -6.082297119
                      1.54               -5.54073705
                     1.545              -5.008123701
                      1.55              -4.560491439
                     1.555              -4.249428111
                      1.56              -4.058450955
                     1.565              -3.971728593
                      1.57              -3.941780625
                     1.575                -3.9755025
                      1.58              -4.078294623
                     1.585              -4.256663967
                      1.59              -4.525992612
                     1.595              -4.860153585
                       1.6              -5.211064152
                     1.605              -5.555970018
                      1.61              -5.870528649
                     1.615              -6.098045112
                      1.62              -6.169530582
                     1.625              -6.019969284
                      1.63              -5.618852118
                     1.635              -5.016422961
                      1.64              -4.288161915
                     1.645              -3.596811975
                      1.65              -3.050405766
                     1.655              -2.567618388
                      1.66              -2.062702593
                     1.665              -1.532818386
                      1.67             -0.9785800692
                     1.675             -0.4063089123
                      1.68              0.1328276943
                     1.685              0.5574626676
                      1.69              0.9417785409
                     1.695               1.287959805
                       1.7               1.535589711
                     1.705               1.757592954
                      1.71                1.96824897
                     1.715               2.122032492
                      1.72               2.205188919
                     1.725                2.17187514
                      1.73               2.006533476
                     1.735               1.759534353
                      1.74               1.523486133
                     1.745               1.400059656
                      1.75                1.53729567
                     1.755               1.832497209
                      1.76               2.237244075
                     1.765               2.741349564
                      1.77               3.212410068
                     1.775               3.670791147
                      1.78               4.021911648
                     1.785               4.222549692
                      1.79               4.266363114
                     1.795               4.158008721
                       1.8               3.931379082
                     1.805               3.628928934
                      1.81               3.283536492
                     1.815                2.89096776
                      1.82               2.456375931
                     1.825                2.01627873
                      1.83               1.549186371
                     1.835               1.078650702
                      1.84              0.6435574839
                     1.845              0.2344611582
                      1.85             -0.1983340674
                     1.855             -0.5875883928
                      1.86             -0.9349298856
                     1.865              -1.264837635
                      1.87              -1.580945265
                     1.875              -1.923984288
                      1.88              -2.200797963
                     1.885              -2.331216027
                      1.89              -2.359988757
                     1.895               -2.30565411
                       1.9              -2.177387379
                     1.905              -1.990716813
                      1.91              -1.689838227
                     1.915              -1.240284186
                      1.92             -0.7245117621
                     1.925             -0.2324306844
                      1.93              0.1966936392
                     1.935               0.512353737
                      1.94              0.7009201836
                     1.945              0.7862602185
                      1.95               0.768753783
                     1.955              0.6395230233
                      1.96              0.4294500156
                     1.965              0.2033788599
                      1.97             0.04187021796
                     1.975            -0.00989253153
                      1.98           0.0006321215745
                     1.985           -0.004245037155
                      1.99             -0.0938946492
                     1.995             -0.2926223919
                         2             -0.5901553755
                     2.005             -0.9398495025
                      2.01              -1.269283527
                     2.015              -1.544097924
                      2.02              -1.769893713
                     2.025              -1.942698825
                      2.03              -2.074426524
                     2.035              -2.166134328
                      2.04              -2.257397739
                     2.045              -2.382930423
                      2.05               -2.52590823
                     2.055              -2.660473962
                      2.06               -2.75665905
                     2.065              -2.806025913
                      2.07              -2.800688292
                     2.075              -2.736178713
                      2.08              -2.627815491
                     2.085              -2.490512769
                      2.09              -2.359203957
                     2.095              -2.257126002
                       2.1              -2.163073608
                     2.105              -2.052837657
                      2.11              -1.915128801
                     2.115              -1.749075912
                      2.12              -1.560514959
                     2.125              -1.357720677
                      2.13              -1.165567302
                     2.135              -0.999043533
                      2.14             -0.8841118293
                     2.145             -0.8269214913
                      2.15             -0.7910610363
                     2.155             -0.7676061111
                      2.16             -0.7618875678
                     2.165             -0.8084714319
                      2.17             -0.9164591271
                     2.175              -1.084386609
                      2.18              -1.288070658
                     2.185              -1.495948482
                      2.19              -1.693687671
                     2.195              -1.842475941
                       2.2              -1.950499737
                     2.205              -1.999512459
                      2.21              -2.009262618
                     2.215              -1.981635696
                      2.22              -1.902961458
                     2.225              -1.771098381
                      2.23              -1.599252687
                     2.235              -1.378702305
                      2.24              -1.106846604
                     2.245             -0.8387207631
                      2.25              -0.581167944
                     2.255             -0.3913955541
                      2.26             -0.3053473353
                     2.265             -0.2524562298
                      2.27             -0.2348934849
                     2.275             -0.2431655712
                      2.28             -0.2464766424
                     2.285              -0.248276385
                      2.29             -0.2503104885
                     2.295             -0.2532204288
                       2.3             -0.2587155984
                     2.305             -0.2440500408
                      2.31             -0.2113014159
                     2.315             -0.1664434251
                      2.32              -0.119382795
                     2.325            -0.07382202561
                      2.33            -0.02967559335
                     2.335             0.02057469939
                      2.34             0.07072209504
                     2.345              0.1102669506
                      2.35              0.1305392175
                     2.355              0.1374886215
                      2.36              0.1588240962
                     2.365               0.204692517
                      2.37              0.2554378812
                     2.375               0.269865252
                      2.38              0.2456186598
                     2.385              0.2067531075
                      2.39              0.1620864117
                     2.395               0.117540477
                       2.4              0.1039373424
                     2.405               0.148465521
                      2.41              0.2440456263
                     2.415              0.3819704985
                      2.42              0.5408395245
                     2.425              0.6772151034
                      2.43              0.7833414492
                     2.435              0.8859707262
                      2.44               0.984526695
                     2.445               1.084684833
                      2.45               1.189534113
                     2.455               1.287097506
                      2.46               1.373759046
                     2.465               1.444886451
                      2.47               1.508656356
                     2.475               1.584675027
                      2.48               1.666113723
                     2.485               1.750446369
                      2.49               1.846797246
                     2.495               1.957983786
                       2.5               2.087149113
                     2.505               2.214435825
                      2.51               2.344377123
                     2.515               2.425083012
                      2.52               2.427271623
                     2.525               2.336527161
                      2.53               2.162470293
                     2.535               1.982886471
                      2.54               1.711877373
                     2.545               1.375438518
                      2.55               1.038949632
                     2.555              0.6669162711
                      2.56              0.2625961401
                     2.565            -0.03872347407
                      2.57             -0.2414039895
                     2.575             -0.3327870825
                      2.58             -0.3618605871
                     2.585             -0.3950551746
                      2.59             -0.3955772628
                     2.595             -0.3061240911
                       2.6             -0.1277695602
                     2.605             0.09551865546
                      2.61              0.3363643971
                     2.615              0.5472310338
                      2.62              0.7624045548
                     2.625              0.9551854755
                      2.63               1.136491443
                     2.635               1.314146619
                      2.64               1.467940932
                     2.645               1.592730018
                      2.65               1.674136341
                     2.655               1.712602332
                      2.66               1.700961786
                     2.665               1.621736226
                      2.67                1.48781403
                     2.675               1.308059514
                      2.68               1.120169565
                     2.685               0.946823922
                      2.69              0.8063519814
                     2.695              0.6977962872
                       2.7              0.6066404919
                     2.705              0.5179582881
                      2.71              0.4336801857
                     2.715              0.3577172355
                      2.72              0.2858203341
                     2.725              0.2040811578
                      2.73              0.0998002692
                     2.735              -0.025833654
                      2.74             -0.1701621999
                     2.745             -0.2946354039
                      2.75              -0.371734254
                     2.755             -0.4027736826
                      2.76             -0.3930704154
                     2.765             -0.3591433152
                      2.77             -0.3387819735
                     2.775             -0.3302226504
                      2.78             -0.3289496067
                     2.785             -0.3297341124
                      2.79             -0.3400040052
                     2.795             -0.3512655909
                       2.8              -0.380386674
                     2.805             -0.4402977174
                      2.81             -0.5206783068
                     2.815             -0.5976303012
                      2.82             -0.6896829267
                     2.825             -0.8154286839
                      2.83             -0.9450658719
                     2.835              -1.065284577
                      2.84              -1.165294584
                     2.845              -1.261084329
                      2.85              -1.385843985
                     2.855               -1.52429742
                      2.86              -1.659137832
                     2.865              -1.776797991
                      2.87              -1.857164454
                     2.875              -1.888545663
                      2.88              -1.877739948
                     2.885              -1.831091436
                      2.89              -1.761913278
                     2.895              -1.680852267
                       2.9              -1.601460918
                     2.905              -1.537123014
                      2.91               -1.49978223
                     2.915              -1.477642041
                      2.92              -1.436816745
                     2.925              -1.361031552
                      2.93              -1.268998056
                     2.935              -1.172631483
                      2.94               -1.07206623
                     2.945             -0.9779009229
                      2.95             -0.8969540022
                     2.955             -0.8162222148
                      2.96             -0.7200222156
                     2.965             -0.6157300455
                      2.97             -0.5089239648
                     2.975             -0.4034673477
                      2.98             -0.3017985678
                     2.985             -0.1993959999
                      2.99             -0.1043187552
                     2.995            -0.01921697577
                         3             0.05592871314
                     3.005              0.1297067409
                      3.01              0.2077467624
                     3.015              0.2876150736
                      3.02              0.3831090471
                     3.025              0.4899749688
                      3.03              0.5852354643
                     3.035              0.6519592584
                      3.04              0.6792145776
                     3.045              0.6635841084
                      3.05              0.5988441906
                     3.055              0.4934409399
                      3.06              0.3593601162
                     3.065              0.2098689597
                      3.07             0.05627834154
                     3.075             -0.1025406927
                      3.08             -0.2626258644
                     3.085             -0.4295986371
                      3.09             -0.5990591277
                     3.095             -0.7683009534
                       3.1             -0.9258193386
                     3.105              -1.047177279
                      3.11              -1.130120829
                     3.115              -1.171666179
                      3.12               -1.15064433
                     3.125              -1.055914065
                      3.13             -0.8946767088
                     3.135             -0.6702300891
                      3.14             -0.4239259065
                     3.145              -0.178584183
                      3.15             0.06730933338
                     3.155              0.3124569366
                      3.16              0.5577886539
                     3.165              0.7603965459
                      3.17              0.9290244618
                     3.175               1.067142591
                      3.18               1.168140465
                     3.185               1.234159803
                      3.19                1.27653606
                     3.195               1.286005653
                       3.2               1.266429798
                     3.205               1.217677041
                      3.21                 1.1542446
                     3.215               1.076445414
                      3.22               1.021252392
                     3.225               0.985321305
                      3.23              0.9724424427
                     3.235              0.9750219822
                      3.24               0.982047708
                     3.245               1.004804946
                      3.25               1.049945661
                     3.255               1.103261049
                      3.26                1.15703064
                     3.265               1.217801628
                      3.27               1.264736592
                     3.275               1.305762993
                      3.28               1.356457149
                     3.285                1.39523706
                      3.29               1.408099932
                     3.295               1.401946119
                       3.3               1.387224252
                     3.305               1.357722639
                      3.31               1.304632881
                     3.315               1.236203226
                      3.32               1.153862991
                     3.325               1.047510819
                      3.33                0.93737493
                     3.335              0.8364389571
                      3.34              0.7406227251
                     3.345              0.6444727569
                      3.35              0.5430169521
                     3.355              0.4413573936
                      3.36              0.3619829178
                     3.365              0.3117764169
                      3.37              0.2941262649
                     3.375               0.317409417
                      3.38              0.3878125497
                     3.385              0.5063922981
                      3.39              0.6589420164
                     3.395              0.8273904093
                       3.4               0.999277992
                     3.405               1.158616917
                      3.41               1.291150998
                     3.415               1.400114592
                      3.42               1.484983845
                     3.425               1.538555274
                      3.43                1.56945285
                     3.435               1.563811119
                      3.44               1.524188529
                     3.445               1.461910725
                      3.45               1.369800711
                     3.455               1.259732511
                      3.46               1.152669114
                     3.465               1.073697633
                      3.47               1.018842075
                     3.475               0.984232395
                      3.48              0.9500702472
                     3.485              0.9289680543
                      3.49              0.9198465201
                     3.495               0.897341301
                       3.5              0.8768002401
                     3.505              0.8716968819
                      3.51              0.8703586017
                     3.515              0.8577382329
                      3.52               0.853635789
                     3.525              0.8510111235
                      3.53              0.8413316946
                     3.535              0.8081101296
                      3.54              0.7424481699
                     3.545               0.651633174
                      3.55              0.5573332737
                     3.555              0.4550972796
                      3.56               0.346231197
                     3.565              0.2311969788
                      3.57              0.1061291907
                     3.575             -0.0400133223
                      3.58             -0.1871401707
                     3.585             -0.3194310618
                      3.59             -0.4796294409
                     3.595             -0.6565114908
                       3.6             -0.8366537961
                     3.605              -0.997933041
                      3.61              -1.145883537
                     3.615              -1.279393713
                      3.62              -1.383312024
                     3.625               -1.44949617
                      3.63              -1.472141574
                     3.635              -1.470004956
                      3.64              -1.470235491
                     3.645              -1.463983578
                      3.65              -1.445303376
                     3.655              -1.381332366
                      3.66                -1.2875625
                     3.665               -1.17873036
                      3.67              -1.064790153
                     3.675              -0.946836675
                      3.68              -0.829342305
                     3.685             -0.7189027965
                      3.69             -0.6109132374
                     3.695             -0.5118842304
                       3.7             -0.4230039627
                     3.705             -0.3314233944
                      3.71             -0.2167288965
                     3.715            -0.09023992389
                      3.72             0.04393527201
                     3.725              0.1823744727
                      3.73              0.3251163492
                     3.735              0.4629814785
                      3.74              0.5847719418
                     3.745              0.6726046977
                      3.75              0.7754830506
                     3.755               0.836219115
                      3.76               0.878892615
                     3.765              0.9374919633
                      3.77               0.997075647
                     3.775               1.058561784
                      3.78                1.10479239
                     3.785               1.127065014
                      3.79               1.133851572
                     3.795               1.129279131
                       3.8               1.122238494
                     3.805               1.113724395
                      3.81               1.086396678
                     3.815                1.03557303
                      3.82              0.9686420487
                     3.825              0.8905373793
                      3.83              0.8020010502
                     3.835               0.702966942
                      3.84              0.5940275787
                     3.845               0.499817538
                      3.85              0.4033507068
                     3.855              0.3036037059
                      3.86               0.239227641
                     3.865              0.1865158623
                      3.87              0.1499322141
                     3.875              0.1299254058
                      3.88              0.1391929128
                     3.885              0.1785154149
                      3.89              0.2260839087
                     3.895              0.2564744058
                       3.9              0.2744270001
                     3.905              0.3097189656
                      3.91              0.3374060229
                     3.915              0.3628961307
                      3.92              0.3819499956
                     3.925              0.3828207312
                      3.93               0.365446044
                     3.935              0.3344125014
                      3.94               0.285572043
                     3.945              0.2195480943
                      3.95              0.1389141126
                     3.955             0.06026306544
                      3.96           -0.001019731842
                     3.965            -0.06090991722
                      3.97             -0.1255568166
                     3.975             -0.2138436774
                      3.98             -0.3139070508
                     3.985             -0.3992696487
                      3.99             -0.4782509397
                     3.995             -0.5575600809
                         4             -0.6091011342
                     4.005             -0.6401676384
                      4.01             -0.6577098804
                     4.015             -0.6571914219
                      4.02             -0.6382126035
                     4.025             -0.6220475874
                      4.03             -0.6091238934
                     4.035             -0.5933787453
                      4.04             -0.5787407538
                     4.045             -0.5713213527
                      4.05             -0.5698121823
                     4.055             -0.5743018269
                      4.06              -0.564789168
                     4.065             -0.5553467487
                      4.07             -0.5658021486
                     4.075             -0.6017876811
                      4.08             -0.6507902988
                     4.085              -0.707959251
                      4.09             -0.7716198726
                     4.095             -0.8522946639
                       4.1             -0.9477814761
                     4.105              -1.043580933
                      4.11              -1.139715009
                     4.115              -1.198447479
                      4.12              -1.231281549
                     4.125               -1.24502634
                      4.13              -1.254258531
                     4.135              -1.259287137
                      4.14              -1.252633014
                     4.145              -1.253415852
                      4.15              -1.252899846
                     4.155              -1.250044155
                      4.16              -1.221471549
                     4.165              -1.164440133
                      4.17              -1.096093863
                     4.175              -1.041750387
                      4.18              -0.995711076
                     4.185             -0.9717115977
                      4.19             -0.9544617918
                     4.195             -0.9301774311
                       4.2             -0.9008367021
                     4.205             -0.8925221385
                      4.21             -0.8948781081
                     4.215              -0.887268393
                      4.22             -0.8818060869
                     4.225             -0.8803159479
                      4.23             -0.8730653769
                     4.235             -0.8687271006
                      4.24             -0.8697990393
                     4.245             -0.8750419938
                      4.25             -0.8836998093
                     4.255             -0.8716890339
                      4.26             -0.8281666746
                     4.265             -0.7661065545
                      4.27             -0.6725871378
                     4.275             -0.5780475792
                      4.28             -0.4783025403
                     4.285             -0.3721800204
                      4.29             -0.2687904684
                     4.295              -0.161111592
                       4.3            -0.04175187993
                     4.305             0.06941452995
                      4.31              0.1617056856
                     4.315              0.2508857469
                      4.32              0.3296041299
                     4.325              0.3903745293
                      4.33              0.4289262597
                     4.335              0.4590781776
                      4.34                0.48268143
                     4.345              0.5009600106
                      4.35              0.5010334875
                     4.355              0.4964074839
                      4.36              0.4947709797
                     4.365              0.4815262044
                      4.37              0.4499487954
                     4.375              0.4298362353
                      4.38              0.4410907578
                     4.385              0.4670544924
                      4.39              0.4938141123
                     4.395               0.524524023
                       4.4              0.5151161349
                     4.405               0.499186755
                      4.41              0.4851518823
                     4.415               0.472247514
                      4.42              0.4310179479
                     4.425              0.3565328742
                      4.43              0.2547800226
                     4.435              0.1609047972
                      4.44             0.09674287479
                     4.445             0.05903011521
                      4.45              0.0488411451
                     4.455             0.03821051898
                      4.46             0.03519934929
                     4.465             0.03283478613
                      4.47              0.0287028828
                     4.475              0.0440993835
                      4.48             0.08120648349
                     4.485              0.1353046212
                      4.49              0.1860693111
                     4.495              0.2140152543
                       4.5              0.2191967001
                     4.505              0.2117361951
                      4.51              0.2084628924
                     4.515              0.2120126409
                      4.52              0.2045497815
                     4.525              0.1958485077
                      4.53              0.1604152782
                     4.535             0.09516940965
                      4.54             0.02280748482
                     4.545            -0.05191055676
                      4.55             -0.1358124849
                     4.555             -0.2188089108
                      4.56             -0.2932843707
                     4.565             -0.3702861999
                      4.57             -0.4346511795
                     4.575             -0.4875337503
                      4.58             -0.5218532505
                     4.585             -0.5395391109
                      4.59              -0.559222974
                     4.595              -0.586476135
                       4.6              -0.611669196
                     4.605             -0.6360576408
                      4.61             -0.6650044002
                     4.615             -0.6743053593
                      4.62             -0.6910583868
                     4.625             -0.7162125021
                      4.63             -0.7573312152
                     4.635             -0.7984095111
                      4.64             -0.8592936084
                     4.645             -0.9303657831
                      4.65              -1.008130536
                     4.655              -1.092378816
                      4.66              -1.193225616
                     4.665              -1.287020007
                      4.67              -1.361734929
                     4.675              -1.421409159
                      4.68              -1.466621487
                     4.685              -1.528604991
                      4.69              -1.562503446
                     4.695              -1.572413508
                       4.7               -1.58309856
                     4.705              -1.587078477
                      4.71              -1.572370344
                     4.715              -1.538617077
                      4.72              -1.488698892
                     4.725              -1.410414111
                      4.73              -1.289648106
                     4.735              -1.162000386
                      4.74              -1.023318378
                     4.745             -0.8696916198
                      4.75             -0.7264614996
                     4.755             -0.5951992851
                      4.76             -0.4645766826
                     4.765             -0.3328648758
                      4.77             -0.2115552987
                     4.775             -0.1017519687
                      4.78          -0.0002659573404
                     4.785             0.09259262676
                      4.79              0.1843419663
                     4.795              0.2792729439
                       4.8              0.3690540639
                     4.805              0.4523723559
                      4.81              0.5398810875
                     4.815              0.6220483722
                      4.82              0.6980314329
                     4.825              0.7575210387
                      4.83              0.8084109042
                     4.835               0.848092158
                      4.84              0.8670465495
                     4.845              0.8714735082
                      4.85              0.8663443497
                     4.855              0.8559459459
                      4.86              0.8513867484
                     4.865              0.8244713457
                      4.87              0.7820692884
                     4.875               0.721115442
                      4.88               0.652545504
                     4.885                0.58859019
                      4.89               0.534103488
                     4.895              0.4730496777
                       4.9              0.4065812379
                     4.905                0.33761115
                      4.91              0.2734284402
                     4.915              0.2201123655
                      4.92               0.172596159
                     4.925              0.1299693546
                      4.93             0.09136823085
                     4.935             0.07494868449
                      4.94             0.06650000838
                     4.945             0.06088868838
                      4.95             0.06213670677
                     4.955             0.06824562921
                      4.96             0.09357283215
                     4.965              0.1296341469
                      4.97              0.1578491784
                     4.975               0.179721162
                      4.98              0.1841893227
                     4.985              0.1777283586
                      4.99              0.1702226295
                     4.995              0.1604251863
                         5              0.1347241635
                     5.005             0.09470029545
                      5.01             0.06979839525
                     5.015             0.05694128172
                      5.02             0.04515014241
                     5.025             0.03560233428
                      5.03             0.01889084232
                     5.035            0.002077913979
                      5.04           -0.005221113516
                     5.045            -0.01191164535
                      5.05            -0.01490190993
                     5.055          -0.0006558680529
                      5.06             0.01379760804
                     5.065              0.0165300462
                      5.07            0.009801376029
                     5.075            0.006572772594
                      5.08             0.01728475893
                     5.085              0.0322012269
                      5.09             0.04707785646
                     5.095             0.05334371928
                       5.1             0.05711375133
                     5.105              0.0452403846
                      5.11             0.04117651362
                     5.115              0.0461493792
                      5.12              0.0510779232
                     5.125             0.05403758058
                      5.13             0.05120448201
                     5.135             0.05294036151
                      5.14             0.05403091959
                     5.145             0.05972415309
                      5.15             0.06166120626
                     5.155             0.06103691748
                      5.16              0.0653415651
                     5.165             0.09253104939
                      5.17              0.1394270775
                     5.175              0.2044220553
                      5.18              0.2654926407
                     5.185              0.3038700474
                      5.19              0.3282881184
                     5.195              0.3578076837
                       5.2              0.3947234985
                     5.205              0.4267978821
                      5.21              0.4519266876
                     5.215              0.4667966856
                      5.22              0.4727093688
                     5.225              0.4837694571
                      5.23               0.515751921
                     5.235              0.5645608893
                      5.24              0.6152015808
                     5.245              0.6788487627
                      5.25              0.7644441519
                     5.255              0.8431527249
                      5.26              0.9140705883
                     5.265               0.994540743
                      5.27               1.086247566
                     5.275               1.173596787
                      5.28               1.240412697
                     5.285               1.292937399
                      5.29               1.362408876
                     5.295               1.431820512
                       5.3               1.478753514
                     5.305               1.509185115
                      5.31               1.519878015
                     5.315               1.521745839
                      5.32                1.51856838
                     5.325               1.510482978
                      5.33               1.496445849
                     5.335               1.465595361
                      5.34               1.425836412
                     5.345               1.396881216
                      5.35               1.367374698
                     5.355               1.326218805
                      5.36               1.287270162
                     5.365               1.244758527
                      5.37               1.199182248
                     5.375               1.153392111
                      5.38               1.107616689
                     5.385               1.051596684
                      5.39               0.995394213
                     5.395              0.9483672312
                       5.4              0.9091455759
                     5.405              0.8724120309
                      5.41              0.8452647198
                     5.415              0.8027391546
                      5.42              0.7408896552
                     5.425              0.6911639424
                      5.43              0.6429114954
                     5.435              0.5969906892
                      5.44              0.5406533307
                     5.445              0.4805984727
                      5.45               0.428870637
                     5.455              0.3910047237
                      5.46              0.3647586573
                     5.465              0.3318518952
                      5.47               0.286052733
                     5.475               0.234593397
                      5.48              0.1960857135
                     5.485              0.1588167387
                      5.49              0.1317664485
                     5.495             0.09767610009
                       5.5             0.06783423705
                     5.505             0.03952345014
                      5.51            0.005118776577
                     5.515             -0.0192074895
                      5.52            -0.03261733767
                     5.525            -0.04097740005
                      5.53            -0.04765780404
                     5.535            -0.07070200416
                      5.54             -0.1152095229
                     5.545             -0.1611887967
                      5.55             -0.2046317931
                     5.555             -0.2536151832
                      5.56             -0.3150066537
                     5.565             -0.3857320449
                      5.57             -0.4621792167
                     5.575             -0.5432566104
                      5.58             -0.6102380151
                     5.585             -0.6811636284
                      5.59             -0.7644139371
                     5.595             -0.8352841239
                       5.6             -0.8891014896
                     5.605             -0.9360433206
                      5.61             -0.9715263849
                     5.615              -0.994654539
                      5.62              -1.019351214
                     5.625              -1.030210884
                      5.63              -1.036374507
                     5.635              -1.040797836
                      5.64              -1.047053673
                     5.645              -1.048205367
                      5.65              -1.030509108
                     5.655              -1.005341553
                      5.66              -0.987008625
                     5.665             -0.9484266798
                      5.67             -0.8970477858
                     5.675             -0.8458360542
                      5.68             -0.8011293336
                     5.685             -0.7744427982
                      5.69             -0.7520087997
                     5.695             -0.7331782104
                       5.7             -0.7120087209
                     5.705             -0.6923788128
                      5.71             -0.6728584824
                     5.715               -0.65026566
                      5.72              -0.612066501
                     5.725             -0.5577566733
                      5.73             -0.4960686465
                     5.735             -0.4179213036
                      5.74             -0.3363347709
                     5.745             -0.2812210137
                      5.75             -0.2476694403
                     5.755             -0.2298014082
                      5.76             -0.2232348885
                     5.765             -0.2225443626
                      5.77             -0.2267877762
                     5.775             -0.2256642369
                      5.78             -0.2360610711
                     5.785              -0.249436908
                      5.79             -0.2544927858
                     5.795             -0.2614301235
                       5.8             -0.2628351117
                     5.805             -0.2512842291
                      5.81             -0.2422300896
                     5.815              -0.235280097
                      5.82             -0.2251346931
                     5.825               -0.19605285
                      5.83             -0.1633731894
                     5.835             -0.1408870017
                      5.84             -0.1209783915
                     5.845             -0.1100945889
                      5.85             -0.1037832273
                     5.855            -0.08748668853
                      5.86            -0.05887199763
                     5.865             -0.0367589529
                      5.87            -0.01829062728
                     5.875           -0.002894948658
                      5.88              0.0239060871
                     5.885             0.05740287165
                      5.89              0.0840329505
                     5.895              0.1108093455
                       5.9              0.1454402151
                     5.905              0.1923422175
                      5.91              0.2476801332
                     5.915              0.2984596362
                      5.92              0.3367450251
                     5.925              0.3682813302
                      5.93              0.4049759295
                     5.935              0.4482405801
                      5.94              0.4837478751
                     5.945              0.5026793112
                      5.95              0.5219629263
                     5.955              0.5572407654
                      5.96              0.6027049161
                     5.965              0.6469944174
                      5.97              0.6812210169
                     5.975              0.6997352337
                      5.98              0.7094364408
                     5.985              0.7138852758
                      5.99              0.7240223412
                     5.995              0.7338403854
                         6              0.7151747022
                     6.005              0.6714234756
                      6.01               0.621066195
                     6.015              0.5741108262
                      6.02              0.5230414377
                     6.025              0.4623962139
                      6.03              0.4048516368
                     6.035              0.3509263611
                      6.04              0.2941582455
                     6.045              0.2311502832
                      6.05              0.1620324567
                     6.055             0.09354042972
                      6.06             0.02928328164
                     6.065            -0.03339835101
                      6.07            -0.08856032436
                     6.075             -0.1328265171
                      6.08             -0.1773545976
                     6.085             -0.2185681734
                      6.09             -0.2462413986
                     6.095             -0.2521810593
                       6.1             -0.2612779704
                     6.105              -0.291562029
                      6.11             -0.3264057756
                     6.115             -0.3743869761
                      6.12             -0.4347707634
                     6.125             -0.4857864912
                      6.13             -0.5166974088
                     6.135             -0.5425156611
                      6.14             -0.5729508918
                     6.145             -0.5919137199
                      6.15             -0.6090676821
                     6.155             -0.6310388448
                      6.16             -0.6352588125
                     6.165             -0.6292965888
                      6.17             -0.6281967897
                     6.175             -0.6115713903
                      6.18             -0.5912028873
                     6.185             -0.5832991665
                      6.19              -0.579632679
                     6.195             -0.5699213676
                       6.2             -0.5552498259
                     6.205             -0.5360648013
                      6.21             -0.5100176817
                     6.215              -0.493287021
                      6.22             -0.4751141922
                     6.225             -0.4424062788
                      6.23             -0.3820070898
                     6.235             -0.3183505884
                      6.24             -0.2696393277
                     6.245             -0.2395451907
                      6.25             -0.2102419359
                     6.255             -0.1799280549
                      6.26             -0.1522532601
                     6.265             -0.1465422705
                      6.27             -0.1519856433
                     6.275             -0.1641148254
                      6.28             -0.1759553973
                     6.285             -0.1975011984
                      6.29             -0.2067404526
                     6.295             -0.2302431525
                       6.3             -0.2614174686
                     6.305             -0.2960311707
                      6.31             -0.3154034682
                     6.315             -0.3262317462
                      6.32             -0.3537923526
                     6.325              -0.402838821
                      6.33             -0.4500431676
                     6.335             -0.4905600372
                      6.34             -0.5315098221
                     6.345             -0.5763095415
                      6.35             -0.6257025972
                     6.355             -0.6592796766
                      6.36             -0.6846076251
                     6.365             -0.7044062652
                      6.37              -0.727815672
                     6.375             -0.7512053607
                      6.38             -0.7716444957
                     6.385             -0.7797137112
                      6.39             -0.7767052785
                     6.395             -0.7823251332
                       6.4             -0.7786614906
                     6.405             -0.7689026007
                      6.41              -0.767984679
                     6.415             -0.7733430972
                      6.42             -0.7686542115
                     6.425             -0.7547701185
                      6.43             -0.7421312088
                     6.435             -0.7308250857
                      6.44             -0.7160098275
                     6.445             -0.7035266025
                      6.45             -0.6858532008
                     6.455              -0.665041482
                      6.46             -0.6367031388
                     6.465             -0.6120458019
                      6.47             -0.5844570408
                     6.475             -0.5384812986
                      6.48             -0.4966161426
                     6.485             -0.4627163142
                      6.49              -0.431312346
                     6.495             -0.4087801494
                       6.5             -0.3930243084
                     6.505             -0.3785745708
                      6.51             -0.3678113331
                     6.515             -0.3485892267
                      6.52             -0.3112973946
                     6.525             -0.2818984923
                      6.53             -0.2546534736
                     6.535             -0.2253370734
                      6.54             -0.1835449038
                     6.545             -0.1369542708
                      6.55             -0.1077421509
                     6.555            -0.07903110618
                      6.56            -0.04199322555
                     6.565            -0.01787478138
                      6.57            -0.02069642187
                     6.575            -0.04873090032
                      6.58            -0.06438727773
                     6.585            -0.06678465534
                      6.59            -0.06996870666
                     6.595            -0.07281925722
                       6.6            -0.09542515635
                     6.605             -0.1319462658
                      6.61             -0.1650382407
                     6.615             -0.1869072813
                      6.62             -0.2076200172
                     6.625             -0.2239975179
                      6.63             -0.2356633737
                     6.635             -0.2521953819
                      6.64              -0.264974967
                     6.645             -0.2761002918
                      6.65             -0.2903501997
                     6.655             -0.2930503041
                      6.66             -0.2722030731
                     6.665             -0.2306650806
                      6.67             -0.1834473924
                     6.675              -0.127776231
                      6.68            -0.07051841982
                     6.685            -0.01502002233
                      6.69             0.03998817927
                     6.695             0.09253978029
                       6.7              0.1415499615
                     6.705              0.2014457013
                      6.71               0.260732142
                     6.715              0.3175100676
                      6.72              0.3757783284
                     6.725              0.4360278168
                      6.73              0.4963312602
                     6.735              0.5512779531
                      6.74              0.6086861712
                     6.745               0.667584234
                      6.75              0.7265402739
                     6.755              0.7785560331
                      6.76              0.8208374274
                     6.765              0.8617168746
                      6.77              0.9064176111
                     6.775              0.9630693801
                      6.78               1.014914151
                     6.785                1.04563809
                      6.79                1.05206364
                     6.795                1.04778648
                       6.8                1.05240699
                     6.805               1.058948298
                      6.81                 1.0589895
                     6.815               1.061848134
                      6.82               1.067559516
                     6.825               1.064116206
                      6.83               1.040313222
                     6.835               1.005242472
                      6.84               0.987069447
                     6.845              0.9644015781
                      6.85              0.9293110119
                     6.855              0.9047209716
                      6.86              0.8803613682
                     6.865              0.8345463138
                      6.87              0.7887399903
                     6.875              0.7567310394
                      6.88              0.7244778195
                     6.885              0.6768469341
                      6.89               0.623568726
                     6.895              0.5964903792
                       6.9              0.5704878951
                     6.905              0.5303846151
                      6.91              0.4996359549
                     6.915              0.4801701681
                      6.92              0.4634503965
                     6.925              0.4529890125
                      6.93              0.4489602417
                     6.935              0.4459529862
                      6.94              0.4460789466
                     6.945              0.4484016603
                      6.95              0.4599090846
                     6.955              0.4902128613
                      6.96              0.5225755608
                     6.965                0.54711351
                      6.97              0.5712259995
                     6.975               0.601888626
                      6.98              0.6392944503
                     6.985               0.673931304
                      6.99              0.6908439402
                     6.995              0.6898180104
                         7              0.6855919605
                     7.005               0.689003388
                      7.01              0.7152193377
                     7.015              0.7482187062
                      7.02              0.7687654569
                     7.025              0.7794922014
                      7.03              0.7809557553
                     7.035              0.7808856138
                      7.04               0.782402436
                     7.045              0.7874051436
                      7.05               0.797165505
                     7.055              0.8040270114
                      7.06              0.8066487339
                     7.065              0.8053413552
                      7.07              0.8051374053
                     7.075              0.8064380151
                      7.08               0.805942512
                     7.085              0.7989780987
                      7.09              0.7814316384
                     7.095               0.755286615
                       7.1              0.7200603765
                     7.105              0.6706014957
                      7.11              0.6143008266
                     7.115              0.5568299226
                      7.12              0.4991575212
                     7.125              0.4429937016
                      7.13               0.379793169
                     7.135              0.3089351466
                      7.14              0.2476832724
                     7.145              0.2068450272
                      7.15              0.1676987127
                     7.155               0.128380527
                      7.16             0.09172798317
                     7.165             0.05183036982
                      7.17             0.02374083765
                     7.175             0.01094092623
                      7.18           -0.001977482142
                     7.185            -0.02905968231
                      7.19            -0.06074878797
                     7.195              -0.080620542
                       7.2             -0.0970534692
                     7.205             -0.1261293282
                      7.21             -0.1502101314
                     7.215              -0.173436876
                      7.22             -0.1996530219
                     7.225             -0.2169287262
                      7.23             -0.2259324423
                     7.235             -0.2233253367
                      7.24             -0.2230070022
                     7.245             -0.2361265038
                      7.25             -0.2446306947
                     7.255             -0.2432766204
                      7.26             -0.2390084856
                     7.265             -0.2432254122
                      7.27             -0.2472582051
                     7.275             -0.2387589192
                      7.28             -0.2282480928
                     7.285             -0.2222537904
                      7.29             -0.2149146351
                     7.295             -0.2068785774
                       7.3              -0.210304818
                     7.305             -0.2198928177
                      7.31             -0.2300949234
                     7.315             -0.2419041033
                      7.32             -0.2567825379
                     7.325             -0.2687631966
                      7.33             -0.2693728881
                     7.335             -0.2707508007
                      7.34             -0.2886773985
                     7.345             -0.3262199742
                      7.35             -0.3784378194
                     7.355             -0.4272762177
                      7.36             -0.4641899724
                     7.365             -0.5017723767
                      7.37             -0.5347945044
                     7.375             -0.5701917312
                      7.38             -0.6238949085
                     7.385             -0.6899997897
                      7.39             -0.7503861276
                     7.395             -0.7968534489
                       7.4              -0.820529001
                     7.405             -0.8362344186
                      7.41             -0.8485322346
                     7.415             -0.8566787529
                      7.42             -0.8729127333
                     7.425              -0.904949937
                      7.43             -0.9336079881
                     7.435             -0.9434751804
                      7.44             -0.9411302961
                     7.445             -0.9321694497
                      7.45             -0.9145124307
                     7.455             -0.8866351575
                      7.46             -0.8489172771
                     7.465             -0.7980558606
                      7.47             -0.7364673072
                     7.475             -0.6743000619
                      7.48             -0.6116204403
                     7.485             -0.5474746161
                      7.49             -0.4934864583
                     7.495             -0.4577859063
                       7.5             -0.4403578527
                     7.505             -0.4265144712
                      7.51             -0.3963973788
                     7.515             -0.3537198567
                      7.52             -0.3032233722
                     7.525             -0.2573502426
                      7.53             -0.2261815182
                     7.535             -0.1955597994
                      7.54             -0.1568545425
                     7.545             -0.1282499559
                      7.55             -0.1076994774
                     7.555            -0.08858964645
                      7.56             -0.0720343395
                     7.565            -0.05612286285
                      7.57            -0.05091323292
                     7.575            -0.05434950915
                      7.58            -0.05816532447
                     7.585            -0.05897293272
                      7.59            -0.06384484359
                     7.595            -0.06705496989
                       7.6             -0.0634881618
                     7.605             -0.0615776643
                      7.61            -0.06274526031
                     7.615            -0.07028341146
                      7.62             -0.0747908514
                     7.625            -0.07266596616
                      7.63            -0.07014513951
                     7.635             -0.0702515682
                      7.64            -0.07612753257
                     7.645            -0.08937117972
                      7.65             -0.1056567411
                     7.655              -0.117383517
                      7.66             -0.1213452855
                     7.665             -0.1173664476
                      7.67              -0.104654061
                     7.675            -0.08644862376
                      7.68            -0.06764821983
                     7.685            -0.04469812704
                      7.69            -0.02151765621
                     7.695            0.002143291743
                       7.7             0.03224541114
                     7.705             0.07108612452
                      7.71              0.1053922635
                     7.715              0.1384020306
                      7.72              0.1686186945
                     7.725              0.1890869652
                      7.73              0.2068519923
                     7.735              0.2174923107
                      7.74              0.2276531163
                     7.745              0.2509701129
                      7.75              0.2802401118
                     7.755              0.2978780994
                      7.76               0.305231283
                     7.765              0.3058098768
                      7.77              0.3137117337
                     7.775              0.3296138418
                      7.78              0.3369750696
                     7.785              0.3376823706
                      7.79              0.3360607776
                     7.795               0.324388251
                       7.8              0.3073820274
                     7.805              0.2870147997
                      7.81              0.2607887457
                     7.815              0.2327332248
                      7.82              0.2089966545
                     7.825              0.1892614851
                      7.83              0.1674036279
                     7.835              0.1307943756
                      7.84              0.0732646116
                     7.845             0.01524055113
                      7.85            -0.02992900527
                     7.855            -0.07846710966
                      7.86             -0.1293049233
                     7.865              -0.174995685
                      7.87             -0.2175271362
                     7.875             -0.2509936569
                      7.88               -0.26322192
                     7.885             -0.2649708468
                      7.89             -0.2733663429
                     7.895             -0.2913467976
                       7.9             -0.3128831811
                     7.905             -0.3275733618
                      7.91             -0.3246379155
                     7.915             -0.3204501246
                      7.92             -0.3349959021
                     7.925             -0.3651166242
                      7.93             -0.3965513958
                     7.935             -0.4217724153
                      7.94             -0.4534783353
                     7.945              -0.495600219
                      7.95             -0.5413988907
                     7.955             -0.5846839461
                      7.96             -0.6164179227
                     7.965             -0.6328728243
                      7.97              -0.635036616
                     7.975             -0.6401874546
                      7.98             -0.6481070676
                     7.985             -0.6433237116
                      7.99             -0.6246575379
                     7.995             -0.6083598906
                         8             -0.5887921779
                     8.005             -0.5560119648
                      8.01             -0.5127410358
                     8.015             -0.4584166893
                      8.02             -0.3939572394
                     8.025             -0.3247007976
                      8.03             -0.2600118918
                     8.035             -0.1998559908
                      8.04             -0.1408751316
                     8.045            -0.08901784314
                      8.05            -0.04102225137
                     8.055            0.004297395087
                      8.06             0.04767400035
                     8.065             0.08978569146
                      8.07              0.1359645399
                     8.075              0.1445550588
                      8.08              0.1452408759
                     8.085              0.1582708122
                      8.09              0.1689791139
                     8.095              0.1628172567
                       8.1              0.1491413319
                     8.105               0.142118451
                      8.11              0.1531428309
                     8.115              0.1475666307
                      8.12               0.130503411
                     8.125              0.1117542447
                      8.13             0.08760801861
                     8.135             0.06419404035
                      8.14             0.05337742644
                     8.145             0.03970654398
                      8.15             0.02488576275
                     8.155             0.02365376409
                      8.16              0.0220843701
                     8.165             0.02098797507
                      8.17             0.02601198018
                     8.175             0.03167928585
                      8.18             0.03532221954
                     8.185             0.03959529858
                      8.19             0.04353129621
                     8.195             0.05033685618
                       8.2             0.06207555123
                     8.205             0.07694330274
                      8.21             0.07444058535
                     8.215              0.0927603189
                      8.22              0.1367064702
                     8.225              0.1737570744
                      8.23              0.2111487723
                     8.235              0.2523108456
                      8.24              0.2885370174
                     8.245               0.306127917
                      8.25              0.3249215226
                     8.255              0.3616855767
                      8.26              0.4090585572
                     8.265              0.4395055599
                      8.27              0.4629529314
                     8.275              0.4925175246
                      8.28              0.5262837408
                     8.285              0.5438741499
                      8.29              0.5484734703
                     8.295              0.5538337524
                       8.3              0.5608713483
                     8.305              0.5586360417
                      8.31              0.5620223556
                     8.315              0.5551749756
                      8.32              0.5344281009
                     8.325              0.5043551535
                      8.33              0.4602728394
                     8.335               0.420207426
                      8.34              0.3989851587
                     8.345              0.3719083815
                      8.35              0.3364551396
                     8.355              0.2973987828
                      8.36              0.2439890226
                     8.365              0.1881435375
                      8.37              0.1331367093
                     8.375             0.07690515165
                      8.38             0.03147151986
                     8.385          -0.0005069824677
                      8.39            -0.03509616771
                     8.395            -0.07302212802
                       8.4             -0.1071547281
                     8.405             -0.1378841607
                      8.41             -0.1603871235
                     8.415             -0.1659257514
                      8.42             -0.1670336928
                     8.425             -0.1694879586
                      8.43              -0.169917048
                     8.435             -0.1772700354
                      8.44             -0.1892677635
                     8.445             -0.1855078848
                      8.45              -0.173556558
                     8.455             -0.1630390608
                      8.46             -0.1506960207
                     8.465               -0.13599603
                      8.47              -0.122814333
                     8.475             -0.1041794532
                      8.48            -0.07426313226
                     8.485            -0.03669349077
                      8.49             0.00236659383
                     8.495              0.0385386831
                       8.5             0.06585113574
                     8.505             0.08425767798
                      8.51              0.1042717653
                     8.515              0.1307711259
                      8.52               0.156138903
                     8.525              0.1726223517
                      8.53              0.1840096035
                     8.535              0.2019215844
                      8.54              0.2281966884
                     8.545              0.2504932488
                      8.55              0.2553232023
                     8.555              0.2505370014
                      8.56              0.2447540064
                     8.565              0.2397337389
                      8.57              0.2363000427
                     8.575               0.230314275
                      8.58              0.2173832235
                     8.585              0.1989264933
                      8.59              0.1826051058
                     8.595              0.1678001481
                       8.6              0.1531767735
                     8.605               0.141127641
                      8.61              0.1287630189
                     8.615              0.1102403655
                      8.62             0.08901899091
                     8.625             0.07896541842
                      8.63             0.07101778806
                     8.635               0.062000181
                      8.64             0.04763170944
                     8.645             0.02665175895
                      8.65            0.004958520417
                     8.655            -0.01097720361
                      8.66            -0.02524953717
                     8.665            -0.03378507102
                      8.67            -0.04172351922
                     8.675             -0.0496319292
                      8.68            -0.06249691035
                     8.685            -0.07592122827
                      8.69            -0.08867165805
                     8.695             -0.0985762755
                       8.7             -0.0986579928
                     8.705             -0.0995606109
                      8.71             -0.1019142261
                     8.715             -0.1040577111
                      8.72             -0.1043163027
                     8.725             -0.1055769858
                      8.73             -0.1075273119
                     8.735             -0.1076360067
                      8.74              -0.105649776
                     8.745             -0.1027680885
                      8.75             -0.1011199104
                     8.755             -0.1003902426
                      8.76             -0.0988227027
                     8.765             -0.0986076675
                      8.77            -0.09761530752
                     8.775            -0.09404494821
                      8.78            -0.09053331156
                     8.785            -0.08866962738
                      8.79            -0.08661737538
                     8.795            -0.08519960475
                       8.8            -0.08238842172
                     8.805            -0.07911667881
                      8.81            -0.07602570477
                     8.815             -0.0732553902
                      8.82             -0.0713443041
                     8.825            -0.06925991454
                      8.83             -0.0666254979
                     8.835             -0.0642850281
                      8.84            -0.06172200864
                     8.845            -0.05950195659
                      8.85            -0.05734587555
                     8.855            -0.05505306273
                      8.86            -0.05287979457
                     8.865            -0.05098185387
                      8.87            -0.04911499125
                     8.875             -0.0475862499
                      8.88            -0.04564591038
                     8.885            -0.04359597354
                      8.89            -0.04167617616
                     8.895            -0.03988845081
                       8.9            -0.03833015193
                     8.905             -0.0366865551
                      8.91            -0.03501124254
                     8.915            -0.03321230436
                      8.92             -0.0315002043
                     8.925            -0.02972730186
                      8.93            -0.02802149982
                     8.935            -0.02628033273
                      8.94            -0.02454574815
                     8.945            -0.02286347049
                      8.95            -0.02122061922
                     8.955            -0.01964944962
                      8.96            -0.01806837192
                     8.965            -0.01647659151
                      8.97            -0.01491827301
                     8.975            -0.01337389452
                      8.98             -0.0118513629
                     8.985            -0.01032071841
                      8.99           -0.008776494918
                     8.995           -0.007222900914
                         9           -0.005664622635
                     9.005           -0.004099323339
                      9.01           -0.002529923463
                     9.015          -0.0009562997934
                      9.02             0.00062177742
                     9.025             0.00220246272
                      9.03             0.00378347175
                     9.035            0.005364530811
                      9.04            0.006944752098
                     9.045            0.008523403785
                      9.05             0.01009966968
                     9.055                         0
                      9.06                         0
                     9.065                         0
                      9.07                         0