                   0                   0
   0.020000000000000   0.081990000000000
   0.040000000000000  -0.006210000000000
   0.060000000000000  -0.022130000000000
   0.080000000000000  -0.031600000000000
   0.100000000000000  -0.028200000000000
   0.120000000000000  -0.023230000000000
   0.140000000000000  -0.025790000000000
   0.160000000000000  -0.057570000000000
   0.180000000000000  -0.051340000000000
   0.200000000000000  -0.042830000000000
   0.220000000000000  -0.041080000000000
   0.240000000000000  -0.051410000000000
   0.260000000000000  -0.069210000000000
   0.280000000000000  -0.082690000000000
   0.300000000000000  -0.077720000000000
   0.320000000000000  -0.053270000000000
   0.340000000000000  -0.009350000000000
   0.360000000000000   0.011340000000000
   0.380000000000000   0.025740000000000
   0.400000000000000   0.006110000000000
   0.420000000000000   0.007570000000000
   0.440000000000000   0.025180000000000
   0.460000000000000  -0.058340000000000
   0.480000000000000  -0.092640000000000
   0.500000000000000  -0.094790000000000
   0.520000000000000  -0.090650000000000
   0.540000000000000  -0.083750000000000
   0.560000000000000  -0.048550000000000
   0.580000000000000  -0.003680000000000
   0.600000000000000   0.058610000000000
   0.620000000000000   0.005010000000000
   0.640000000000000  -0.023420000000000
   0.660000000000000  -0.013790000000000
   0.680000000000000   0.009560000000000
   0.700000000000000   0.019350000000000
   0.720000000000000   0.009590000000000
   0.740000000000000  -0.006620000000000
   0.760000000000000  -0.030150000000000
   0.780000000000000  -0.017870000000000
   0.800000000000000   0.001190000000000
   0.820000000000000   0.025640000000000
   0.840000000000000   0.021320000000000
   0.860000000000000   0.023000000000000
   0.880000000000000   0.027370000000000
   0.900000000000000   0.038830000000000
   0.920000000000000   0.055040000000000
   0.940000000000000   0.047530000000000
   0.960000000000000   0.023910000000000
   0.980000000000000   0.021980000000000
   1.000000000000000   0.002030000000000
   1.020000000000000  -0.023250000000000
   1.040000000000000  -0.046970000000000
   1.060000000000000  -0.052670000000000
   1.080000000000000  -0.067280000000000
   1.100000000000000  -0.076340000000000
   1.120000000000000  -0.084030000000000
   1.140000000000000  -0.099060000000000
   1.160000000000000  -0.101730000000000
   1.180000000000000  -0.081880000000000
   1.200000000000000  -0.051700000000000
   1.220000000000000  -0.047820000000000
   1.240000000000000  -0.066960000000000
   1.260000000000000  -0.076060000000000
   1.280000000000000  -0.066750000000000
   1.300000000000000  -0.025450000000000
   1.320000000000000   0.020780000000000
   1.340000000000000   0.051510000000000
   1.360000000000000   0.080050000000000
   1.380000000000000   0.097580000000000
   1.400000000000000   0.091470000000000
   1.420000000000000   0.044650000000000
   1.440000000000000  -0.015020000000000
   1.460000000000000  -0.074990000000000
   1.480000000000000  -0.119260000000000
   1.500000000000000  -0.143020000000000
   1.520000000000000  -0.153860000000000
   1.540000000000000  -0.123550000000000
   1.560000000000000  -0.084230000000000
   1.580000000000000  -0.056620000000000
   1.600000000000000  -0.066070000000000
   1.620000000000000  -0.099040000000000
   1.640000000000000  -0.180140000000000
   1.660000000000000  -0.231080000000000
   1.680000000000000  -0.248300000000000
   1.700000000000000  -0.250440000000000
   1.720000000000000  -0.210930000000000
   1.740000000000000  -0.148990000000000
   1.760000000000000  -0.091660000000000
   1.780000000000000  -0.052030000000000
   1.800000000000000  -0.018360000000000
   1.820000000000000   0.045880000000000
   1.840000000000000   0.047080000000000
   1.860000000000000   0.048600000000000
   1.880000000000000   0.058130000000000
   1.900000000000000   0.046450000000000
   1.920000000000000  -0.000250000000000
   1.940000000000000  -0.045420000000000
   1.960000000000000  -0.080440000000000
   1.980000000000000  -0.103610000000000
   2.000000000000000  -0.113850000000000
   2.020000000000000  -0.072690000000000
   2.040000000000000  -0.021680000000000
   2.060000000000000   0.004000000000000
   2.080000000000000  -0.008510000000000
   2.100000000000000  -0.018300000000000
   2.120000000000000  -0.016950000000000
   2.140000000000000   0.012380000000000
   2.160000000000000   0.055040000000000
   2.180000000000000  -0.061650000000000
   2.200000000000000  -0.193530000000000
   2.220000000000000  -0.171380000000000
   2.240000000000000  -0.096250000000000
   2.260000000000000  -0.034420000000000
   2.280000000000000   0.001720000000000
   2.300000000000000   0.021380000000000
   2.320000000000000   0.066590000000000
   2.340000000000000   0.123710000000000
   2.360000000000000   0.084680000000000
   2.380000000000000   0.035940000000000
   2.400000000000000  -0.015000000000000
   2.420000000000000  -0.064050000000000
   2.440000000000000  -0.113360000000000
   2.460000000000000  -0.153370000000000
   2.480000000000000  -0.159140000000000
   2.500000000000000  -0.140910000000000
   2.520000000000000  -0.094880000000000
   2.540000000000000  -0.056500000000000
   2.560000000000000  -0.058130000000000
   2.580000000000000  -0.099650000000000
   2.600000000000000  -0.150900000000000
   2.620000000000000  -0.162890000000000
   2.640000000000000  -0.127760000000000
   2.660000000000000  -0.106450000000000
   2.680000000000000  -0.135720000000000
   2.700000000000000  -0.151470000000000
   2.720000000000000  -0.097800000000000
   2.740000000000000  -0.035980000000000
   2.760000000000000   0.013920000000000
   2.780000000000000   0.022340000000000
   2.800000000000000   0.056530000000000
   2.820000000000000   0.073760000000000
   2.840000000000000   0.037500000000000
   2.860000000000000  -0.005900000000000
   2.880000000000000  -0.055740000000000
   2.900000000000000  -0.107230000000000
   2.920000000000000  -0.123770000000000
   2.940000000000000  -0.102780000000000
   2.960000000000000  -0.048490000000000
   2.980000000000000  -0.005190000000000
   3.000000000000000  -0.008600000000000
   3.020000000000000  -0.061210000000000
   3.040000000000000  -0.137590000000000
   3.060000000000000  -0.144560000000000
   3.080000000000000  -0.120100000000000
   3.100000000000000  -0.131890000000000
   3.120000000000000  -0.142670000000000
   3.140000000000000  -0.135440000000000
   3.160000000000000  -0.065650000000000
   3.180000000000000   0.074080000000000
   3.200000000000000   0.187890000000000
   3.220000000000000   0.139620000000000
   3.240000000000000   0.058220000000000
   3.260000000000000  -0.033240000000000
   3.280000000000000  -0.071610000000000
   3.300000000000000  -0.089730000000000
   3.320000000000000  -0.150990000000000
   3.340000000000000  -0.160040000000000
   3.360000000000000  -0.134730000000000
   3.380000000000000  -0.094110000000000
   3.400000000000000  -0.049310000000000
   3.420000000000000   0.036710000000000
   3.440000000000000   0.092350000000000
   3.460000000000000   0.100600000000000
   3.480000000000000   0.078800000000000
   3.500000000000000   0.045600000000000
   3.520000000000000   0.035190000000000
   3.540000000000000   0.008740000000000
   3.560000000000000  -0.020300000000000
   3.580000000000000  -0.032190000000000
   3.600000000000000  -0.012770000000000
   3.620000000000000  -0.060880000000000
   3.640000000000000  -0.111180000000000
   3.660000000000000  -0.142030000000000
   3.680000000000000  -0.114430000000000
   3.700000000000000  -0.027790000000000
   3.720000000000000   0.009700000000000
   3.740000000000000   0.050540000000000
   3.760000000000000   0.078240000000000
   3.780000000000000   0.091790000000000
   3.800000000000000   0.070910000000000
   3.820000000000000   0.006770000000000
   3.840000000000000  -0.065210000000000
   3.860000000000000  -0.162640000000000
   3.880000000000000  -0.184060000000000
   3.900000000000000  -0.134790000000000
   3.920000000000000  -0.034960000000000
   3.940000000000000   0.020590000000000
   3.960000000000000   0.012370000000000
   3.980000000000000   0.039120000000000
   4.000000000000000   0.054610000000000
   4.020000000000001   0.054310000000000
   4.040000000000000   0.040440000000000
   4.060000000000001   0.031670000000000
   4.080000000000000   0.026670000000000
   4.100000000000000   0.017980000000000
   4.120000000000000   0.003610000000000
   4.140000000000000   0.003520000000000
   4.160000000000000   0.006520000000000
   4.180000000000000   0.007220000000000
   4.200000000000000  -0.001910000000000
   4.220000000000000  -0.011860000000000
   4.240000000000000  -0.025730000000000
   4.260000000000000  -0.103370000000000
   4.280000000000000  -0.132210000000000
   4.300000000000000  -0.115730000000000
   4.320000000000000  -0.105310000000000
   4.340000000000000  -0.112060000000000
   4.360000000000000  -0.053530000000000
   4.380000000000000   0.043960000000000
   4.400000000000000   0.159180000000000
   4.420000000000000   0.200280000000000
   4.440000000000000   0.188610000000000
   4.460000000000000   0.182900000000000
   4.480000000000000   0.129320000000000
   4.500000000000000   0.050240000000000
   4.520000000000001  -0.019420000000000
   4.540000000000000  -0.077550000000000
   4.560000000000001  -0.081530000000000
   4.580000000000000  -0.033830000000000
   4.600000000000001   0.038780000000000
   4.620000000000000   0.143540000000000
   4.640000000000000   0.171440000000000
   4.660000000000000   0.134800000000000
   4.680000000000000   0.139190000000000
   4.700000000000000   0.169240000000000
   4.720000000000000   0.097860000000000
   4.740000000000000  -0.019960000000000
   4.760000000000000   0.005980000000000
   4.780000000000000   0.051720000000000
   4.800000000000000   0.110720000000000
   4.820000000000000   0.143650000000000
   4.840000000000000   0.144540000000000
   4.860000000000000   0.108140000000000
   4.880000000000000   0.062130000000000
   4.900000000000000  -0.010050000000000
   4.920000000000000  -0.080590000000000
   4.940000000000000  -0.139370000000000
   4.960000000000000  -0.235750000000000
   4.980000000000000  -0.295590000000000
   5.000000000000000  -0.262660000000000
   5.020000000000001  -0.153410000000000
   5.040000000000000  -0.016920000000000
   5.060000000000001   0.119990000000000
   5.080000000000000   0.229670000000000
   5.100000000000001   0.237570000000000
   5.120000000000000   0.179930000000000
   5.140000000000000   0.131280000000000
   5.160000000000000   0.046640000000000
   5.180000000000000  -0.172980000000000
   5.200000000000000  -0.231870000000000
   5.220000000000000  -0.225530000000000
   5.240000000000000  -0.186190000000000
   5.260000000000000  -0.132150000000000
   5.280000000000000  -0.048530000000000
   5.300000000000000   0.072670000000000
   5.320000000000000   0.086750000000000
   5.340000000000000   0.098970000000000
   5.360000000000000  -0.041590000000000
   5.380000000000000  -0.160920000000000
   5.400000000000000  -0.259620000000000
   5.420000000000000  -0.257320000000000
   5.440000000000000  -0.259400000000000
   5.460000000000000  -0.264370000000000
   5.480000000000000  -0.232490000000000
   5.500000000000000  -0.171230000000000
   5.520000000000001  -0.069250000000000
   5.540000000000000  -0.019990000000000
   5.560000000000001  -0.056790000000000
   5.580000000000000  -0.174170000000000
   5.600000000000001  -0.143750000000000
   5.620000000000000   0.016560000000000
   5.640000000000000   0.186130000000000
   5.660000000000000   0.178900000000000
   5.680000000000000   0.185340000000000
   5.700000000000000   0.205520000000000
   5.720000000000000   0.214200000000000
   5.740000000000000   0.178010000000000
   5.760000000000000   0.087910000000000
   5.780000000000000  -0.048570000000000
   5.800000000000000  -0.104840000000000
   5.820000000000000  -0.086050000000000
   5.840000000000000   0.000030000000000
   5.860000000000000   0.097390000000000
   5.880000000000000   0.125580000000000
   5.900000000000000   0.143520000000000
   5.920000000000000   0.145350000000000
   5.940000000000000   0.106200000000000
   5.960000000000000   0.039610000000000
   5.980000000000000   0.019710000000000
   6.000000000000000   0.005940000000000
   6.020000000000001  -0.030650000000000
   6.040000000000000  -0.030400000000000
   6.060000000000001  -0.008690000000000
   6.080000000000000   0.059970000000000
   6.100000000000001   0.128790000000000
   6.120000000000000   0.188970000000000
   6.140000000000001   0.241380000000000
   6.160000000000000   0.208860000000000
   6.180000000000000   0.064310000000000
   6.200000000000000  -0.072270000000000
   6.220000000000000  -0.151790000000000
   6.240000000000000  -0.170640000000000
   6.260000000000000  -0.152850000000000
   6.280000000000000  -0.116140000000000
   6.300000000000000  -0.008770000000000
   6.320000000000000   0.114940000000000
   6.340000000000000   0.044840000000000
   6.360000000000000  -0.051960000000000
   6.380000000000000  -0.120120000000000
   6.400000000000000  -0.154150000000000
   6.420000000000000  -0.136920000000000
   6.440000000000000  -0.041590000000000
   6.460000000000000   0.068440000000000
   6.480000000000000  -0.041310000000000
   6.500000000000000  -0.104900000000000
   6.520000000000001  -0.127120000000000
   6.540000000000000  -0.069380000000000
   6.560000000000001  -0.051220000000000
   6.580000000000000  -0.056610000000000
   6.600000000000001  -0.064830000000000
   6.620000000000000  -0.073680000000000
   6.640000000000001  -0.098860000000000
   6.660000000000000  -0.142260000000000
   6.680000000000000  -0.195080000000000
   6.700000000000000  -0.174400000000000
   6.720000000000000  -0.063890000000000
   6.740000000000000   0.028210000000000
   6.760000000000000   0.118630000000000
   6.780000000000000   0.164010000000000
   6.800000000000000   0.168490000000000
   6.820000000000000   0.149780000000000
   6.840000000000000   0.143130000000000
   6.860000000000000   0.085670000000000
   6.880000000000000   0.012350000000000
   6.900000000000000  -0.052030000000000
   6.920000000000000  -0.104290000000000
   6.940000000000000  -0.205280000000000
   6.960000000000000  -0.319460000000000
   6.980000000000000  -0.599490000000000
   7.000000000000000  -0.471710000000000
   7.020000000000001  -0.198940000000000
   7.040000000000000   0.021050000000000
   7.060000000000001   0.194070000000000
   7.080000000000000   0.196220000000000
   7.100000000000001   0.145710000000000
   7.120000000000000   0.127330000000000
   7.140000000000001   0.132140000000000
   7.160000000000000   0.014130000000000
   7.180000000000000  -0.184440000000000
   7.200000000000000  -0.309400000000000
   7.220000000000000  -0.235740000000000
   7.240000000000000  -0.093690000000000
   7.260000000000000   0.056290000000000
   7.280000000000000   0.113710000000000
   7.300000000000000   0.018170000000000
   7.320000000000000  -0.079490000000000
   7.340000000000000  -0.185910000000000
   7.360000000000000  -0.190870000000000
   7.380000000000000  -0.177730000000000
   7.400000000000000  -0.160660000000000
   7.420000000000000  -0.119720000000000
   7.440000000000000  -0.067320000000000
   7.460000000000000  -0.007690000000000
   7.480000000000000   0.058940000000000
   7.500000000000000   0.171250000000000
   7.520000000000001   0.069590000000000
   7.540000000000000  -0.059330000000000
   7.560000000000001  -0.178200000000000
   7.580000000000000  -0.145080000000000
   7.600000000000001  -0.027370000000000
   7.620000000000000  -0.184330000000000
   7.640000000000001  -0.180600000000000
   7.660000000000000  -0.147360000000000
   7.680000000000000  -0.186990000000000
   7.700000000000000  -0.145900000000000
   7.720000000000000  -0.091920000000000
   7.740000000000000  -0.031500000000000
   7.760000000000000   0.058760000000000
   7.780000000000000   0.099650000000000
   7.800000000000000   0.025170000000000
   7.820000000000000  -0.030920000000000
   7.840000000000000  -0.071180000000000
   7.860000000000000  -0.064440000000000
   7.880000000000000   0.002690000000000
   7.900000000000000  -0.028850000000000
   7.920000000000000  -0.131780000000000
   7.940000000000000  -0.257400000000000
   7.960000000000000  -0.360800000000000
   7.980000000000000  -0.269370000000000
   8.000000000000000  -0.142270000000000
   8.020000000000000  -0.025060000000000
   8.040000000000001   0.026760000000000
   8.060000000000001   0.103890000000000
   8.080000000000000   0.206330000000000
   8.100000000000000   0.068270000000000
   8.120000000000001  -0.061390000000000
   8.140000000000001  -0.056890000000000
   8.160000000000000   0.030700000000000
   8.180000000000000   0.171380000000000
   8.199999999999999   0.081050000000000
   8.220000000000001   0.085520000000000
   8.240000000000000   0.170730000000000
   8.260000000000000   0.261760000000000
   8.279999999999999   0.370260000000000
   8.300000000000001   0.535760000000000
   8.320000000000000   0.400630000000000
   8.340000000000000   0.246350000000000
   8.359999999999999   0.071340000000000
   8.380000000000001   0.065950000000000
   8.400000000000000   0.069850000000000
   8.420000000000000  -0.033740000000000
   8.440000000000000  -0.148440000000000
   8.460000000000001  -0.196860000000000
   8.480000000000000  -0.192510000000000
   8.500000000000000  -0.210270000000000
   8.520000000000000  -0.179330000000000
   8.540000000000001  -0.047230000000000
   8.560000000000001  -0.178890000000000
   8.580000000000000  -0.259720000000000
   8.600000000000000  -0.287890000000000
   8.620000000000001  -0.285130000000000
   8.640000000000001  -0.272060000000000
   8.660000000000000  -0.252140000000000
   8.680000000000000  -0.232290000000000
   8.700000000000001  -0.177390000000000
   8.720000000000001  -0.073780000000000
   8.740000000000000   0.173800000000000
   8.760000000000000   0.235530000000000
   8.779999999999999   0.474520000000000
   8.800000000000001   0.484620000000000
   8.820000000000000   0.332900000000000
   8.840000000000000  -0.075970000000000
   8.859999999999999  -0.306350000000000
   8.880000000000001  -0.435840000000000
   8.900000000000000  -0.564270000000000
   8.920000000000000  -0.335640000000000
   8.940000000000000  -0.047020000000000
   8.960000000000001   0.090420000000000
   8.980000000000000   0.042610000000000
   9.000000000000000   0.131880000000000
   9.020000000000000   0.230620000000000
   9.040000000000001   0.197110000000000
   9.060000000000001   0.099770000000000
   9.080000000000002   0.006130000000000
   9.100000000000001  -0.075710000000000
   9.120000000000001  -0.168300000000000
   9.140000000000001  -0.272450000000000
   9.160000000000002  -0.386050000000000
   9.180000000000002  -0.229820000000000
   9.200000000000001  -0.033870000000000
   9.220000000000001   0.163340000000000
   9.240000000000002   0.173970000000000
   9.260000000000002   0.317160000000000
   9.280000000000001   0.389480000000000
   9.300000000000001   0.423860000000000
   9.320000000000002   0.411370000000000
   9.340000000000002   0.369090000000000
   9.360000000000001   0.267270000000000
   9.380000000000001   0.110470000000000
   9.400000000000000   0.084430000000000
   9.420000000000002   0.184850000000000
   9.440000000000001   0.144750000000000
   9.460000000000001   0.163660000000000
   9.480000000000000   0.359620000000000
   9.500000000000002   0.366500000000000
   9.520000000000001   0.172150000000000
   9.540000000000001   0.062400000000000
   9.560000000000001  -0.082670000000000
   9.580000000000002  -0.245310000000000
   9.600000000000001  -0.425420000000000
   9.620000000000001  -0.600680000000000
   9.640000000000001  -0.765010000000000
   9.660000000000002  -0.585910000000000
   9.680000000000002  -0.266620000000000
   9.700000000000001   0.296230000000000
   9.720000000000001   0.311490000000000
   9.740000000000002   0.378610000000000
   9.760000000000002   0.482760000000000
   9.780000000000001   0.551320000000000
   9.800000000000001   0.506490000000000
   9.820000000000002   0.270480000000000
   9.840000000000002   0.073160000000000
   9.860000000000001  -0.140600000000000
   9.880000000000001  -0.374100000000000
   9.900000000000002  -0.684960000000000
   9.920000000000002  -0.599190000000000
   9.940000000000001  -0.150750000000000
   9.960000000000001   0.914050000000000
   9.980000000000000   1.034140000000000
  10.000000000000002   1.144200000000000
  10.020000000000001   0.801970000000000
  10.040000000000001   0.450520000000000
  10.060000000000000   0.304220000000000
  10.080000000000002   0.028030000000000
  10.100000000000001  -0.236210000000000
  10.120000000000001  -0.431650000000000
  10.140000000000001  -0.671600000000000
  10.160000000000000  -0.936820000000000
  10.180000000000001  -1.121510000000000
  10.200000000000001  -1.418260000000000
  10.220000000000002  -1.569400000000000
  10.240000000000002  -1.262250000000000
  10.260000000000002  -1.097070000000000
  10.280000000000001  -1.089590000000000
  10.300000000000001  -0.972480000000000
  10.320000000000000  -0.258740000000000
  10.340000000000002   0.057570000000000
  10.360000000000001   0.153800000000000
  10.380000000000003   0.242640000000000
  10.400000000000002   0.362260000000000
  10.420000000000002   0.534880000000000
  10.440000000000001   0.746330000000000
  10.460000000000001   0.600110000000000
  10.480000000000000   0.209090000000000
  10.500000000000000  -0.499460000000000
  10.520000000000001  -0.806880000000000
  10.540000000000001  -1.150880000000000
  10.560000000000002  -1.501760000000000
  10.580000000000002  -1.242630000000000
  10.600000000000001  -0.421980000000000
  10.620000000000001  -0.186750000000000
  10.640000000000001   0.131710000000000
  10.660000000000000   0.437950000000000
  10.680000000000001  -0.444690000000000
  10.700000000000001  -0.781820000000000
  10.720000000000002  -1.060090000000000
  10.740000000000002  -1.421390000000000
  10.760000000000002  -1.234370000000000
  10.780000000000001  -0.248420000000000
  10.800000000000001   0.827400000000000
  10.820000000000000   1.237310000000000
  10.840000000000002   0.566770000000000
  10.860000000000001   0.793710000000000
  10.880000000000003   1.478640000000000
  10.900000000000002   1.879410000000000
  10.920000000000002   0.523620000000000
  10.940000000000001   0.332910000000000
  10.960000000000001   0.261560000000000
  10.980000000000000   0.154890000000000
  11.000000000000000   0.048120000000000
  11.020000000000001  -0.058910000000000
  11.040000000000001  -0.182810000000000
  11.060000000000002  -0.323590000000000
  11.080000000000002  -0.582400000000000
  11.100000000000001  -0.906060000000000
  11.120000000000001  -0.699750000000000
  11.140000000000001  -0.585770000000000
  11.160000000000000  -0.545560000000000
  11.180000000000001  -0.586400000000000
  11.200000000000001  -0.759950000000000
  11.220000000000002  -0.484620000000000
  11.240000000000002   0.141000000000000
  11.260000000000002   0.499350000000000
  11.280000000000001   1.232680000000000
  11.300000000000001   0.265090000000000
  11.320000000000000  -0.540850000000000
  11.340000000000002  -1.308450000000000
  11.360000000000001  -1.463040000000000
  11.380000000000003  -1.318280000000000
  11.400000000000002  -1.055310000000000
  11.420000000000002  -0.736320000000000
  11.440000000000001  -0.303770000000000
  11.460000000000001  -0.227880000000000
  11.480000000000000  -0.510330000000000
  11.500000000000000  -0.525830000000000
  11.520000000000001  -0.373780000000000
  11.540000000000001  -0.199510000000000
  11.560000000000002   0.585420000000000
  11.580000000000002   0.725490000000000
  11.600000000000001   0.605800000000000
  11.620000000000001   0.518910000000000
  11.640000000000001   0.407230000000000
  11.660000000000000   0.263200000000000
  11.680000000000001   0.037290000000000
  11.700000000000001  -0.074330000000000
  11.720000000000002  -0.165100000000000
  11.740000000000002  -0.222640000000000
  11.760000000000002  -0.142530000000000
  11.780000000000001  -0.031760000000000
  11.800000000000001   0.087130000000000
  11.820000000000000   0.207080000000000
  11.840000000000002   0.328070000000000
  11.860000000000001   0.588620000000000
  11.880000000000003   0.538100000000000
  11.900000000000002   0.442570000000000
  11.920000000000002   0.455080000000000
  11.940000000000001   0.532300000000000
  11.960000000000001   0.457610000000000
  11.980000000000000   0.356710000000000
  12.000000000000000   0.247060000000000
  12.020000000000001   0.086290000000000
  12.040000000000001  -0.133160000000000
  12.060000000000002  -0.313720000000000
  12.080000000000002  -0.224770000000000
  12.100000000000001   0.000500000000000
  12.120000000000001   0.226190000000000
  12.140000000000001   0.473750000000000
  12.160000000000000   0.864060000000000
  12.180000000000001   0.629050000000000
  12.200000000000001   0.437390000000000
  12.220000000000002   0.278400000000000
  12.240000000000002   0.036790000000000
  12.260000000000002  -0.327230000000000
  12.280000000000001  -0.624430000000000
  12.300000000000001  -0.883740000000000
  12.320000000000000  -1.075550000000000
  12.340000000000002  -1.277110000000000
  12.360000000000001  -1.283120000000000
  12.380000000000003  -0.896980000000000
  12.400000000000002  -0.289330000000000
  12.420000000000002   0.548040000000000
  12.440000000000001   1.300280000000000
  12.460000000000001   0.768480000000000
  12.480000000000000   0.161180000000000
  12.500000000000000  -0.378530000000000
  12.520000000000001  -0.361850000000000
  12.540000000000001  -0.227850000000000
  12.560000000000002  -0.336900000000000
  12.580000000000002  -0.645090000000000
  12.600000000000001  -0.210420000000000
  12.620000000000001   0.176000000000000
  12.640000000000001   0.143170000000000
  12.660000000000000  -0.057910000000000
  12.680000000000001  -0.124810000000000
  12.700000000000001  -0.045450000000000
  12.720000000000002   0.113760000000000
  12.740000000000002   0.168050000000000
  12.760000000000002   0.070310000000000
  12.780000000000001   0.109680000000000
  12.800000000000001   0.149040000000000
  12.820000000000000   0.365100000000000
  12.840000000000002   0.593730000000000
  12.860000000000001   0.156110000000000
  12.880000000000003  -0.182490000000000
  12.900000000000002  -0.377570000000000
  12.920000000000002  -0.427980000000000
  12.940000000000001  -0.113080000000000
  12.960000000000001  -0.097010000000000
  12.980000000000000  -0.262040000000000
  13.000000000000000  -0.366730000000000
  13.020000000000001  -0.467200000000000
  13.040000000000001  -0.356940000000000
  13.060000000000002  -0.217570000000000
  13.080000000000002  -0.172570000000000
  13.100000000000001  -0.211390000000000
  13.120000000000001  -0.351930000000000
  13.140000000000001  -0.684250000000000
  13.160000000000000  -0.520960000000000
  13.180000000000001  -0.150660000000000
  13.200000000000001   0.181610000000000
  13.220000000000002   0.254440000000000
  13.240000000000002   0.317690000000000
  13.260000000000002   0.353600000000000
  13.280000000000001   0.297170000000000
  13.300000000000001   0.228210000000000
  13.320000000000000   0.221340000000000
  13.340000000000002   0.090090000000000
  13.360000000000001  -0.186000000000000
  13.380000000000003  -0.447900000000000
  13.400000000000002  -0.575920000000000
  13.420000000000002  -0.587280000000000
  13.440000000000001  -0.486100000000000
  13.460000000000001  -0.305840000000000
  13.480000000000000   0.037450000000000
  13.500000000000000   0.306480000000000
  13.520000000000001   0.614270000000000
  13.540000000000001   0.189880000000000
  13.560000000000002   0.046870000000000
  13.580000000000002   0.014150000000000
  13.600000000000001  -0.016950000000000
  13.620000000000001  -0.065490000000000
  13.640000000000001  -0.166310000000000
  13.660000000000000  -0.261840000000000
  13.680000000000001  -0.320010000000000
  13.700000000000001  -0.243920000000000
  13.720000000000002  -0.130240000000000
  13.740000000000002   0.035930000000000
  13.760000000000002   0.184030000000000
  13.780000000000001   0.194210000000000
  13.800000000000001   0.146630000000000
  13.820000000000000   0.079800000000000
  13.840000000000002  -0.021470000000000
  13.860000000000001  -0.122730000000000
  13.880000000000003  -0.228970000000000
  13.900000000000002  -0.332050000000000
  13.920000000000002  -0.346050000000000
  13.940000000000001  -0.281250000000000
  13.960000000000001  -0.165010000000000
  13.980000000000000  -0.048770000000000
  14.000000000000002   0.083520000000000
  14.020000000000001   0.150400000000000
  14.040000000000001   0.153640000000000
  14.060000000000002   0.162200000000000
  14.080000000000002   0.286450000000000
  14.100000000000001   0.543500000000000
  14.120000000000001   0.748730000000000
  14.140000000000001   0.216490000000000
  14.160000000000002  -0.103570000000000
  14.180000000000001  -0.214350000000000
  14.200000000000001  -0.325130000000000
  14.220000000000002  -0.293050000000000
  14.240000000000002  -0.271310000000000
  14.260000000000002  -0.313970000000000
  14.280000000000001  -0.265650000000000
  14.300000000000001  -0.104870000000000
  14.320000000000000   0.140080000000000
  14.340000000000002   0.314060000000000
  14.360000000000001   0.350680000000000
  14.380000000000001   0.320930000000000
  14.400000000000002   0.271960000000000
  14.420000000000002   0.134170000000000
  14.440000000000001   0.103960000000000
  14.460000000000001   0.064410000000000
  14.480000000000000   0.023130000000000
  14.500000000000002   0.004230000000000
  14.520000000000001  -0.100740000000000
  14.540000000000001  -0.201310000000000
  14.560000000000002  -0.272350000000000
  14.580000000000002  -0.235960000000000
  14.600000000000001  -0.180570000000000
  14.620000000000001  -0.068160000000000
  14.640000000000001  -0.005080000000000
  14.660000000000002  -0.070420000000000
  14.680000000000001  -0.134760000000000
  14.700000000000001  -0.149440000000000
  14.720000000000002  -0.082360000000000
  14.740000000000002   0.016180000000000
  14.760000000000002   0.121510000000000
  14.780000000000001   0.173380000000000
  14.800000000000001   0.166580000000000
  14.820000000000000   0.140540000000000
  14.840000000000002   0.184840000000000
  14.860000000000001   0.229140000000000
  14.880000000000001   0.270780000000000
  14.900000000000002   0.264260000000000
  14.920000000000002   0.208000000000000
  14.940000000000001   0.181780000000000
  14.960000000000001   0.128790000000000
  14.980000000000000   0.065080000000000
  15.000000000000002   0.013150000000000
  15.020000000000001  -0.044480000000000
  15.040000000000001  -0.130950000000000
  15.060000000000002  -0.217420000000000
  15.080000000000002  -0.261450000000000
  15.100000000000001  -0.305480000000000
  15.120000000000001  -0.358920000000000
  15.140000000000001  -0.452660000000000
  15.160000000000002  -0.468550000000000
  15.180000000000001  -0.430700000000000
  15.200000000000001  -0.257300000000000
  15.220000000000002  -0.058420000000000
  15.240000000000002  -0.110220000000000
  15.260000000000002  -0.148520000000000
  15.280000000000001  -0.063350000000000
  15.300000000000001   0.057350000000000
  15.320000000000000   0.133620000000000
  15.340000000000002   0.076610000000000
  15.360000000000001   0.124330000000000
  15.380000000000001   0.206950000000000
  15.400000000000002   0.256650000000000
  15.420000000000002   0.195660000000000
  15.440000000000001   0.100290000000000
  15.460000000000001   0.018500000000000
  15.480000000000000  -0.022600000000000
  15.500000000000002  -0.063690000000000
  15.520000000000001  -0.107850000000000
  15.540000000000001  -0.152000000000000
  15.560000000000002  -0.233160000000000
  15.580000000000002  -0.172280000000000
  15.600000000000001   0.074890000000000
  15.620000000000001  -0.105590000000000
  15.640000000000001  -0.023070000000000
  15.660000000000002   0.128650000000000
  15.680000000000001   0.199000000000000
  15.700000000000001   0.216610000000000
  15.720000000000002   0.212510000000000
  15.740000000000002   0.208410000000000
  15.760000000000002   0.157210000000000
  15.780000000000001   0.084370000000000
  15.800000000000001   0.016090000000000
  15.820000000000000  -0.027450000000000
  15.840000000000002  -0.108010000000000
  15.860000000000001  -0.118530000000000
  15.880000000000001  -0.141580000000000
  15.900000000000002  -0.211270000000000
  15.920000000000002  -0.222760000000000
  15.940000000000001  -0.115890000000000
  15.960000000000001  -0.009030000000000
  15.980000000000000   0.006990000000000
  16.000000000000000  -0.022470000000000
  16.020000000000003   0.010540000000000
  16.040000000000003   0.064360000000000
  16.060000000000002  -0.005150000000000
  16.080000000000002  -0.093860000000000
  16.100000000000001  -0.175270000000000
  16.120000000000001  -0.220630000000000
  16.140000000000001  -0.253980000000000
  16.160000000000000  -0.232960000000000
  16.180000000000000  -0.175830000000000
  16.200000000000003  -0.100700000000000
  16.220000000000002   0.101550000000000
  16.240000000000002   0.260230000000000
  16.260000000000002   0.244540000000000
  16.280000000000001   0.185250000000000
  16.300000000000001   0.086830000000000
  16.320000000000000  -0.040380000000000
  16.340000000000000  -0.164060000000000
  16.360000000000003  -0.289260000000000
  16.380000000000003  -0.357080000000000
  16.400000000000002  -0.427850000000000
  16.420000000000002  -0.317870000000000
  16.440000000000001  -0.108380000000000
  16.460000000000001   0.102810000000000
  16.480000000000000   0.202960000000000
  16.500000000000000   0.241710000000000
  16.520000000000003   0.234170000000000
  16.540000000000003   0.154120000000000
  16.560000000000002   0.038780000000000
  16.580000000000002  -0.066190000000000
  16.600000000000001  -0.139850000000000
  16.620000000000001  -0.222720000000000
  16.640000000000001  -0.197010000000000
  16.660000000000000  -0.186380000000000
  16.680000000000000  -0.150000000000000
  16.700000000000003  -0.102220000000000
  16.720000000000002  -0.020240000000000
  16.740000000000002   0.079660000000000
  16.760000000000002   0.170990000000000
  16.780000000000001   0.134330000000000
  16.800000000000001   0.038550000000000
  16.820000000000000  -0.052830000000000
  16.840000000000000  -0.151360000000000
  16.860000000000003  -0.274330000000000
  16.880000000000003  -0.265170000000000
  16.900000000000002  -0.082560000000000
  16.920000000000002   0.100050000000000
  16.940000000000001   0.449820000000000
  16.960000000000001   0.549440000000000
  16.980000000000000   0.546320000000000
  17.000000000000000   0.543200000000000
  17.020000000000003   0.502810000000000
  17.040000000000003   0.354480000000000
  17.060000000000002   0.296010000000000
  17.080000000000002   0.219630000000000
  17.100000000000001   0.085760000000000
  17.120000000000001  -0.089150000000000
  17.140000000000001  -0.241960000000000
  17.160000000000000  -0.183210000000000
  17.180000000000000  -0.124460000000000
  17.200000000000003  -0.038570000000000
  17.220000000000002   0.080530000000000
  17.240000000000002   0.181700000000000
  17.260000000000002   0.213660000000000
  17.280000000000001   0.116520000000000
  17.300000000000001   0.013690000000000
  17.320000000000000  -0.065580000000000
  17.340000000000000  -0.039970000000000
  17.360000000000003   0.016920000000000
  17.380000000000003   0.017810000000000
  17.400000000000002  -0.013810000000000
  17.420000000000002   0.011160000000000
  17.440000000000001   0.039220000000000
  17.460000000000001   0.067870000000000
  17.480000000000000   0.096720000000000
  17.500000000000000   0.134670000000000
  17.520000000000003   0.176320000000000
  17.540000000000003   0.209950000000000
  17.560000000000002   0.200730000000000
  17.580000000000002   0.189120000000000
  17.600000000000001   0.108030000000000
  17.620000000000001   0.020230000000000
  17.640000000000001  -0.033570000000000
  17.660000000000000  -0.053370000000000
  17.680000000000000  -0.042250000000000
  17.700000000000003  -0.020830000000000
  17.720000000000002   0.000590000000000
  17.740000000000002   0.041880000000000
  17.760000000000002   0.083170000000000
  17.780000000000001   0.110500000000000
  17.800000000000001   0.123850000000000
  17.820000000000000   0.018460000000000
  17.840000000000000  -0.088540000000000
  17.860000000000003  -0.182030000000000
  17.880000000000003  -0.230140000000000
  17.900000000000002  -0.256250000000000
  17.920000000000002  -0.216350000000000
  17.940000000000001  -0.176440000000000
  17.960000000000001  -0.100070000000000
  17.980000000000000  -0.018040000000000
  18.000000000000000   0.044480000000000
  18.020000000000003   0.126100000000000
  18.040000000000003   0.136570000000000
  18.060000000000002   0.076650000000000
  18.080000000000002  -0.017770000000000
  18.100000000000001  -0.112180000000000